0	 1	 66	
 5.00000000e+03	  0.00000000e+00	  0.00000000e+00	  0.00000000e+00	  1.23951416e+04	 -2.11252417e+03	
 0.00000000e+00	  5.00000000e+03	  0.00000000e+00	 -1.23951416e+04	  0.00000000e+00	 -2.36665985e+02	
 0.00000000e+00	  0.00000000e+00	  5.00000000e+03	  2.11252417e+03	  2.36665985e+02	  0.00000000e+00	
 0.00000000e+00	 -1.23951416e+04	  2.11252417e+03	  3.26749297e+04	  3.67516113e+02	  1.13798608e+03	
 1.23951416e+04	  0.00000000e+00	  2.36665985e+02	  3.67516113e+02	  3.39084766e+04	 -5.25162549e+03	
-2.11252417e+03	 -2.36665985e+02	  0.00000000e+00	  1.13798608e+03	 -5.25162549e+03	  3.73464648e+03	
0	 2	 66	
 5.00000000e+03	  0.00000000e+00	  0.00000000e+00	  0.00000000e+00	  1.17470967e+04	 -1.73372302e+03	
 0.00000000e+00	  5.00000000e+03	  0.00000000e+00	 -1.17470967e+04	  0.00000000e+00	  2.16849829e+03	
 0.00000000e+00	  0.00000000e+00	  5.00000000e+03	  1.73372302e+03	 -2.16849829e+03	  0.00000000e+00	
 0.00000000e+00	 -1.17470967e+04	  1.73372302e+03	  2.89316621e+04	 -8.93528625e+02	 -5.23090527e+03	
 1.17470967e+04	  0.00000000e+00	 -2.16849829e+03	 -8.93528625e+02	  2.95379727e+04	 -3.91193872e+03	
-1.73372302e+03	  2.16849829e+03	  0.00000000e+00	 -5.23090527e+03	 -3.91193872e+03	  2.53466821e+03	
0	 5	 66	
 5.00000000e+03	  0.00000000e+00	  0.00000000e+00	  0.00000000e+00	  1.14552891e+04	 -2.53272876e+03	
 0.00000000e+00	  5.00000000e+03	  0.00000000e+00	 -1.14552891e+04	  0.00000000e+00	  3.19154395e+03	
 0.00000000e+00	  0.00000000e+00	  5.00000000e+03	  2.53272876e+03	 -3.19154395e+03	  0.00000000e+00	
 0.00000000e+00	 -1.14552891e+04	  2.53272876e+03	  2.83201074e+04	 -1.64280408e+03	 -7.62473828e+03	
 1.14552891e+04	  0.00000000e+00	 -3.19154395e+03	 -1.64280408e+03	  2.93637148e+04	 -5.68803760e+03	
-2.53272876e+03	  3.19154395e+03	  0.00000000e+00	 -7.62473828e+03	 -5.68803760e+03	  4.12277881e+03	
0	 6	 66	
 5.00000000e+03	  0.00000000e+00	  0.00000000e+00	  0.00000000e+00	  1.17114873e+04	 -1.80889038e+03	
 0.00000000e+00	  5.00000000e+03	  0.00000000e+00	 -1.17114873e+04	  0.00000000e+00	  2.38665747e+03	
 0.00000000e+00	  0.00000000e+00	  5.00000000e+03	  1.80889038e+03	 -2.38665747e+03	  0.00000000e+00	
 0.00000000e+00	 -1.17114873e+04	  1.80889038e+03	  2.88161230e+04	 -9.85045166e+02	 -5.80406641e+03	
 1.17114873e+04	  0.00000000e+00	 -2.38665747e+03	 -9.85045166e+02	  2.97312598e+04	 -4.08981152e+03	
-1.80889038e+03	  2.38665747e+03	  0.00000000e+00	 -5.80406641e+03	 -4.08981152e+03	  2.88816553e+03	
0	 7	 66	
 5.00000000e+03	  0.00000000e+00	  0.00000000e+00	  0.00000000e+00	  1.20020469e+04	 -1.32983936e+03	
 0.00000000e+00	  5.00000000e+03	  0.00000000e+00	 -1.20020469e+04	  0.00000000e+00	  2.21736987e+03	
 0.00000000e+00	  0.00000000e+00	  5.00000000e+03	  1.32983936e+03	 -2.21736987e+03	  0.00000000e+00	
 0.00000000e+00	 -1.20020469e+04	  1.32983936e+03	  2.96409922e+04	 -7.42724426e+02	 -5.53426709e+03	
 1.20020469e+04	  0.00000000e+00	 -2.21736987e+03	 -7.42724426e+02	  3.07961680e+04	 -3.12015186e+03	
-1.32983936e+03	  2.21736987e+03	  0.00000000e+00	 -5.53426709e+03	 -3.12015186e+03	  2.38530908e+03	
0	 34	 66	
 5.00000000e+03	  0.00000000e+00	  0.00000000e+00	  0.00000000e+00	  1.09637100e+04	 -2.52181055e+03	
 0.00000000e+00	  5.00000000e+03	  0.00000000e+00	 -1.09637100e+04	  0.00000000e+00	  3.82660431e+02	
 0.00000000e+00	  0.00000000e+00	  5.00000000e+03	  2.52181055e+03	 -3.82660431e+02	  0.00000000e+00	
 0.00000000e+00	 -1.09637100e+04	  2.52181055e+03	  2.59408535e+04	 -2.54352264e+01	 -9.84322144e+02	
 1.09637100e+04	  0.00000000e+00	 -3.82660431e+02	 -2.54352264e+01	  2.59120410e+04	 -5.46231982e+03	
-2.52181055e+03	  3.82660431e+02	  0.00000000e+00	 -9.84322144e+02	 -5.46231982e+03	  3.19358911e+03	
0	 35	 66	
 5.00000000e+03	  0.00000000e+00	  0.00000000e+00	  0.00000000e+00	  1.16038389e+04	 -2.04726013e+03	
 0.00000000e+00	  5.00000000e+03	  0.00000000e+00	 -1.16038389e+04	  0.00000000e+00	  7.42821106e+02	
 0.00000000e+00	  0.00000000e+00	  5.00000000e+03	  2.04726013e+03	 -7.42821106e+02	  0.00000000e+00	
 0.00000000e+00	 -1.16038389e+04	  2.04726013e+03	  2.85682578e+04	 -1.07967598e+02	 -2.11804761e+03	
 1.16038389e+04	  0.00000000e+00	 -7.42821106e+02	 -1.07967598e+02	  2.90886641e+04	 -4.59100049e+03	
-2.04726013e+03	  7.42821106e+02	  0.00000000e+00	 -2.11804761e+03	 -4.59100049e+03	  3.03351587e+03	
0	 36	 66	
 5.00000000e+03	  0.00000000e+00	  0.00000000e+00	  0.00000000e+00	  1.18151924e+04	 -1.85979248e+03	
 0.00000000e+00	  5.00000000e+03	  0.00000000e+00	 -1.18151924e+04	  0.00000000e+00	  2.09402954e+03	
 0.00000000e+00	  0.00000000e+00	  5.00000000e+03	  1.85979248e+03	 -2.09402954e+03	  0.00000000e+00	
 0.00000000e+00	 -1.18151924e+04	  1.85979248e+03	  2.93421602e+04	 -7.80081909e+02	 -5.19504150e+03	
 1.18151924e+04	  0.00000000e+00	 -2.09402954e+03	 -7.80081909e+02	  3.02233496e+04	 -4.26095703e+03	
-1.85979248e+03	  2.09402954e+03	  0.00000000e+00	 -5.19504150e+03	 -4.26095703e+03	  3.02707300e+03	
0	 37	 66	
 5.00000000e+03	  0.00000000e+00	  0.00000000e+00	  0.00000000e+00	  1.15824590e+04	 -2.11361914e+03	
 0.00000000e+00	  5.00000000e+03	  0.00000000e+00	 -1.15824590e+04	  0.00000000e+00	  2.52106592e+03	
 0.00000000e+00	  0.00000000e+00	  5.00000000e+03	  2.11361914e+03	 -2.52106592e+03	  0.00000000e+00	
 0.00000000e+00	 -1.15824590e+04	  2.11361914e+03	  2.86408457e+04	 -1.02462292e+03	 -6.04597266e+03	
 1.15824590e+04	  0.00000000e+00	 -2.52106592e+03	 -1.02462292e+03	  2.93177422e+04	 -4.66221240e+03	
-2.11361914e+03	  2.52106592e+03	  0.00000000e+00	 -6.04597266e+03	 -4.66221240e+03	  3.37729199e+03	
0	 38	 66	
 5.00000000e+03	  0.00000000e+00	  0.00000000e+00	  0.00000000e+00	  1.21330518e+04	 -1.72244141e+03	
 0.00000000e+00	  5.00000000e+03	  0.00000000e+00	 -1.21330518e+04	  0.00000000e+00	  3.27274902e+03	
 0.00000000e+00	  0.00000000e+00	  5.00000000e+03	  1.72244141e+03	 -3.27274902e+03	  0.00000000e+00	
 0.00000000e+00	 -1.21330518e+04	  1.72244141e+03	  3.06669551e+04	 -1.15560583e+03	 -8.06435596e+03	
 1.21330518e+04	  0.00000000e+00	 -3.27274902e+03	 -1.15560583e+03	  3.22265273e+04	 -4.07448218e+03	
-1.72244141e+03	  3.27274902e+03	  0.00000000e+00	 -8.06435596e+03	 -4.07448218e+03	  3.50048462e+03	
0	 45	 66	
 5.00000000e+03	  0.00000000e+00	  0.00000000e+00	  0.00000000e+00	  1.25160215e+04	 -1.44908569e+03	
 0.00000000e+00	  5.00000000e+03	  0.00000000e+00	 -1.25160215e+04	  0.00000000e+00	  3.83590332e+03	
 0.00000000e+00	  0.00000000e+00	  5.00000000e+03	  1.44908569e+03	 -3.83590332e+03	  0.00000000e+00	
 0.00000000e+00	 -1.25160215e+04	  1.44908569e+03	  3.21850215e+04	 -1.25773303e+03	 -9.83575391e+03	
 1.25160215e+04	  0.00000000e+00	 -3.83590332e+03	 -1.25773303e+03	  3.50395273e+04	 -3.66817456e+03	
-1.44908569e+03	  3.83590332e+03	  0.00000000e+00	 -9.83575391e+03	 -3.66817456e+03	  4.07238306e+03	
0	 46	 66	
 5.00000000e+03	  0.00000000e+00	  0.00000000e+00	  0.00000000e+00	  1.12977100e+04	 -2.33445532e+03	
 0.00000000e+00	  5.00000000e+03	  0.00000000e+00	 -1.12977100e+04	  0.00000000e+00	  2.67696484e+03	
 0.00000000e+00	  0.00000000e+00	  5.00000000e+03	  2.33445532e+03	 -2.67696484e+03	  0.00000000e+00	
 0.00000000e+00	 -1.12977100e+04	  2.33445532e+03	  2.74777324e+04	 -1.20398486e+03	 -6.23158887e+03	
 1.12977100e+04	  0.00000000e+00	 -2.67696484e+03	 -1.20398486e+03	  2.79227656e+04	 -5.04861670e+03	
-2.33445532e+03	  2.67696484e+03	  0.00000000e+00	 -6.23158887e+03	 -5.04861670e+03	  3.37669751e+03	
0	 47	 66	
 5.00000000e+03	  0.00000000e+00	  0.00000000e+00	  0.00000000e+00	  1.12458164e+04	 -2.47930981e+03	
 0.00000000e+00	  5.00000000e+03	  0.00000000e+00	 -1.12458164e+04	  0.00000000e+00	  2.63376562e+03	
 0.00000000e+00	  0.00000000e+00	  5.00000000e+03	  2.47930981e+03	 -2.63376562e+03	  0.00000000e+00	
 0.00000000e+00	 -1.12458164e+04	  2.47930981e+03	  2.76390293e+04	 -1.05919934e+03	 -6.31524121e+03	
 1.12458164e+04	  0.00000000e+00	 -2.63376562e+03	 -1.05919934e+03	  2.81897031e+04	 -5.27796094e+03	
-2.47930981e+03	  2.63376562e+03	  0.00000000e+00	 -6.31524121e+03	 -5.27796094e+03	  3.94172900e+03	
0	 48	 66	
 5.00000000e+03	  0.00000000e+00	  0.00000000e+00	  0.00000000e+00	  1.11209160e+04	 -2.65637183e+03	
 0.00000000e+00	  5.00000000e+03	  0.00000000e+00	 -1.11209160e+04	  0.00000000e+00	  1.78584668e+03	
 0.00000000e+00	  0.00000000e+00	  5.00000000e+03	  2.65637183e+03	 -1.78584668e+03	  0.00000000e+00	
 0.00000000e+00	 -1.11209160e+04	  2.65637183e+03	  2.71322539e+04	 -7.34896545e+02	 -4.26008398e+03	
 1.11209160e+04	  0.00000000e+00	 -1.78584668e+03	 -7.34896545e+02	  2.68636621e+04	 -5.67953906e+03	
-2.65637183e+03	  1.78584668e+03	  0.00000000e+00	 -4.26008398e+03	 -5.67953906e+03	  3.41580322e+03	
0	 49	 66	
 5.00000000e+03	  0.00000000e+00	  0.00000000e+00	  0.00000000e+00	  1.13012891e+04	 -2.04984521e+03	
 0.00000000e+00	  5.00000000e+03	  0.00000000e+00	 -1.13012891e+04	  0.00000000e+00	  1.51446582e+03	
 0.00000000e+00	  0.00000000e+00	  5.00000000e+03	  2.04984521e+03	 -1.51446582e+03	  0.00000000e+00	
 0.00000000e+00	 -1.13012891e+04	  2.04984521e+03	  2.71672559e+04	 -6.20603088e+02	 -3.63215234e+03	
 1.13012891e+04	  0.00000000e+00	 -1.51446582e+03	 -6.20603088e+02	  2.72547031e+04	 -4.43591113e+03	
-2.04984521e+03	  1.51446582e+03	  0.00000000e+00	 -3.63215234e+03	 -4.43591113e+03	  2.55155640e+03	
1	 2	 66	
 5.00000000e+03	  0.00000000e+00	  0.00000000e+00	  0.00000000e+00	  1.23730703e+04	 -1.88552856e+03	
 0.00000000e+00	  5.00000000e+03	  0.00000000e+00	 -1.23730703e+04	  0.00000000e+00	  3.78520605e+03	
 0.00000000e+00	  0.00000000e+00	  5.00000000e+03	  1.88552856e+03	 -3.78520605e+03	  0.00000000e+00	
 0.00000000e+00	 -1.23730703e+04	  1.88552856e+03	  3.21918672e+04	 -1.67179834e+03	 -9.68557324e+03	
 1.23730703e+04	  0.00000000e+00	 -3.78520605e+03	 -1.67179834e+03	  3.50599531e+04	 -4.55376953e+03	
-1.88552856e+03	  3.78520605e+03	  0.00000000e+00	 -9.68557324e+03	 -4.55376953e+03	  4.90419678e+03	
1	 3	 66	
 5.00000000e+03	  0.00000000e+00	  0.00000000e+00	  0.00000000e+00	  1.26816807e+04	 -2.42220508e+03	
 0.00000000e+00	  5.00000000e+03	  0.00000000e+00	 -1.26816807e+04	  0.00000000e+00	  5.15248438e+03	
 0.00000000e+00	  0.00000000e+00	  5.00000000e+03	  2.42220508e+03	 -5.15248438e+03	  0.00000000e+00	
 0.00000000e+00	 -1.26816807e+04	  2.42220508e+03	  3.40968164e+04	 -2.45262915e+03	 -1.33100869e+04	
 1.26816807e+04	  0.00000000e+00	 -5.15248438e+03	 -2.45262915e+03	  3.84724570e+04	 -5.97177051e+03	
-2.42220508e+03	  5.15248438e+03	  0.00000000e+00	 -1.33100869e+04	 -5.97177051e+03	  7.02676611e+03	
1	 5	 66	
 5.00000000e+03	  0.00000000e+00	  0.00000000e+00	  0.00000000e+00	  1.26415977e+04	 -2.27950781e+03	
 0.00000000e+00	  5.00000000e+03	  0.00000000e+00	 -1.26415977e+04	  0.00000000e+00	  4.91016846e+03	
 0.00000000e+00	  0.00000000e+00	  5.00000000e+03	  2.27950781e+03	 -4.91016846e+03	  0.00000000e+00	
 0.00000000e+00	 -1.26415977e+04	  2.27950781e+03	  3.38227891e+04	 -2.26020435e+03	 -1.27350615e+04	
 1.26415977e+04	  0.00000000e+00	 -4.91016846e+03	 -2.26020435e+03	  3.79782891e+04	 -5.62458057e+03	
-2.27950781e+03	  4.91016846e+03	  0.00000000e+00	 -1.27350615e+04	 -5.62458057e+03	  6.58112695e+03	
1	 6	 66	
 5.00000000e+03	  0.00000000e+00	  0.00000000e+00	  0.00000000e+00	  1.24870762e+04	 -1.91335083e+03	
 0.00000000e+00	  5.00000000e+03	  0.00000000e+00	 -1.24870762e+04	  0.00000000e+00	  4.02833228e+03	
 0.00000000e+00	  0.00000000e+00	  5.00000000e+03	  1.91335083e+03	 -4.02833228e+03	  0.00000000e+00	
 0.00000000e+00	 -1.24870762e+04	  1.91335083e+03	  3.27149102e+04	 -1.71227209e+03	 -1.04198242e+04	
 1.24870762e+04	  0.00000000e+00	 -4.02833228e+03	 -1.71227209e+03	  3.58101406e+04	 -4.69205518e+03	
-1.91335083e+03	  4.02833228e+03	  0.00000000e+00	 -1.04198242e+04	 -4.69205518e+03	  5.07901807e+03	
1	 7	 66	
 5.00000000e+03	  0.00000000e+00	  0.00000000e+00	  0.00000000e+00	  1.25634453e+04	 -1.63315063e+03	
 0.00000000e+00	  5.00000000e+03	  0.00000000e+00	 -1.25634453e+04	  0.00000000e+00	  3.99168848e+03	
 0.00000000e+00	  0.00000000e+00	  5.00000000e+03	  1.63315063e+03	 -3.99168848e+03	  0.00000000e+00	
 0.00000000e+00	 -1.25634453e+04	  1.63315063e+03	  3.28066055e+04	 -1.60081934e+03	 -1.03527969e+04	
 1.25634453e+04	  0.00000000e+00	 -3.99168848e+03	 -1.60081934e+03	  3.61744492e+04	 -4.06324463e+03	
-1.63315063e+03	  3.99168848e+03	  0.00000000e+00	 -1.03527969e+04	 -4.06324463e+03	  5.02939795e+03	
1	 34	 66	
 5.00000000e+03	  0.00000000e+00	  0.00000000e+00	  0.00000000e+00	  1.10246904e+04	 -2.01944543e+03	
 0.00000000e+00	  5.00000000e+03	  0.00000000e+00	 -1.10246904e+04	  0.00000000e+00	  4.61169708e+02	
 0.00000000e+00	  0.00000000e+00	  5.00000000e+03	  2.01944543e+03	 -4.61169708e+02	  0.00000000e+00	
 0.00000000e+00	 -1.10246904e+04	  2.01944543e+03	  2.56759883e+04	 -4.20173553e+02	 -1.23583740e+03	
 1.10246904e+04	  0.00000000e+00	 -4.61169708e+02	 -4.20173553e+02	  2.58875078e+04	 -4.44678271e+03	
-2.01944543e+03	  4.61169708e+02	  0.00000000e+00	 -1.23583740e+03	 -4.44678271e+03	  2.44075708e+03	
1	 35	 66	
 5.00000000e+03	  0.00000000e+00	  0.00000000e+00	  0.00000000e+00	  1.21514756e+04	 -1.64075867e+03	
 0.00000000e+00	  5.00000000e+03	  0.00000000e+00	 -1.21514756e+04	  0.00000000e+00	  2.30122583e+03	
 0.00000000e+00	  0.00000000e+00	  5.00000000e+03	  1.64075867e+03	 -2.30122583e+03	  0.00000000e+00	
 0.00000000e+00	 -1.21514756e+04	  1.64075867e+03	  3.09489082e+04	 -1.00303534e+03	 -6.32014307e+03	
 1.21514756e+04	  0.00000000e+00	 -2.30122583e+03	 -1.00303534e+03	  3.30245664e+04	 -3.94548657e+03	
-1.64075867e+03	  2.30122583e+03	  0.00000000e+00	 -6.32014307e+03	 -3.94548657e+03	  3.76123950e+03	
1	 36	 66	
 5.00000000e+03	  0.00000000e+00	  0.00000000e+00	  0.00000000e+00	  1.21651094e+04	 -1.85699133e+03	
 0.00000000e+00	  5.00000000e+03	  0.00000000e+00	 -1.21651094e+04	  0.00000000e+00	  3.10236157e+03	
 0.00000000e+00	  0.00000000e+00	  5.00000000e+03	  1.85699133e+03	 -3.10236157e+03	  0.00000000e+00	
 0.00000000e+00	 -1.21651094e+04	  1.85699133e+03	  3.10153320e+04	 -1.39600964e+03	 -7.97658496e+03	
 1.21651094e+04	  0.00000000e+00	 -3.10236157e+03	 -1.39600964e+03	  3.33411602e+04	 -4.44194092e+03	
-1.85699133e+03	  3.10236157e+03	  0.00000000e+00	 -7.97658496e+03	 -4.44194092e+03	  4.30130518e+03	
1	 37	 66	
 5.00000000e+03	  0.00000000e+00	  0.00000000e+00	  0.00000000e+00	  1.22885498e+04	 -2.02106006e+03	
 0.00000000e+00	  5.00000000e+03	  0.00000000e+00	 -1.22885498e+04	  0.00000000e+00	  3.62883423e+03	
 0.00000000e+00	  0.00000000e+00	  5.00000000e+03	  2.02106006e+03	 -3.62883423e+03	  0.00000000e+00	
 0.00000000e+00	 -1.22885498e+04	  2.02106006e+03	  3.18602930e+04	 -1.52888232e+03	 -9.36880762e+03	
 1.22885498e+04	  0.00000000e+00	 -3.62883423e+03	 -1.52888232e+03	  3.44180391e+04	 -4.84010059e+03	
-2.02106006e+03	  3.62883423e+03	  0.00000000e+00	 -9.36880762e+03	 -4.84010059e+03	  4.71761865e+03	
1	 38	 66	
 5.00000000e+03	  0.00000000e+00	  0.00000000e+00	  0.00000000e+00	  1.28508867e+04	 -1.91660815e+03	
 0.00000000e+00	  5.00000000e+03	  0.00000000e+00	 -1.28508867e+04	  0.00000000e+00	  4.55577832e+03	
 0.00000000e+00	  0.00000000e+00	  5.00000000e+03	  1.91660815e+03	 -4.55577832e+03	  0.00000000e+00	
 0.00000000e+00	 -1.28508867e+04	  1.91660815e+03	  3.44661406e+04	 -1.79802844e+03	 -1.19568096e+04	
 1.28508867e+04	  0.00000000e+00	 -4.55577832e+03	 -1.79802844e+03	  3.80982344e+04	 -4.83391309e+03	
-1.91660815e+03	  4.55577832e+03	  0.00000000e+00	 -1.19568096e+04	 -4.83391309e+03	  5.61896387e+03	
1	 45	 66	
 5.00000000e+03	  0.00000000e+00	  0.00000000e+00	  0.00000000e+00	  1.35193398e+04	 -1.54415796e+03	
 0.00000000e+00	  5.00000000e+03	  0.00000000e+00	 -1.35193398e+04	  0.00000000e+00	  5.11125977e+03	
 0.00000000e+00	  0.00000000e+00	  5.00000000e+03	  1.54415796e+03	 -5.11125977e+03	  0.00000000e+00	
 0.00000000e+00	 -1.35193398e+04	  1.54415796e+03	  3.75718477e+04	 -1.72678198e+03	 -1.40591475e+04	
 1.35193398e+04	  0.00000000e+00	 -5.11125977e+03	 -1.72678198e+03	  4.26145078e+04	 -4.21436816e+03	
-1.54415796e+03	  5.11125977e+03	  0.00000000e+00	 -1.40591475e+04	 -4.21436816e+03	  6.34685254e+03	
1	 46	 66	
 5.00000000e+03	  0.00000000e+00	  0.00000000e+00	  0.00000000e+00	  1.23601387e+04	 -2.23094678e+03	
 0.00000000e+00	  5.00000000e+03	  0.00000000e+00	 -1.23601387e+04	  0.00000000e+00	  4.39761523e+03	
 0.00000000e+00	  0.00000000e+00	  5.00000000e+03	  2.23094678e+03	 -4.39761523e+03	  0.00000000e+00	
 0.00000000e+00	 -1.23601387e+04	  2.23094678e+03	  3.24196406e+04	 -1.99722437e+03	 -1.11513936e+04	
 1.23601387e+04	  0.00000000e+00	 -4.39761523e+03	 -1.99722437e+03	  3.56533242e+04	 -5.35813672e+03	
-2.23094678e+03	  4.39761523e+03	  0.00000000e+00	 -1.11513936e+04	 -5.35813672e+03	  5.71528174e+03	
1	 47	 66	
 5.00000000e+03	  0.00000000e+00	  0.00000000e+00	  0.00000000e+00	  1.27903926e+04	 -2.13250903e+03	
 0.00000000e+00	  5.00000000e+03	  0.00000000e+00	 -1.27903926e+04	  0.00000000e+00	  4.58606738e+03	
 0.00000000e+00	  0.00000000e+00	  5.00000000e+03	  2.13250903e+03	 -4.58606738e+03	  0.00000000e+00	
 0.00000000e+00	 -1.27903926e+04	  2.13250903e+03	  3.46196172e+04	 -1.94988489e+03	 -1.20941367e+04	
 1.27903926e+04	  0.00000000e+00	 -4.58606738e+03	 -1.94988489e+03	  3.82618438e+04	 -5.27445459e+03	
-2.13250903e+03	  4.58606738e+03	  0.00000000e+00	 -1.20941367e+04	 -5.27445459e+03	  5.94027344e+03	
1	 48	 66	
 5.00000000e+03	  0.00000000e+00	  0.00000000e+00	  0.00000000e+00	  1.22780947e+04	 -2.33386011e+03	
 0.00000000e+00	  5.00000000e+03	  0.00000000e+00	 -1.22780947e+04	  0.00000000e+00	  3.77822559e+03	
 0.00000000e+00	  0.00000000e+00	  5.00000000e+03	  2.33386011e+03	 -3.77822559e+03	  0.00000000e+00	
 0.00000000e+00	 -1.22780947e+04	  2.33386011e+03	  3.21822676e+04	 -1.72245422e+03	 -9.81007422e+03	
 1.22780947e+04	  0.00000000e+00	 -3.77822559e+03	 -1.72245422e+03	  3.48230078e+04	 -5.55740869e+03	
-2.33386011e+03	  3.77822559e+03	  0.00000000e+00	 -9.81007422e+03	 -5.55740869e+03	  5.31791211e+03	
1	 49	 66	
 5.00000000e+03	  0.00000000e+00	  0.00000000e+00	  0.00000000e+00	  1.19194785e+04	 -2.06620923e+03	
 0.00000000e+00	  5.00000000e+03	  0.00000000e+00	 -1.19194785e+04	  0.00000000e+00	  3.27943677e+03	
 0.00000000e+00	  0.00000000e+00	  5.00000000e+03	  2.06620923e+03	 -3.27943677e+03	  0.00000000e+00	
 0.00000000e+00	 -1.19194785e+04	  2.06620923e+03	  3.00542969e+04	 -1.49611572e+03	 -8.28248340e+03	
 1.19194785e+04	  0.00000000e+00	 -3.27943677e+03	 -1.49611572e+03	  3.23438145e+04	 -4.83218213e+03	
-2.06620923e+03	  3.27943677e+03	  0.00000000e+00	 -8.28248340e+03	 -4.83218213e+03	  4.54467090e+03	
2	 3	 66	
 5.00000000e+03	  0.00000000e+00	  0.00000000e+00	  0.00000000e+00	  1.26888809e+04	 -4.24158301e+03	
 0.00000000e+00	  5.00000000e+03	  0.00000000e+00	 -1.26888809e+04	  0.00000000e+00	  3.92013867e+03	
 0.00000000e+00	  0.00000000e+00	  5.00000000e+03	  4.24158301e+03	 -3.92013867e+03	  0.00000000e+00	
 0.00000000e+00	 -1.26888809e+04	  4.24158301e+03	  3.68974023e+04	 -3.45563330e+03	 -9.81096289e+03	
 1.26888809e+04	  0.00000000e+00	 -3.92013867e+03	 -3.45563330e+03	  3.72564609e+04	 -1.05228301e+04	
-4.24158301e+03	  3.92013867e+03	  0.00000000e+00	 -9.81096289e+03	 -1.05228301e+04	  7.80456348e+03	
2	 5	 66	
 5.00000000e+03	  0.00000000e+00	  0.00000000e+00	  0.00000000e+00	  1.29790371e+04	 -3.66515308e+03	
 0.00000000e+00	  5.00000000e+03	  0.00000000e+00	 -1.29790371e+04	  0.00000000e+00	  2.98361206e+03	
 0.00000000e+00	  0.00000000e+00	  5.00000000e+03	  3.66515308e+03	 -2.98361206e+03	  0.00000000e+00	
 0.00000000e+00	 -1.29790371e+04	  3.66515308e+03	  3.76002812e+04	 -2.34090112e+03	 -8.07765576e+03	
 1.29790371e+04	  0.00000000e+00	 -2.98361206e+03	 -2.34090112e+03	  3.81488594e+04	 -9.34598926e+03	
-3.66515308e+03	  2.98361206e+03	  0.00000000e+00	 -8.07765576e+03	 -9.34598926e+03	  6.36390723e+03	
2	 6	 66	
 5.00000000e+03	  0.00000000e+00	  0.00000000e+00	  0.00000000e+00	  1.28632256e+04	 -3.19310840e+03	
 0.00000000e+00	  5.00000000e+03	  0.00000000e+00	 -1.28632256e+04	  0.00000000e+00	  1.42134753e+03	
 0.00000000e+00	  0.00000000e+00	  5.00000000e+03	  3.19310840e+03	 -1.42134753e+03	  0.00000000e+00	
 0.00000000e+00	 -1.28632256e+04	  3.19310840e+03	  3.62884414e+04	 -1.26595557e+03	 -4.14454688e+03	
 1.28632256e+04	  0.00000000e+00	 -1.42134753e+03	 -1.26595557e+03	  3.62537227e+04	 -8.15412256e+03	
-3.19310840e+03	  1.42134753e+03	  0.00000000e+00	 -4.14454688e+03	 -8.15412256e+03	  4.65837988e+03	
2	 7	 66	
 5.00000000e+03	  0.00000000e+00	  0.00000000e+00	  0.00000000e+00	  1.37761514e+04	 -2.93051294e+03	
 0.00000000e+00	  5.00000000e+03	  0.00000000e+00	 -1.37761514e+04	  0.00000000e+00	  1.92896838e+03	
 0.00000000e+00	  0.00000000e+00	  5.00000000e+03	  2.93051294e+03	 -1.92896838e+03	  0.00000000e+00	
 0.00000000e+00	 -1.37761514e+04	  2.93051294e+03	  4.07370312e+04	 -1.50912158e+03	 -6.21492969e+03	
 1.37761514e+04	  0.00000000e+00	 -1.92896838e+03	 -1.50912158e+03	  4.16013828e+04	 -8.14095361e+03	
-2.93051294e+03	  1.92896838e+03	  0.00000000e+00	 -6.21492969e+03	 -8.14095361e+03	  4.86327246e+03	
2	 8	 66	
 5.00000000e+03	  0.00000000e+00	  0.00000000e+00	  0.00000000e+00	  1.42780381e+04	 -1.99179761e+03	
 0.00000000e+00	  5.00000000e+03	  0.00000000e+00	 -1.42780381e+04	  0.00000000e+00	  1.78264709e+03	
 0.00000000e+00	  0.00000000e+00	  5.00000000e+03	  1.99179761e+03	 -1.78264709e+03	  0.00000000e+00	
 0.00000000e+00	 -1.42780381e+04	  1.99179761e+03	  4.28521797e+04	 -8.42115479e+02	 -6.49811963e+03	
 1.42780381e+04	  0.00000000e+00	 -1.78264709e+03	 -8.42115479e+02	  4.47829023e+04	 -5.69949463e+03	
-1.99179761e+03	  1.78264709e+03	  0.00000000e+00	 -6.49811963e+03	 -5.69949463e+03	  4.21099707e+03	
2	 35	 66	
 5.00000000e+03	  0.00000000e+00	  0.00000000e+00	  0.00000000e+00	  1.28022070e+04	 -2.97573999e+03	
 0.00000000e+00	  5.00000000e+03	  0.00000000e+00	 -1.28022070e+04	  0.00000000e+00	 -2.44145950e+02	
 0.00000000e+00	  0.00000000e+00	  5.00000000e+03	  2.97573999e+03	  2.44145950e+02	  0.00000000e+00	
 0.00000000e+00	 -1.28022070e+04	  2.97573999e+03	  3.56715664e+04	 -1.49478500e+02	 -1.55409180e+02	
 1.28022070e+04	  0.00000000e+00	  2.44145950e+02	 -1.49478500e+02	  3.48488281e+04	 -7.70080859e+03	
-2.97573999e+03	 -2.44145950e+02	  0.00000000e+00	 -1.55409180e+02	 -7.70080859e+03	  3.28083838e+03	
2	 36	 66	
 5.00000000e+03	  0.00000000e+00	  0.00000000e+00	  0.00000000e+00	  1.26226299e+04	 -3.07991992e+03	
 0.00000000e+00	  5.00000000e+03	  0.00000000e+00	 -1.26226299e+04	  0.00000000e+00	  3.04274120e+01	
 0.00000000e+00	  0.00000000e+00	  5.00000000e+03	  3.07991992e+03	 -3.04274120e+01	  0.00000000e+00	
 0.00000000e+00	 -1.26226299e+04	  3.07991992e+03	  3.46006289e+04	 -4.26011597e+02	 -6.16718384e+02	
 1.26226299e+04	  0.00000000e+00	 -3.04274120e+01	 -4.26011597e+02	  3.37751094e+04	 -7.82469531e+03	
-3.07991992e+03	  3.04274120e+01	  0.00000000e+00	 -6.16718384e+02	 -7.82469531e+03	  3.63759131e+03	
2	 37	 66	
 5.00000000e+03	  0.00000000e+00	  0.00000000e+00	  0.00000000e+00	  1.31685879e+04	 -3.11471753e+03	
 0.00000000e+00	  5.00000000e+03	  0.00000000e+00	 -1.31685879e+04	  0.00000000e+00	  8.45605774e+02	
 0.00000000e+00	  0.00000000e+00	  5.00000000e+03	  3.11471753e+03	 -8.45605774e+02	  0.00000000e+00	
 0.00000000e+00	 -1.31685879e+04	  3.11471753e+03	  3.75901602e+04	 -8.76102478e+02	 -2.91767139e+03	
 1.31685879e+04	  0.00000000e+00	 -8.45605774e+02	 -8.76102478e+02	  3.71644844e+04	 -8.21867480e+03	
-3.11471753e+03	  8.45605774e+02	  0.00000000e+00	 -2.91767139e+03	 -8.21867480e+03	  4.11796777e+03	
2	 38	 66	
 5.00000000e+03	  0.00000000e+00	  0.00000000e+00	  0.00000000e+00	  1.45374736e+04	 -3.28874194e+03	
 0.00000000e+00	  5.00000000e+03	  0.00000000e+00	 -1.45374736e+04	  0.00000000e+00	  3.04185449e+03	
 0.00000000e+00	  0.00000000e+00	  5.00000000e+03	  3.28874194e+03	 -3.04185449e+03	  0.00000000e+00	
 0.00000000e+00	 -1.45374736e+04	  3.28874194e+03	  4.52329141e+04	 -2.01660669e+03	 -9.30975098e+03	
 1.45374736e+04	  0.00000000e+00	 -3.04185449e+03	 -2.01660669e+03	  4.60613711e+04	 -9.48234668e+03	
-3.28874194e+03	  3.04185449e+03	  0.00000000e+00	 -9.30975098e+03	 -9.48234668e+03	  5.63342139e+03	
2	 45	 66	
 5.00000000e+03	  0.00000000e+00	  0.00000000e+00	  0.00000000e+00	  1.49017744e+04	 -3.11440942e+03	
 0.00000000e+00	  5.00000000e+03	  0.00000000e+00	 -1.49017744e+04	  0.00000000e+00	  3.55642749e+03	
 0.00000000e+00	  0.00000000e+00	  5.00000000e+03	  3.11440942e+03	 -3.55642749e+03	  0.00000000e+00	
 0.00000000e+00	 -1.49017744e+04	  3.11440942e+03	  4.70584062e+04	 -2.35431958e+03	 -1.09328457e+04	
 1.49017744e+04	  0.00000000e+00	 -3.55642749e+03	 -2.35431958e+03	  4.87705742e+04	 -9.28125879e+03	
-3.11440942e+03	  3.55642749e+03	  0.00000000e+00	 -1.09328457e+04	 -9.28125879e+03	  6.10035205e+03	
2	 46	 66	
 5.00000000e+03	  0.00000000e+00	  0.00000000e+00	  0.00000000e+00	  1.35452920e+04	 -3.60140039e+03	
 0.00000000e+00	  5.00000000e+03	  0.00000000e+00	 -1.35452920e+04	  0.00000000e+00	  3.05208154e+03	
 0.00000000e+00	  0.00000000e+00	  5.00000000e+03	  3.60140039e+03	 -3.05208154e+03	  0.00000000e+00	
 0.00000000e+00	 -1.35452920e+04	  3.60140039e+03	  4.06273438e+04	 -2.31270020e+03	 -8.72324707e+03	
 1.35452920e+04	  0.00000000e+00	 -3.05208154e+03	 -2.31270020e+03	  4.12202773e+04	 -9.54227539e+03	
-3.60140039e+03	  3.05208154e+03	  0.00000000e+00	 -8.72324707e+03	 -9.54227539e+03	  6.25449609e+03	
2	 47	 66	
 5.00000000e+03	  0.00000000e+00	  0.00000000e+00	  0.00000000e+00	  1.35150430e+04	 -3.60085864e+03	
 0.00000000e+00	  5.00000000e+03	  0.00000000e+00	 -1.35150430e+04	  0.00000000e+00	  3.48140063e+03	
 0.00000000e+00	  0.00000000e+00	  5.00000000e+03	  3.60085864e+03	 -3.48140063e+03	  0.00000000e+00	
 0.00000000e+00	 -1.35150430e+04	  3.60085864e+03	  4.06177734e+04	 -2.62107104e+03	 -9.63009180e+03	
 1.35150430e+04	  0.00000000e+00	 -3.48140063e+03	 -2.62107104e+03	  4.16299414e+04	 -9.41810840e+03	
-3.60085864e+03	  3.48140063e+03	  0.00000000e+00	 -9.63009180e+03	 -9.41810840e+03	  6.76535059e+03	
2	 48	 66	
 5.00000000e+03	  0.00000000e+00	  0.00000000e+00	  0.00000000e+00	  1.33274014e+04	 -3.50976221e+03	
 0.00000000e+00	  5.00000000e+03	  0.00000000e+00	 -1.33274014e+04	  0.00000000e+00	  3.04325903e+03	
 0.00000000e+00	  0.00000000e+00	  5.00000000e+03	  3.50976221e+03	 -3.04325903e+03	  0.00000000e+00	
 0.00000000e+00	 -1.33274014e+04	  3.50976221e+03	  3.94219883e+04	 -2.47698096e+03	 -8.65247070e+03	
 1.33274014e+04	  0.00000000e+00	 -3.04325903e+03	 -2.47698096e+03	  4.06072617e+04	 -9.17889355e+03	
-3.50976221e+03	  3.04325903e+03	  0.00000000e+00	 -8.65247070e+03	 -9.17889355e+03	  6.69343262e+03	
2	 49	 66	
 5.00000000e+03	  0.00000000e+00	  0.00000000e+00	  0.00000000e+00	  1.30078408e+04	 -2.90027441e+03	
 0.00000000e+00	  5.00000000e+03	  0.00000000e+00	 -1.30078408e+04	  0.00000000e+00	  1.31575732e+03	
 0.00000000e+00	  0.00000000e+00	  5.00000000e+03	  2.90027441e+03	 -1.31575732e+03	  0.00000000e+00	
 0.00000000e+00	 -1.30078408e+04	  2.90027441e+03	  3.68093203e+04	 -1.10498047e+03	 -4.17728320e+03	
 1.30078408e+04	  0.00000000e+00	 -1.31575732e+03	 -1.10498047e+03	  3.71962617e+04	 -7.43085059e+03	
-2.90027441e+03	  1.31575732e+03	  0.00000000e+00	 -4.17728320e+03	 -7.43085059e+03	  4.52422656e+03	
3	 4	 66	
 5.00000000e+03	  0.00000000e+00	  0.00000000e+00	  0.00000000e+00	  1.46108584e+04	 -1.94433496e+03	
 0.00000000e+00	  5.00000000e+03	  0.00000000e+00	 -1.46108584e+04	  0.00000000e+00	  4.13334766e+03	
 0.00000000e+00	  0.00000000e+00	  5.00000000e+03	  1.94433496e+03	 -4.13334766e+03	  0.00000000e+00	
 0.00000000e+00	 -1.46108584e+04	  1.94433496e+03	  4.46069805e+04	 -1.70625720e+03	 -1.16321465e+04	
 1.46108584e+04	  0.00000000e+00	 -4.13334766e+03	 -1.70625720e+03	  4.78982227e+04	 -5.32331592e+03	
-1.94433496e+03	  4.13334766e+03	  0.00000000e+00	 -1.16321465e+04	 -5.32331592e+03	  5.49098730e+03	
3	 5	 66	
 5.00000000e+03	  0.00000000e+00	  0.00000000e+00	  0.00000000e+00	  1.45729023e+04	 -2.64589673e+03	
 0.00000000e+00	  5.00000000e+03	  0.00000000e+00	 -1.45729023e+04	  0.00000000e+00	  6.38015823e+01	
 0.00000000e+00	  0.00000000e+00	  5.00000000e+03	  2.64589673e+03	 -6.38015823e+01	  0.00000000e+00	
 0.00000000e+00	 -1.45729023e+04	  2.64589673e+03	  4.48749062e+04	  3.07257935e+02	 -5.70649475e+02	
 1.45729023e+04	  0.00000000e+00	 -6.38015823e+01	  3.07257935e+02	  4.59050469e+04	 -7.47811523e+03	
-2.64589673e+03	  6.38015823e+01	  0.00000000e+00	 -5.70649475e+02	 -7.47811523e+03	  4.26702100e+03	
3	 6	 66	
 5.00000000e+03	  0.00000000e+00	  0.00000000e+00	  0.00000000e+00	  1.40343135e+04	 -3.06613208e+03	
 0.00000000e+00	  5.00000000e+03	  0.00000000e+00	 -1.40343135e+04	  0.00000000e+00	 -2.00033179e+03	
 0.00000000e+00	  0.00000000e+00	  5.00000000e+03	  3.06613208e+03	  2.00033179e+03	  0.00000000e+00	
 0.00000000e+00	 -1.40343135e+04	  3.06613208e+03	  4.22639336e+04	  1.28480469e+03	  5.52949951e+03	
 1.40343135e+04	  0.00000000e+00	  2.00033179e+03	  1.28480469e+03	  4.21299297e+04	 -8.39924414e+03	
-3.06613208e+03	 -2.00033179e+03	  0.00000000e+00	  5.52949951e+03	 -8.39924414e+03	  3.90855151e+03	
3	 7	 66	
 5.00000000e+03	  0.00000000e+00	  0.00000000e+00	  0.00000000e+00	  1.51347422e+04	 -2.80335327e+03	
 0.00000000e+00	  5.00000000e+03	  0.00000000e+00	 -1.51347422e+04	  0.00000000e+00	 -1.57400000e+03	
 0.00000000e+00	  0.00000000e+00	  5.00000000e+03	  2.80335327e+03	  1.57400000e+03	  0.00000000e+00	
 0.00000000e+00	 -1.51347422e+04	  2.80335327e+03	  4.80324766e+04	  9.66589966e+02	  4.43072949e+03	
 1.51347422e+04	  0.00000000e+00	  1.57400000e+03	  9.66589966e+02	  4.78321875e+04	 -8.36915430e+03	
-2.80335327e+03	 -1.57400000e+03	  0.00000000e+00	  4.43072949e+03	 -8.36915430e+03	  3.09827002e+03	
3	 38	 66	
 5.00000000e+03	  0.00000000e+00	  0.00000000e+00	  0.00000000e+00	  1.48934883e+04	 -2.56974048e+03	
 0.00000000e+00	  5.00000000e+03	  0.00000000e+00	 -1.48934883e+04	  0.00000000e+00	 -2.09161938e+03	
 0.00000000e+00	  0.00000000e+00	  5.00000000e+03	  2.56974048e+03	  2.09161938e+03	  0.00000000e+00	
 0.00000000e+00	 -1.48934883e+04	  2.56974048e+03	  4.67035586e+04	  1.26429785e+03	  5.66265381e+03	
 1.48934883e+04	  0.00000000e+00	  2.09161938e+03	  1.26429785e+03	  4.70144258e+04	 -7.46674365e+03	
-2.56974048e+03	 -2.09161938e+03	  0.00000000e+00	  5.66265381e+03	 -7.46674365e+03	  3.39921997e+03	
3	 39	 66	
 5.00000000e+03	  0.00000000e+00	  0.00000000e+00	  0.00000000e+00	  1.55324385e+04	 -2.14080688e+03	
 0.00000000e+00	  5.00000000e+03	  0.00000000e+00	 -1.55324385e+04	  0.00000000e+00	  1.15107983e+03	
 0.00000000e+00	  0.00000000e+00	  5.00000000e+03	  2.14080688e+03	 -1.15107983e+03	  0.00000000e+00	
 0.00000000e+00	 -1.55324385e+04	  2.14080688e+03	  4.96428711e+04	 -9.87660751e+01	 -3.38217505e+03	
 1.55324385e+04	  0.00000000e+00	 -1.15107983e+03	 -9.87660751e+01	  5.22003359e+04	 -6.58240625e+03	
-2.14080688e+03	  1.15107983e+03	  0.00000000e+00	 -3.38217505e+03	 -6.58240625e+03	  4.91228613e+03	
3	 43	 66	
 5.00000000e+03	  0.00000000e+00	  0.00000000e+00	  0.00000000e+00	  1.62603525e+04	  4.63267334e+02	
 0.00000000e+00	  5.00000000e+03	  0.00000000e+00	 -1.62603525e+04	  0.00000000e+00	  5.13873193e+03	
 0.00000000e+00	  0.00000000e+00	  5.00000000e+03	 -4.63267334e+02	 -5.13873193e+03	  0.00000000e+00	
 0.00000000e+00	 -1.62603525e+04	 -4.63267334e+02	  5.46319414e+04	  6.03072021e+02	 -1.65914531e+04	
 1.62603525e+04	  0.00000000e+00	 -5.13873193e+03	  6.03072021e+02	  5.89549688e+04	  1.67532227e+03	
 4.63267334e+02	  5.13873193e+03	  0.00000000e+00	 -1.65914531e+04	  1.67532227e+03	  7.56042041e+03	
3	 45	 66	
 5.00000000e+03	  0.00000000e+00	  0.00000000e+00	  0.00000000e+00	  1.56791465e+04	 -2.21340601e+03	
 0.00000000e+00	  5.00000000e+03	  0.00000000e+00	 -1.56791465e+04	  0.00000000e+00	 -1.48110730e+03	
 0.00000000e+00	  0.00000000e+00	  5.00000000e+03	  2.21340601e+03	  1.48110730e+03	  0.00000000e+00	
 0.00000000e+00	 -1.56791465e+04	  2.21340601e+03	  5.09196562e+04	  9.10962952e+02	  4.19803027e+03	
 1.56791465e+04	  0.00000000e+00	  1.48110730e+03	  9.10962952e+02	  5.14943867e+04	 -6.86629053e+03	
-2.21340601e+03	 -1.48110730e+03	  0.00000000e+00	  4.19803027e+03	 -6.86629053e+03	  3.10172705e+03	
3	 46	 66	
 5.00000000e+03	  0.00000000e+00	  0.00000000e+00	  0.00000000e+00	  1.43295820e+04	 -2.78817505e+03	
 0.00000000e+00	  5.00000000e+03	  0.00000000e+00	 -1.43295820e+04	  0.00000000e+00	 -1.01902301e+03	
 0.00000000e+00	  0.00000000e+00	  5.00000000e+03	  2.78817505e+03	  1.01902301e+03	  0.00000000e+00	
 0.00000000e+00	 -1.43295820e+04	  2.78817505e+03	  4.38496992e+04	  6.65258850e+02	  2.56480835e+03	
 1.43295820e+04	  0.00000000e+00	  1.01902301e+03	  6.65258850e+02	  4.34767852e+04	 -7.71542383e+03	
-2.78817505e+03	 -1.01902301e+03	  0.00000000e+00	  2.56480835e+03	 -7.71542383e+03	  3.17816943e+03	
3	 47	 66	
 5.00000000e+03	  0.00000000e+00	  0.00000000e+00	  0.00000000e+00	  1.44536299e+04	 -2.79148486e+03	
 0.00000000e+00	  5.00000000e+03	  0.00000000e+00	 -1.44536299e+04	  0.00000000e+00	 -1.32245132e+02	
 0.00000000e+00	  0.00000000e+00	  5.00000000e+03	  2.79148486e+03	  1.32245132e+02	  0.00000000e+00	
 0.00000000e+00	 -1.44536299e+04	  2.79148486e+03	  4.44640586e+04	  1.33580078e+02	  1.97800110e+02	
 1.44536299e+04	  0.00000000e+00	  1.32245132e+02	  1.33580078e+02	  4.41554375e+04	 -7.80667383e+03	
-2.79148486e+03	 -1.32245132e+02	  0.00000000e+00	  1.97800110e+02	 -7.80667383e+03	  3.19187158e+03	
3	 48	 66	
 5.00000000e+03	  0.00000000e+00	  0.00000000e+00	  0.00000000e+00	  1.43000781e+04	 -2.92721118e+03	
 0.00000000e+00	  5.00000000e+03	  0.00000000e+00	 -1.43000781e+04	  0.00000000e+00	 -5.65614075e+02	
 0.00000000e+00	  0.00000000e+00	  5.00000000e+03	  2.92721118e+03	  5.65614075e+02	  0.00000000e+00	
 0.00000000e+00	 -1.43000781e+04	  2.92721118e+03	  4.36859688e+04	  3.67420685e+02	  1.46202710e+03	
 1.43000781e+04	  0.00000000e+00	  5.65614075e+02	  3.67420685e+02	  4.32986094e+04	 -8.14626904e+03	
-2.92721118e+03	 -5.65614075e+02	  0.00000000e+00	  1.46202710e+03	 -8.14626904e+03	  3.32552222e+03	
4	 5	 66	
 5.00000000e+03	  0.00000000e+00	  0.00000000e+00	  0.00000000e+00	  1.58908027e+04	 -2.66160718e+03	
 0.00000000e+00	  5.00000000e+03	  0.00000000e+00	 -1.58908027e+04	  0.00000000e+00	 -2.81431323e+03	
 0.00000000e+00	  0.00000000e+00	  5.00000000e+03	  2.66160718e+03	  2.81431323e+03	  0.00000000e+00	
 0.00000000e+00	 -1.58908027e+04	  2.66160718e+03	  5.25154922e+04	  1.61965955e+03	  8.85723926e+03	
 1.58908027e+04	  0.00000000e+00	  2.81431323e+03	  1.61965955e+03	  5.42596172e+04	 -8.27115918e+03	
-2.66160718e+03	 -2.81431323e+03	  0.00000000e+00	  8.85723926e+03	 -8.27115918e+03	  5.15737012e+03	
4	 39	 66	
 5.00000000e+03	  0.00000000e+00	  0.00000000e+00	  0.00000000e+00	  1.61144043e+04	 -2.79126465e+03	
 0.00000000e+00	  5.00000000e+03	  0.00000000e+00	 -1.61144043e+04	  0.00000000e+00	 -2.74485938e+03	
 0.00000000e+00	  0.00000000e+00	  5.00000000e+03	  2.79126465e+03	  2.74485938e+03	  0.00000000e+00	
 0.00000000e+00	 -1.61144043e+04	  2.79126465e+03	  5.38076172e+04	  1.66814819e+03	  8.86078809e+03	
 1.61144043e+04	  0.00000000e+00	  2.74485938e+03	  1.66814819e+03	  5.54660781e+04	 -8.92093359e+03	
-2.79126465e+03	 -2.74485938e+03	  0.00000000e+00	  8.86078809e+03	 -8.92093359e+03	  5.19420215e+03	
4	 40	 66	
 5.00000000e+03	  0.00000000e+00	  0.00000000e+00	  0.00000000e+00	  1.59971367e+04	 -2.51116675e+03	
 0.00000000e+00	  5.00000000e+03	  0.00000000e+00	 -1.59971367e+04	  0.00000000e+00	  6.54884705e+02	
 0.00000000e+00	  0.00000000e+00	  5.00000000e+03	  2.51116675e+03	 -6.54884705e+02	  0.00000000e+00	
 0.00000000e+00	 -1.59971367e+04	  2.51116675e+03	  5.30381523e+04	 -1.53200882e+02	 -1.86699207e+03	
 1.59971367e+04	  0.00000000e+00	 -6.54884705e+02	 -1.53200882e+02	  5.38419023e+04	 -7.95632227e+03	
-2.51116675e+03	  6.54884705e+02	  0.00000000e+00	 -1.86699207e+03	 -7.95632227e+03	  3.92414966e+03	
4	 41	 66	
 5.00000000e+03	  0.00000000e+00	  0.00000000e+00	  0.00000000e+00	  1.60598545e+04	 -1.79648450e+03	
 0.00000000e+00	  5.00000000e+03	  0.00000000e+00	 -1.60598545e+04	  0.00000000e+00	  2.82844824e+03	
 0.00000000e+00	  0.00000000e+00	  5.00000000e+03	  1.79648450e+03	 -2.82844824e+03	  0.00000000e+00	
 0.00000000e+00	 -1.60598545e+04	  1.79648450e+03	  5.29979688e+04	 -7.78417603e+02	 -8.89936230e+03	
 1.60598545e+04	  0.00000000e+00	 -2.82844824e+03	 -7.78417603e+02	  5.46561250e+04	 -5.74530957e+03	
-1.79648450e+03	  2.82844824e+03	  0.00000000e+00	 -8.89936230e+03	 -5.74530957e+03	  3.70946655e+03	
4	 42	 66	
 5.00000000e+03	  0.00000000e+00	  0.00000000e+00	  0.00000000e+00	  1.63798125e+04	 -1.51003113e+03	
 0.00000000e+00	  5.00000000e+03	  0.00000000e+00	 -1.63798125e+04	  0.00000000e+00	  2.35154590e+03	
 0.00000000e+00	  0.00000000e+00	  5.00000000e+03	  1.51003113e+03	 -2.35154590e+03	  0.00000000e+00	
 0.00000000e+00	 -1.63798125e+04	  1.51003113e+03	  5.46044062e+04	 -5.43778931e+02	 -7.60601611e+03	
 1.63798125e+04	  0.00000000e+00	 -2.35154590e+03	 -5.43778931e+02	  5.61990977e+04	 -4.93992480e+03	
-1.51003113e+03	  2.35154590e+03	  0.00000000e+00	 -7.60601611e+03	 -4.93992480e+03	  3.24005518e+03	
4	 43	 66	
 5.00000000e+03	  0.00000000e+00	  0.00000000e+00	  0.00000000e+00	  1.63928008e+04	 -2.20094067e+03	
 0.00000000e+00	  5.00000000e+03	  0.00000000e+00	 -1.63928008e+04	  0.00000000e+00	 -9.72546265e+02	
 0.00000000e+00	  0.00000000e+00	  5.00000000e+03	  2.20094067e+03	  9.72546265e+02	  0.00000000e+00	
 0.00000000e+00	 -1.63928008e+04	  2.20094067e+03	  5.51637305e+04	  7.60609070e+02	  2.99447046e+03	
 1.63928008e+04	  0.00000000e+00	  9.72546265e+02	  7.60609070e+02	  5.75391953e+04	 -7.13093506e+03	
-2.20094067e+03	 -9.72546265e+02	  0.00000000e+00	  2.99447046e+03	 -7.13093506e+03	  4.98065869e+03	
4	 45	 66	
 5.00000000e+03	  0.00000000e+00	  0.00000000e+00	  0.00000000e+00	  1.62347988e+04	 -2.66417700e+03	
 0.00000000e+00	  5.00000000e+03	  0.00000000e+00	 -1.62347988e+04	  0.00000000e+00	 -5.39913770e+03	
 0.00000000e+00	  0.00000000e+00	  5.00000000e+03	  2.66417700e+03	  5.39913770e+03	  0.00000000e+00	
 0.00000000e+00	 -1.62347988e+04	  2.66417700e+03	  5.45669609e+04	  2.87060278e+03	  1.74980391e+04	
 1.62347988e+04	  0.00000000e+00	  5.39913770e+03	  2.87060278e+03	  5.90538047e+04	 -8.53414551e+03	
-2.66417700e+03	 -5.39913770e+03	  0.00000000e+00	  1.74980391e+04	 -8.53414551e+03	  7.84704736e+03	
4	 46	 66	
 5.00000000e+03	  0.00000000e+00	  0.00000000e+00	  0.00000000e+00	  1.59464160e+04	 -2.82331836e+03	
 0.00000000e+00	  5.00000000e+03	  0.00000000e+00	 -1.59464160e+04	  0.00000000e+00	 -5.04175098e+03	
 0.00000000e+00	  0.00000000e+00	  5.00000000e+03	  2.82331836e+03	  5.04175098e+03	  0.00000000e+00	
 0.00000000e+00	 -1.59464160e+04	  2.82331836e+03	  5.30584336e+04	  2.75492090e+03	  1.61789521e+04	
 1.59464160e+04	  0.00000000e+00	  5.04175098e+03	  2.75492090e+03	  5.66920273e+04	 -8.81480078e+03	
-2.82331836e+03	 -5.04175098e+03	  0.00000000e+00	  1.61789521e+04	 -8.81480078e+03	  7.36596729e+03	
4	 47	 66	
 5.00000000e+03	  0.00000000e+00	  0.00000000e+00	  0.00000000e+00	  1.59897500e+04	 -2.70839355e+03	
 0.00000000e+00	  5.00000000e+03	  0.00000000e+00	 -1.59897500e+04	  0.00000000e+00	 -4.34633398e+03	
 0.00000000e+00	  0.00000000e+00	  5.00000000e+03	  2.70839355e+03	  4.34633398e+03	  0.00000000e+00	
 0.00000000e+00	 -1.59897500e+04	  2.70839355e+03	  5.32000117e+04	  2.21616919e+03	  1.39852490e+04	
 1.59897500e+04	  0.00000000e+00	  4.34633398e+03	  2.21616919e+03	  5.58712695e+04	 -8.47737207e+03	
-2.70839355e+03	 -4.34633398e+03	  0.00000000e+00	  1.39852490e+04	 -8.47737207e+03	  6.11545117e+03	
4	 48	 66	
 5.00000000e+03	  0.00000000e+00	  0.00000000e+00	  0.00000000e+00	  1.56976523e+04	 -3.05095728e+03	
