0	 1	 66	
 9.87448713e-01	 -5.14044049e-02	  1.49346218e-01	 -3.75031557e-01	
 4.95225587e-02	  9.98639078e-01	  1.63014990e-02	 -4.36977751e-03	
-1.49981656e-01	 -8.70078437e-03	  9.88651044e-01	  8.20520371e-02	
 0.00000000e+00	  0.00000000e+00	  0.00000000e+00	  1.00000000e+00	
0	 2	 66	
 9.12972754e-01	 -1.75371397e-02	  4.07646525e-01	 -3.88675310e-01	
 5.24653939e-02	  9.95827056e-01	 -7.46614560e-02	  1.12187677e-04	
-4.04635774e-01	  8.95514287e-02	  9.10084069e-01	  4.94176885e-03	
 0.00000000e+00	  0.00000000e+00	  0.00000000e+00	  1.00000000e+00	
0	 5	 66	
 5.41908459e-01	 -1.47896913e-02	  8.40308268e-01	 -5.61471618e-01	
 2.18981333e-01	  9.67792601e-01	 -1.24185902e-01	  3.30798396e-02	
-8.11408240e-01	  2.51310711e-01	  5.27695310e-01	 -1.22862603e-01	
 0.00000000e+00	  0.00000000e+00	  0.00000000e+00	  1.00000000e+00	
0	 6	 66	
 7.91820432e-01	 -1.37455623e-01	  5.95087666e-01	 -5.51461311e-01	
 2.07668589e-01	  9.76885119e-01	 -5.06758185e-02	  7.34533476e-02	
-5.74366116e-01	  1.63707854e-01	  8.02064421e-01	  6.83512980e-02	
 0.00000000e+00	  0.00000000e+00	  0.00000000e+00	  1.00000000e+00	
0	 7	 66	
 7.78258603e-01	  3.20512641e-02	  6.27127422e-01	 -5.07707062e-01	
-8.25277506e-04	  9.98745808e-01	 -5.00184931e-02	 -4.73976799e-02	
-6.27945454e-01	  3.84100660e-02	  7.77310638e-01	  3.37661599e-01	
 0.00000000e+00	  0.00000000e+00	  0.00000000e+00	  1.00000000e+00	
0	 34	 66	
 6.01252738e-01	  4.14287400e-01	 -6.83272258e-01	  7.61782082e-01	
-2.96577939e-01	  9.09715417e-01	  2.90609378e-01	 -1.63881541e-01	
 7.41983201e-01	  2.79123843e-02	  6.69841118e-01	  5.32245440e-01	
 0.00000000e+00	  0.00000000e+00	  0.00000000e+00	  1.00000000e+00	
0	 35	 66	
 8.60205643e-01	  2.78716257e-01	 -4.27043439e-01	  1.02260197e+00	
-2.04388963e-01	  9.55652082e-01	  2.12013257e-01	 -2.19222463e-01	
 4.67198747e-01	 -9.50941433e-02	  8.79026801e-01	  5.77280848e-01	
 0.00000000e+00	  0.00000000e+00	  0.00000000e+00	  1.00000000e+00	
0	 36	 66	
 9.79316589e-01	  9.57260991e-02	 -1.78262253e-01	  1.02381391e+00	
-7.30224966e-02	  9.88838653e-01	  1.29839932e-01	 -1.64912679e-01	
 1.88703821e-01	 -1.14139172e-01	  9.75380910e-01	  4.49948593e-01	
 0.00000000e+00	  0.00000000e+00	  0.00000000e+00	  1.00000000e+00	
0	 37	 66	
 9.84130543e-01	  1.34394251e-01	 -1.15872554e-01	  1.14384851e+00	
-1.16073529e-01	  9.81460733e-01	  1.52498192e-01	 -1.58342923e-01	
 1.34220147e-01	 -1.36630681e-01	  9.81490340e-01	  4.40606021e-01	
 0.00000000e+00	  0.00000000e+00	  0.00000000e+00	  1.00000000e+00	
0	 38	 66	
 9.98936862e-01	  2.33550763e-02	  3.97792733e-02	  1.03669148e+00	
-2.83536052e-02	  9.91090616e-01	  1.30121170e-01	 -1.42490249e-01	
-3.63862688e-02	 -1.31113283e-01	  9.90702408e-01	  4.33502909e-01	
 0.00000000e+00	  0.00000000e+00	  0.00000000e+00	  1.00000000e+00	
0	 45	 66	
 8.97883155e-01	 -1.13691337e-01	  4.25301840e-01	  6.05829457e-01	
 2.39543370e-01	  9.36711104e-01	 -2.55314665e-01	 -1.03107431e-01	
-3.69360844e-01	  3.31120835e-01	  8.68297879e-01	 -4.11501482e-03	
 0.00000000e+00	  0.00000000e+00	  0.00000000e+00	  1.00000000e+00	
0	 46	 66	
 8.84445122e-01	 -1.16966411e-01	  4.51748316e-01	  3.23634704e-01	
 1.59421602e-01	  9.85564642e-01	 -5.69370239e-02	 -6.37856795e-02	
-4.38570228e-01	  1.22374845e-01	  8.90331543e-01	  2.08064873e-01	
 0.00000000e+00	  0.00000000e+00	  0.00000000e+00	  1.00000000e+00	
0	 47	 66	
 7.78117753e-01	 -3.52955817e-01	  5.19573040e-01	 -1.32289090e-01	
 2.44914625e-01	  9.32201602e-01	  2.66475468e-01	  1.25118471e-03	
-5.78404377e-01	 -8.01006282e-02	  8.11812102e-01	  3.30719824e-01	
 0.00000000e+00	  0.00000000e+00	  0.00000000e+00	  1.00000000e+00	
0	 48	 66	
 7.28279798e-01	 -4.21134719e-01	  5.40606361e-01	 -4.80720081e-01	
 2.14378435e-01	  8.89296025e-01	  4.03963051e-01	  8.30960645e-02	
-6.50887522e-01	 -1.78307305e-01	  7.37943833e-01	  2.31905331e-01	
 0.00000000e+00	  0.00000000e+00	  0.00000000e+00	  1.00000000e+00	
0	 49	 66	
 7.72064308e-01	 -3.30672859e-01	  5.42745746e-01	 -5.30226589e-01	
 2.08228644e-01	  9.38457751e-01	  2.75557260e-01	 -4.51072834e-02	
-6.00467096e-01	 -9.97355043e-02	  7.93410288e-01	  4.93262417e-01	
 0.00000000e+00	  0.00000000e+00	  0.00000000e+00	  1.00000000e+00	
1	 2	 66	
 9.64797923e-01	  1.85669189e-02	  2.62336756e-01	 -1.68546333e-03	
 8.98301992e-03	  9.94595957e-01	 -1.03433764e-01	  5.84816418e-03	
-2.62838567e-01	  1.02149177e-01	  9.59418210e-01	 -7.81996577e-02	
 0.00000000e+00	  0.00000000e+00	  0.00000000e+00	  1.00000000e+00	
1	 3	 66	
 7.27616695e-01	 -1.67935575e-01	  6.65108859e-01	 -1.47164215e-01	
 2.37912218e-01	  9.71169797e-01	 -1.50588061e-02	  7.83824986e-02	
-6.43405802e-01	  1.69193822e-01	  7.46594302e-01	 -8.79927923e-02	
 0.00000000e+00	  0.00000000e+00	  0.00000000e+00	  1.00000000e+00	
1	 5	 66	
 6.67645845e-01	 -4.36922868e-03	  7.44465730e-01	 -1.51511825e-01	
 1.97886647e-01	  9.65050921e-01	 -1.71804944e-01	  4.87656892e-02	
-7.17696953e-01	  2.62025826e-01	  6.45178781e-01	 -2.29822581e-01	
 0.00000000e+00	  0.00000000e+00	  0.00000000e+00	  1.00000000e+00	
1	 6	 66	
 8.78308645e-01	 -1.11906297e-01	  4.64813620e-01	 -1.68306245e-01	
 1.71679970e-01	  9.81198999e-01	 -8.81763510e-02	  8.69060117e-02	
-4.46206155e-01	  1.57245738e-01	  8.81009269e-01	 -3.86258006e-02	
 0.00000000e+00	  0.00000000e+00	  0.00000000e+00	  1.00000000e+00	
1	 7	 66	
 8.62627992e-01	  7.53476024e-02	  5.00196323e-01	 -1.71477371e-01	
-3.53671940e-02	  9.95406604e-01	 -8.89515566e-02	 -3.83732107e-02	
-5.04601502e-01	  5.90417042e-02	  8.61332183e-01	  2.32192365e-01	
 0.00000000e+00	  0.00000000e+00	  0.00000000e+00	  1.00000000e+00	
1	 34	 66	
 4.67734876e-01	  4.49951024e-01	 -7.60767004e-01	  1.04712345e+00	
-3.33538425e-01	  8.86939541e-01	  3.19510106e-01	 -2.21650445e-01	
 8.18522179e-01	  1.04297522e-01	  5.64931393e-01	  6.12262723e-01	
 0.00000000e+00	  0.00000000e+00	  0.00000000e+00	  1.00000000e+00	
1	 35	 66	
 7.69214876e-01	  3.36805197e-01	 -5.43020699e-01	  1.29517423e+00	
-2.52395461e-01	  9.40853132e-01	  2.26029152e-01	 -2.90715560e-01	
 5.87033041e-01	 -3.68111499e-02	  8.08728512e-01	  6.94837413e-01	
 0.00000000e+00	  0.00000000e+00	  0.00000000e+00	  1.00000000e+00	
1	 36	 66	
 9.35104996e-01	  1.60611971e-01	 -3.15883108e-01	  1.31815787e+00	
-1.24907332e-01	  9.83566995e-01	  1.30340440e-01	 -2.35433986e-01	
 3.31629271e-01	 -8.24279896e-02	  9.39804098e-01	  5.70016690e-01	
 0.00000000e+00	  0.00000000e+00	  0.00000000e+00	  1.00000000e+00	
1	 37	 66	
 9.45898074e-01	  2.01802648e-01	 -2.54070817e-01	  1.43841221e+00	
-1.67673261e-01	  9.74407045e-01	  1.49707578e-01	 -2.34962300e-01	
 2.77781144e-01	 -9.90095349e-02	  9.55531233e-01	  5.78814007e-01	
 0.00000000e+00	  0.00000000e+00	  0.00000000e+00	  1.00000000e+00	
1	 38	 66	
 9.90450254e-01	  9.18067399e-02	 -1.02862679e-01	  1.33445071e+00	
-7.93492560e-02	  9.89683850e-01	  1.19279466e-01	 -2.13560915e-01	
 1.12752321e-01	 -1.09981101e-01	  9.87520040e-01	  5.56046398e-01	
 0.00000000e+00	  0.00000000e+00	  0.00000000e+00	  1.00000000e+00	
1	 45	 66	
 9.53871575e-01	 -1.15538550e-01	  2.77091342e-01	  9.76581950e-01	
 1.96275503e-01	  9.38401330e-01	 -2.84385450e-01	 -1.48275312e-01	
-2.27167974e-01	  3.25652819e-01	  9.17798172e-01	  5.96896298e-02	
 0.00000000e+00	  0.00000000e+00	  0.00000000e+00	  1.00000000e+00	
1	 46	 66	
 9.47014558e-01	 -8.50453033e-02	  3.09725177e-01	  6.68053962e-01	
 1.17555599e-01	  9.89173102e-01	 -8.78286279e-02	 -9.63468123e-02	
-2.98904848e-01	  1.19583338e-01	  9.46765257e-01	  2.27957462e-01	
 0.00000000e+00	  0.00000000e+00	  0.00000000e+00	  1.00000000e+00	
1	 47	 66	
 8.67228121e-01	 -2.90347490e-01	  4.04490797e-01	  2.02678249e-01	
 2.09614913e-01	  9.49775440e-01	  2.32340945e-01	 -9.02858736e-03	
-4.51637871e-01	 -1.16708150e-01	  8.84538438e-01	  2.82189810e-01	
 0.00000000e+00	  0.00000000e+00	  0.00000000e+00	  1.00000000e+00	
1	 48	 66	
 8.27374671e-01	 -3.45066165e-01	  4.43147512e-01	 -1.22505489e-01	
 1.82312834e-01	  9.11287426e-01	  3.69203160e-01	  9.14760754e-02	
-5.31239245e-01	 -2.24681890e-01	  8.16891048e-01	  1.33794054e-01	
 0.00000000e+00	  0.00000000e+00	  0.00000000e+00	  1.00000000e+00	
1	 49	 66	
 8.62742904e-01	 -2.65089581e-01	  4.30582279e-01	 -2.16937929e-01	
 1.73481937e-01	  9.55048463e-01	  2.40379302e-01	 -3.62821657e-02	
-4.74952270e-01	 -1.32690304e-01	  8.69954293e-01	  3.82701246e-01	
 0.00000000e+00	  0.00000000e+00	  0.00000000e+00	  1.00000000e+00	
2	 3	 66	
 8.73252737e-01	 -1.97769637e-01	  4.45326110e-01	 -1.37131925e-01	
 1.84413418e-01	  9.80086038e-01	  7.36361975e-02	  6.84407398e-02	
-4.51022274e-01	  1.78205404e-02	  8.92333804e-01	 -5.50623888e-02	
 0.00000000e+00	  0.00000000e+00	  0.00000000e+00	  1.00000000e+00	
2	 5	 66	
 8.34560021e-01	 -6.44160291e-02	  5.47137214e-01	 -1.04314142e-01	
 1.35901851e-01	  9.86520020e-01	 -9.11488455e-02	  2.44154754e-02	
-5.33890903e-01	  1.50427206e-01	  8.32065009e-01	 -1.89213340e-01	
 0.00000000e+00	  0.00000000e+00	  0.00000000e+00	  1.00000000e+00	
2	 6	 66	
 9.66213188e-01	 -1.40482180e-01	  2.16095270e-01	 -1.70428717e-01	
 1.41480916e-01	  9.89880898e-01	  1.09251185e-02	  8.15684210e-02	
-2.15443299e-01	  2.00184692e-02	  9.76311935e-01	 -1.41268214e-02	
 0.00000000e+00	  0.00000000e+00	  0.00000000e+00	  1.00000000e+00	
2	 7	 66	
 9.64572993e-01	  6.61195009e-02	  2.55397373e-01	 -2.45795351e-01	
-7.07034813e-02	  9.97457172e-01	  8.80108722e-03	 -1.54287896e-02	
-2.54166758e-01	 -2.65462656e-02	  9.66795741e-01	  2.57826630e-01	
 0.00000000e+00	  0.00000000e+00	  0.00000000e+00	  1.00000000e+00	
2	 8	 66	
 9.86691123e-01	 -6.38160911e-02	  1.49559010e-01	 -5.26154969e-01	
 5.82003982e-02	  9.97435764e-01	  4.16339871e-02	 -1.33902392e-01	
-1.51832951e-01	 -3.23739709e-02	  9.87875032e-01	  7.36102967e-01	
 0.00000000e+00	  0.00000000e+00	  0.00000000e+00	  1.00000000e+00	
2	 35	 66	
 5.85574090e-01	  3.43077018e-01	 -7.34440128e-01	  1.04535875e+00	
-1.76783819e-01	  9.38261956e-01	  2.97335773e-01	 -1.91915984e-01	
 7.91107371e-01	 -4.42767966e-02	  6.10074638e-01	  1.11255104e+00	
 0.00000000e+00	  0.00000000e+00	  0.00000000e+00	  1.00000000e+00	
2	 36	 66	
 8.13900008e-01	  1.85459797e-01	 -5.50609726e-01	  1.10083775e+00	
-7.29937251e-02	  9.72813722e-01	  2.19770918e-01	 -1.49256741e-01	
 5.76401225e-01	 -1.38682091e-01	  8.05314304e-01	  9.93107497e-01	
 0.00000000e+00	  0.00000000e+00	  0.00000000e+00	  1.00000000e+00	
2	 37	 66	
 8.38082334e-01	  2.29476463e-01	 -4.94933069e-01	  1.21455084e+00	
-1.20828667e-01	  9.62774309e-01	  2.41787627e-01	 -1.45656098e-01	
 5.31993293e-01	 -1.42837474e-01	  8.34615519e-01	  1.03304597e+00	
 0.00000000e+00	  0.00000000e+00	  0.00000000e+00	  1.00000000e+00	
2	 38	 66	
 9.25235732e-01	  1.26373646e-01	 -3.57729052e-01	  1.12042549e+00	
-4.90123061e-02	  9.74805426e-01	  2.17599203e-01	 -1.28626409e-01	
 3.76213958e-01	 -1.83799727e-01	  9.08120629e-01	  9.81715960e-01	
 0.00000000e+00	  0.00000000e+00	  0.00000000e+00	  1.00000000e+00	
2	 45	 66	
 9.81765294e-01	 -1.88635046e-01	  2.35488946e-02	  9.06202999e-01	
 1.89721127e-01	  9.64449715e-01	 -1.83951247e-01	 -1.21040909e-01	
 1.19842959e-02	  1.85064769e-01	  9.82656143e-01	  4.04868920e-01	
 0.00000000e+00	  0.00000000e+00	  0.00000000e+00	  1.00000000e+00	
2	 46	 66	
 9.93297698e-01	 -1.04595955e-01	  4.91861377e-02	  5.64774988e-01	
 1.03971475e-01	  9.94463476e-01	  1.51082146e-02	 -5.79333509e-02	
-5.04977963e-02	 -9.89364117e-03	  9.98678125e-01	  4.79998824e-01	
 0.00000000e+00	  0.00000000e+00	  0.00000000e+00	  1.00000000e+00	
2	 47	 66	
 9.57291198e-01	 -2.40918364e-01	  1.59847871e-01	  1.02311555e-01	
 1.78450258e-01	  9.27329737e-01	  3.28950657e-01	  2.58117189e-02	
-2.27485125e-01	 -2.86378510e-01	  9.30720904e-01	  4.00914055e-01	
 0.00000000e+00	  0.00000000e+00	  0.00000000e+00	  1.00000000e+00	
2	 48	 66	
 9.39517750e-01	 -2.65676875e-01	  2.16153748e-01	 -1.71517879e-01	
 1.42424524e-01	  8.77004293e-01	  4.58880872e-01	  1.04576747e-01	
-3.11486993e-01	 -4.00343960e-01	  8.61803828e-01	  1.62838028e-01	
 0.00000000e+00	  0.00000000e+00	  0.00000000e+00	  1.00000000e+00	
2	 49	 66	
 9.58767187e-01	 -2.12301476e-01	  1.88926380e-01	 -3.29196449e-01	
 1.40047730e-01	  9.31410685e-01	  3.35940278e-01	  1.18119885e-03	
-2.47292613e-01	 -2.95631407e-01	  9.22741928e-01	  3.90085073e-01	
 0.00000000e+00	  0.00000000e+00	  0.00000000e+00	  1.00000000e+00	
3	 4	 66	
 9.43751275e-01	 -3.85147746e-02	  3.28403701e-01	  9.27997346e-02	
 5.90184625e-02	  9.96864155e-01	 -5.26934475e-02	  3.92319119e-03	
-3.25345295e-01	  6.91119199e-02	  9.43067392e-01	 -1.21610021e-01	
 0.00000000e+00	  0.00000000e+00	  0.00000000e+00	  1.00000000e+00	
3	 5	 66	
 9.94640857e-01	  5.78295033e-02	  8.57009531e-02	  8.10444196e-02	
-4.13700937e-02	  9.82295681e-01	 -1.82712927e-01	 -5.20296881e-02	
-9.47498401e-02	  1.78189551e-01	  9.79425061e-01	 -1.08334925e-01	
 0.00000000e+00	  0.00000000e+00	  0.00000000e+00	  1.00000000e+00	
3	 6	 66	
 9.67009471e-01	  5.08414509e-02	 -2.49617306e-01	 -4.51184564e-02	
-5.62641125e-02	  9.98309226e-01	 -1.46306714e-02	  2.01809022e-02	
 2.48452056e-01	  2.81942542e-02	  9.68235981e-01	  2.26669706e-02	
 0.00000000e+00	  0.00000000e+00	  0.00000000e+00	  1.00000000e+00	
3	 7	 66	
 9.43912760e-01	  2.53655943e-01	 -2.11396298e-01	 -2.51477093e-01	
-2.64588969e-01	  9.64045123e-01	 -2.46547841e-02	 -5.51329909e-02	
 1.97542712e-01	  7.92062447e-02	  9.77090254e-01	  2.24635385e-01	
 0.00000000e+00	  0.00000000e+00	  0.00000000e+00	  1.00000000e+00	
3	 38	 66	
 6.29246050e-01	  3.73020546e-01	 -6.81842222e-01	  5.94214933e-01	
-2.24315892e-01	  9.27125530e-01	  3.00198039e-01	 -4.23373847e-01	
 7.44133383e-01	 -3.59518266e-02	  6.67065291e-01	  1.47066856e+00	
 0.00000000e+00	  0.00000000e+00	  0.00000000e+00	  1.00000000e+00	
3	 39	 66	
 9.25765053e-01	  1.63981786e-01	 -3.40693181e-01	  4.57469311e-01	
-1.03841770e-01	  9.76677120e-01	  1.87925350e-01	 -4.52618539e-01	
 3.63564158e-01	 -1.38597408e-01	  9.21203444e-01	  1.50918670e+00	
 0.00000000e+00	  0.00000000e+00	  0.00000000e+00	  1.00000000e+00	
3	 43	 66	
 8.85451365e-01	 -1.56131120e-01	  4.37724289e-01	  5.05059586e-01	
 1.60563970e-01	  9.86649938e-01	  2.71252010e-02	 -3.55725082e-01	
-4.36119110e-01	  4.62641782e-02	  8.98701323e-01	  9.51471743e-01	
 0.00000000e+00	  0.00000000e+00	  0.00000000e+00	  1.00000000e+00	
3	 45	 66	
 8.86911713e-01	 -7.03375189e-02	 -4.56558164e-01	  6.68713867e-01	
-8.00724092e-03	  9.85848976e-01	 -1.67433427e-01	 -3.83852624e-01	
 4.61871919e-01	  1.52154518e-01	  8.73800804e-01	  8.61086530e-01	
 0.00000000e+00	  0.00000000e+00	  0.00000000e+00	  1.00000000e+00	
3	 46	 66	
 9.09349872e-01	  9.65153189e-02	 -4.04687495e-01	  3.48313318e-01	
-9.54436182e-02	  9.95170255e-01	  2.28773836e-02	 -2.53138519e-01	
 4.04938270e-01	  1.78211848e-02	  9.14172880e-01	  7.80727278e-01	
 0.00000000e+00	  0.00000000e+00	  0.00000000e+00	  1.00000000e+00	
3	 47	 66	
 9.71467061e-01	  8.97916917e-02	 -2.19524994e-01	 -4.42182350e-03	
-1.84810400e-02	  9.51406605e-01	  3.07373565e-01	 -8.10089314e-02	
 2.36455796e-01	 -2.94547887e-01	  9.25923321e-01	  5.10375964e-01	
 0.00000000e+00	  0.00000000e+00	  0.00000000e+00	  1.00000000e+00	
3	 48	 66	
 9.87189403e-01	  1.10291482e-01	 -1.15311790e-01	 -1.21641545e-01	
-5.17713379e-02	  9.04948802e-01	  4.22352653e-01	  4.61001789e-02	
 1.50930076e-01	 -4.10974817e-01	  8.99068360e-01	  1.81788294e-01	
 0.00000000e+00	  0.00000000e+00	  0.00000000e+00	  1.00000000e+00	
4	 5	 66	
 9.67079381e-01	  5.45775101e-02	 -2.48553635e-01	 -1.87153514e-02	
-8.60971820e-02	  9.89305007e-01	 -1.17751636e-01	 -5.44073194e-02	
 2.39468812e-01	  1.35274870e-01	  9.61434309e-01	  1.16071654e-02	
 0.00000000e+00	  0.00000000e+00	  0.00000000e+00	  1.00000000e+00	
4	 39	 66	
 7.49280708e-01	  2.57492296e-01	 -6.10147434e-01	 -2.13357595e-01	
-1.14045610e-01	  9.57722015e-01	  2.64123861e-01	 -3.56449524e-01	
 6.52361674e-01	 -1.28319046e-01	  7.46967551e-01	  1.68176395e+00	
 0.00000000e+00	  0.00000000e+00	  0.00000000e+00	  1.00000000e+00	
4	 40	 66	
 9.96842143e-01	 -7.71791427e-03	 -7.90559701e-02	 -7.77858190e-02	
 2.36406665e-02	  9.78987830e-01	  2.02540767e-01	 -3.39733529e-01	
 7.58317901e-02	 -2.03770746e-01	  9.76077987e-01	  1.48276336e+00	
 0.00000000e+00	  0.00000000e+00	  0.00000000e+00	  1.00000000e+00	
4	 41	 66	
 9.11997143e-01	 -1.84204182e-01	  3.66515287e-01	 -4.73834643e-02	
 1.10183223e-01	  9.70671652e-01	  2.13668540e-01	 -3.17530928e-01	
-3.95123467e-01	 -1.54483000e-01	  9.05544660e-01	  1.32546081e+00	
 0.00000000e+00	  0.00000000e+00	  0.00000000e+00	  1.00000000e+00	
4	 42	 66	
 9.38780929e-01	 -8.25889408e-02	  3.34475978e-01	 -8.54862471e-02	
 1.40558598e-01	  9.78180682e-01	 -1.52978313e-01	 -3.66175679e-01	
-3.14543458e-01	  1.90625433e-01	  9.29905907e-01	  1.21463269e+00	
 0.00000000e+00	  0.00000000e+00	  0.00000000e+00	  1.00000000e+00	
4	 43	 66	
 9.87012065e-01	 -1.04170142e-01	  1.22316612e-01	  1.87239011e-02	
 9.58169600e-02	  9.92768727e-01	  7.22918454e-02	 -3.00237119e-01	
-1.28963713e-01	 -5.96343810e-02	  9.89855271e-01	  1.16632541e+00	
 0.00000000e+00	  0.00000000e+00	  0.00000000e+00	  1.00000000e+00	
4	 45	 66	
 6.86284907e-01	 -5.77003500e-02	 -7.25045894e-01	  2.00919303e-01	
-1.02207859e-02	  9.95984181e-01	 -8.89348369e-02	 -3.40826285e-01	
 7.27262832e-01	  6.84443146e-02	  6.82938458e-01	  1.13631313e+00	
 0.00000000e+00	  0.00000000e+00	  0.00000000e+00	  1.00000000e+00	
4	 46	 66	
 7.20823647e-01	  1.44022158e-01	 -6.77995773e-01	 -6.76004481e-02	
-1.02182123e-01	  9.89565969e-01	  1.01571959e-01	 -2.03735378e-01	
 6.85546824e-01	 -3.93682089e-03	  7.28018291e-01	  9.48420401e-01	
 0.00000000e+00	  0.00000000e+00	  0.00000000e+00	  1.00000000e+00	
4	 47	 66	
 8.38803979e-01	  2.36721432e-01	 -4.90280584e-01	 -3.02378870e-01	
-3.94972284e-02	  9.24610153e-01	  3.78857172e-01	 -3.72440356e-02	
 5.43000912e-01	 -2.98423281e-01	  7.84916644e-01	  5.68551573e-01	
 0.00000000e+00	  0.00000000e+00	  0.00000000e+00	  1.00000000e+00	
4	 48	 66	
 8.79502557e-01	  2.91205150e-01	 -3.76406099e-01	 -2.98599229e-01	
-7.91995494e-02	  8.69461962e-01	  4.87606199e-01	  7.12722768e-02	
 4.69262040e-01	 -3.99041235e-01	  7.87756010e-01	  2.13478590e-01	
 0.00000000e+00	  0.00000000e+00	  0.00000000e+00	  1.00000000e+00	
5	 6	 66	
 9.40614521e-01	  6.59895547e-03	 -3.39414614e-01	 -1.40886481e-01	
 4.49262206e-02	  9.88598528e-01	  1.43720900e-01	  8.69789920e-02	
 3.36493073e-01	 -1.50433586e-01	  9.29593262e-01	  1.04300146e-01	
 0.00000000e+00	  0.00000000e+00	  0.00000000e+00	  1.00000000e+00	
5	 7	 66	
 9.31083332e-01	  2.04910745e-01	 -3.01822672e-01	 -3.62160170e-01	
-1.70117444e-01	  9.75759729e-01	  1.37662342e-01	  3.70529786e-02	
 3.22715716e-01	 -7.68294440e-02	  9.43372443e-01	  2.98188447e-01	
 0.00000000e+00	  0.00000000e+00	  0.00000000e+00	  1.00000000e+00	
5	 38	 66	
 5.64647387e-01	  3.36074244e-01	 -7.53811614e-01	  3.76172447e-01	
-5.13588891e-02	  9.25876947e-01	  3.74314685e-01	 -5.37328986e-02	
 8.23733516e-01	 -1.72642553e-01	  5.40054381e-01	  1.65834066e+00	
 0.00000000e+00	  0.00000000e+00	  0.00000000e+00	  1.00000000e+00	
5	 39	 66	
 8.90652488e-01	  1.35831388e-01	 -4.33925596e-01	  2.37719807e-01	
 1.63173174e-02	  9.44172127e-01	  3.29043090e-01	 -8.35044651e-02	
 4.54394911e-01	 -3.00144467e-01	  8.38713502e-01	  1.68969044e+00	
 0.00000000e+00	  0.00000000e+00	  0.00000000e+00	  1.00000000e+00	
5	 43	 66	
 9.15386533e-01	 -2.00494341e-01	  3.49104856e-01	  3.33890086e-01	
 1.31216416e-01	  9.68396107e-01	  2.12096808e-01	 -8.49524574e-02	
-3.80598569e-01	 -1.48342841e-01	  9.12765614e-01	  1.12982645e+00	
 0.00000000e+00	  0.00000000e+00	  0.00000000e+00	  1.00000000e+00	
5	 45	 66	
 8.38728165e-01	 -1.25160418e-01	 -5.29977627e-01	  5.06394998e-01	
 1.25725474e-01	  9.91439242e-01	 -3.51713184e-02	 -1.19223309e-01	
 5.29839733e-01	 -3.71325247e-02	  8.47285518e-01	  1.06046566e+00	
 0.00000000e+00	  0.00000000e+00	  0.00000000e+00	  1.00000000e+00	
5	 46	 66	
 8.70057660e-01	  5.31407798e-02	 -4.90083046e-01	  1.89917882e-01	
 3.09898528e-02	  9.86308133e-01	  1.61963642e-01	 -2.36715642e-02	
 4.91976411e-01	 -1.56105397e-01	  8.56499792e-01	  9.30418215e-01	
 0.00000000e+00	  0.00000000e+00	  0.00000000e+00	  1.00000000e+00	
5	 47	 66	
 9.44621835e-01	  7.78605211e-02	 -3.18795304e-01	 -1.42432155e-01	
 8.01605500e-02	  8.87270024e-01	  4.54224794e-01	  7.68381537e-02	
 3.18222194e-01	 -4.54626781e-01	  8.31895606e-01	  6.03949942e-01	
 0.00000000e+00	  0.00000000e+00	  0.00000000e+00	  1.00000000e+00	
5	 48	 66	
 9.69740644e-01	  1.11203783e-01	 -2.17352552e-01	 -2.33148472e-01	
 3.31292190e-02	  8.22074371e-01	  5.68409716e-01	  1.36367504e-01	
 2.41886363e-01	 -5.58412646e-01	  7.93516114e-01	  2.48853316e-01	
 0.00000000e+00	  0.00000000e+00	  0.00000000e+00	  1.00000000e+00	
5	 49	 66	
 9.51209665e-01	  1.07237703e-01	 -2.89317708e-01	 -5.00117688e-01	
 3.92010190e-02	  8.88060708e-01	  4.58046840e-01	  7.87065607e-02	
 3.06049012e-01	 -4.47040387e-01	  8.40529431e-01	  3.61090200e-01	
 0.00000000e+00	  0.00000000e+00	  0.00000000e+00	  1.00000000e+00	
6	 7	 66	
 9.76738043e-01	  2.10725118e-01	  3.97238827e-02	 -1.45133883e-01	
-2.10581943e-01	  9.77543462e-01	 -7.81430720e-03	 -7.99841362e-02	
-4.04784191e-02	 -7.33243822e-04	  9.99179034e-01	  2.48165038e-01	
 0.00000000e+00	  0.00000000e+00	  0.00000000e+00	  1.00000000e+00	
6	 35	 66	
 3.70339096e-01	  4.73769969e-01	 -7.98994668e-01	  8.93281714e-01	
-2.41422268e-01	  8.79684499e-01	  4.09715409e-01	 -4.18961397e-01	
 8.96974953e-01	  4.11588036e-02	  4.40161285e-01	  1.35972566e+00	
 0.00000000e+00	  0.00000000e+00	  0.00000000e+00	  1.00000000e+00	
6	 36	 66	
 6.51891705e-01	  3.46705564e-01	 -6.74412325e-01	  9.78654952e-01	
-1.75056242e-01	  9.34139434e-01	  3.11018578e-01	 -3.86918642e-01	
 7.37829025e-01	 -8.46929545e-02	  6.69653365e-01	  1.25556643e+00	
 0.00000000e+00	  0.00000000e+00	  0.00000000e+00	  1.00000000e+00	
6	 37	 66	
 6.78056666e-01	  3.88709898e-01	 -6.23814648e-01	  1.08043094e+00	
-2.26693260e-01	  9.17934837e-01	  3.25577394e-01	 -3.98529739e-01	
 6.99176242e-01	 -7.93477771e-02	  7.10532411e-01	  1.31917096e+00	
 0.00000000e+00	  0.00000000e+00	  0.00000000e+00	  1.00000000e+00	
6	 38	 66	
 8.05987564e-01	  2.99617843e-01	 -5.10504733e-01	  1.00295389e+00	
-1.70965503e-01	  9.43508454e-01	  2.83830275e-01	 -3.69476852e-01	
 5.66705195e-01	 -1.41488248e-01	  8.11681113e-01	  1.24890293e+00	
 0.00000000e+00	  0.00000000e+00	  0.00000000e+00	  1.00000000e+00	
6	 39	 66	
 9.91392892e-01	  6.91852702e-02	 -1.11153036e-01	  8.81935013e-01	
-4.63488168e-02	  9.79454487e-01	  1.96256915e-01	 -4.04538537e-01	
 1.22446726e-01	 -1.89418306e-01	  9.74231847e-01	  1.32075945e+00	
 0.00000000e+00	  0.00000000e+00	  0.00000000e+00	  1.00000000e+00	
6	 44	 66	
 9.97451775e-01	 -5.57008323e-02	  4.45902202e-02	  9.55505241e-01	
 5.44553086e-02	  9.98102340e-01	  2.86500232e-02	 -2.75266828e-01	
-4.61047224e-02	 -2.61506979e-02	  9.98593862e-01	  6.52588262e-01	
 0.00000000e+00	  0.00000000e+00	  0.00000000e+00	  1.00000000e+00	
6	 45	 66	
 9.72853966e-01	 -8.56820094e-02	 -2.14978715e-01	  9.21320317e-01	
 5.01197382e-02	  9.84894617e-01	 -1.65727833e-01	 -3.43420418e-01	
 2.25927632e-01	  1.50453012e-01	  9.62456776e-01	  6.39511573e-01	
 0.00000000e+00	  0.00000000e+00	  0.00000000e+00	  1.00000000e+00	
6	 46	 66	
 9.85326184e-01	  4.17664295e-02	 -1.65496545e-01	  5.84170473e-01	
-3.76330136e-02	  9.98896037e-01	  2.80363880e-02	 -2.31482707e-01	
 1.66481098e-01	 -2.13986049e-02	  9.85813779e-01	  6.39770104e-01	
 0.00000000e+00	  0.00000000e+00	  0.00000000e+00	  1.00000000e+00	
6	 47	 66	
 9.99204217e-01	 -3.98813468e-02	  4.69625980e-04	  1.66218954e-01	
 3.76075787e-02	  9.46058151e-01	  3.21796514e-01	 -8.51998603e-02	
-1.32807127e-02	 -3.21525635e-01	  9.46808265e-01	  4.63537513e-01	
 0.00000000e+00	  0.00000000e+00	  0.00000000e+00	  1.00000000e+00	
6	 48	 66	
 9.95031983e-01	 -4.63703151e-02	  8.81033397e-02	 -3.59230002e-02	
 2.76177770e-03	  8.97438837e-01	  4.41122355e-01	  2.64708705e-02	
-9.95269070e-02	 -4.38691232e-01	  8.93110570e-01	  1.72788601e-01	
 0.00000000e+00	  0.00000000e+00	  0.00000000e+00	  1.00000000e+00	
6	 49	 66	
 9.99464528e-01	 -9.66049984e-03	  3.12735602e-02	 -2.51861272e-01	
-1.01018386e-03	  9.45892395e-01	  3.24470647e-01	 -4.91783244e-02	
-3.27195181e-02	 -3.24330784e-01	  9.45378386e-01	  3.59449202e-01	
 0.00000000e+00	  0.00000000e+00	  0.00000000e+00	  1.00000000e+00	
7	 37	 66	
 6.81719238e-01	  1.89579122e-01	 -7.06625237e-01	  1.22078233e+00	
-7.92313349e-02	  9.79293390e-01	  1.86292618e-01	 -5.39195346e-02	
 7.27310160e-01	 -7.10141533e-02	  6.82626349e-01	  1.12130228e+00	
 0.00000000e+00	  0.00000000e+00	  0.00000000e+00	  1.00000000e+00	
7	 38	 66	
 8.00301149e-01	  9.96895838e-02	 -5.91254358e-01	  1.14183393e+00	
 2.30054160e-03	  9.85564311e-01	  1.69286098e-01	 -4.17939264e-02	
 5.99594053e-01	 -1.36842656e-01	  7.88519547e-01	  1.04778708e+00	
 0.00000000e+00	  0.00000000e+00	  0.00000000e+00	  1.00000000e+00	
7	 39	 66	
 9.73134460e-01	 -1.31012013e-01	 -1.89331011e-01	  1.02810494e+00	
 1.63514320e-01	  9.72180236e-01	  1.67713720e-01	 -1.01622808e-01	
 1.62090638e-01	 -1.94168025e-01	  9.67485274e-01	  1.11505138e+00	
 0.00000000e+00	  0.00000000e+00	  0.00000000e+00	  1.00000000e+00	
7	 44	 66	
 9.64647614e-01	 -2.63528706e-01	 -2.90190130e-03	  1.09978811e+00	
 2.63455288e-01	  9.63973035e-01	  3.66714719e-02	  4.07389593e-02	
-6.86977484e-03	 -3.61407664e-02	  9.99323697e-01	  4.49339672e-01	
 0.00000000e+00	  0.00000000e+00	  0.00000000e+00	  1.00000000e+00	
7	 45	 66	
 9.30523515e-01	 -2.97179813e-01	 -2.14037430e-01	  1.08127964e+00	
 2.53834379e-01	  9.44614680e-01	 -2.08013349e-01	 -3.30784161e-02	
 2.63996607e-01	  1.39230580e-01	  9.54423904e-01	  4.35448258e-01	
 0.00000000e+00	  0.00000000e+00	  0.00000000e+00	  1.00000000e+00	
7	 46	 66	
 9.63591040e-01	 -1.68688262e-01	 -2.07455004e-01	  7.28390202e-01	
 1.70723751e-01	  9.85284305e-01	 -8.18974304e-03	  5.29951591e-03	
 2.05779860e-01	 -2.75269842e-02	  9.78213404e-01	  4.21439023e-01	
 0.00000000e+00	  0.00000000e+00	  0.00000000e+00	  1.00000000e+00	
7	 47	 66	
 9.68578445e-01	 -2.25161301e-01	 -1.05631242e-01	  2.96490385e-01	
 2.47331086e-01	  9.16647386e-01	  3.13976395e-01	  6.03537081e-02	
 2.61286163e-02	 -3.30238797e-01	  9.43537312e-01	  2.27605047e-01	
 0.00000000e+00	  0.00000000e+00	  0.00000000e+00	  1.00000000e+00	
7	 48	 66	
 9.75332282e-01	 -2.16518281e-01	 -4.29903375e-02	  8.73040242e-02	
 2.12451681e-01	  8.67838186e-01	  4.49128988e-01	  1.27133504e-01	
-5.99404282e-02	 -4.47186338e-01	  8.92432366e-01	 -7.18082405e-02	
 0.00000000e+00	  0.00000000e+00	  0.00000000e+00	  1.00000000e+00	
7	 49	 66	
 9.77751753e-01	 -1.95495010e-01	 -7.60491253e-02	 -1.15236423e-01	
 2.09649521e-01	  9.22855722e-01	  3.23082719e-01	  7.54236316e-03	
 7.01781277e-03	 -3.31839864e-01	  9.43311362e-01	  1.06712713e-01	
 0.00000000e+00	  0.00000000e+00	  0.00000000e+00	  1.00000000e+00	
8	 37	 66	
 7.39122255e-01	  3.04143848e-01	 -6.00995838e-01	  1.67176948e+00	
-1.91225812e-01	  9.50286872e-01	  2.45731567e-01	 -1.32422552e-01	
 6.45856658e-01	 -6.67026238e-02	  7.60541394e-01	  5.53193103e-01	
 0.00000000e+00	  0.00000000e+00	  0.00000000e+00	  1.00000000e+00	
8	 38	 66	
 8.52947895e-01	  2.09332826e-01	 -4.78186092e-01	  1.58768153e+00	
-1.20111875e-01	  9.70192961e-01	  2.10469527e-01	 -1.07767949e-01	
 5.07990423e-01	 -1.22087414e-01	  8.52668537e-01	  4.89117017e-01	
 0.00000000e+00	  0.00000000e+00	  0.00000000e+00	  1.00000000e+00	
8	 39	 66	
 9.97671676e-01	 -2.59522587e-02	 -6.30846857e-02	  1.47501425e+00	
 3.53170313e-02	  9.87719644e-01	  1.52185148e-01	 -1.55616743e-01	
 5.83598110e-02	 -1.54061670e-01	  9.86337938e-01	  5.66930041e-01	
 0.00000000e+00	  0.00000000e+00	  0.00000000e+00	  1.00000000e+00	
8	 44	 66	
 9.84164210e-01	 -1.40980168e-01	  1.07455143e-01	  1.49345626e+00	
 1.42022781e-01	  9.89859219e-01	 -2.07359435e-03	  2.50612127e-03	
-1.06076557e-01	  1.72996095e-02	  9.94208822e-01	 -9.88289953e-02	
 0.00000000e+00	  0.00000000e+00	  0.00000000e+00	  1.00000000e+00	
8	 45	 66	
 9.77921505e-01	 -1.58091880e-01	 -1.36669876e-01	  1.46433577e+00	
 1.26194322e-01	  9.68024271e-01	 -2.16796613e-01	 -6.78552836e-02	
 1.66570072e-01	  1.94761478e-01	  9.66606660e-01	 -1.12459944e-01	
 0.00000000e+00	  0.00000000e+00	  0.00000000e+00	  1.00000000e+00	
8	 46	 66	
 9.93796568e-01	 -4.38233723e-02	 -1.02221113e-01	  1.11971746e+00	
 4.19513800e-02	  9.98909934e-01	 -2.04021257e-02	  1.44468094e-02	
 1.03000277e-01	  1.59850260e-02	  9.94556054e-01	 -8.66773969e-02	
 0.00000000e+00	  0.00000000e+00	  0.00000000e+00	  1.00000000e+00	
8	 47	 66	
 9.89476435e-01	 -1.40259292e-01	  3.55517924e-02	  6.80290501e-01	
 1.24267136e-01	  9.49599185e-01	  2.87774088e-01	  1.30050328e-01	
-7.41257496e-02	 -2.80331202e-01	  9.57039299e-01	 -2.30482748e-01	
 0.00000000e+00	  0.00000000e+00	  0.00000000e+00	  1.00000000e+00	
8	 48	 66	
 9.82597036e-01	 -1.50313592e-01	  1.09134188e-01	  4.50837280e-01	
 9.21875749e-02	  9.04672412e-01	  4.16009295e-01	  2.33796087e-01	
-1.61267268e-01	 -3.98713061e-01	  9.02788144e-01	 -5.03347145e-01	
 0.00000000e+00	  0.00000000e+00	  0.00000000e+00	  1.00000000e+00	
8	 49	 66	
 9.91705154e-01	 -1.10380854e-01	  6.58615726e-02	  2.54736010e-01	
 8.65101187e-02	  9.52143020e-01	  2.93148438e-01	  1.33370743e-01	
-9.50711519e-02	 -2.85022091e-01	  9.53797022e-01	 -3.06742071e-01	
 0.00000000e+00	  0.00000000e+00	  0.00000000e+00	  1.00000000e+00	
8	 50	 66	
 9.95760675e-01	 -8.83048762e-03	  9.15443358e-02	 -2.79923843e-03	
 1.30073073e-02	  9.98894210e-01	 -4.51283307e-02	 -3.05847794e-02	
-9.10480151e-02	  4.61259250e-02	  9.94779944e-01	  3.73358554e-02	
 0.00000000e+00	  0.00000000e+00	  0.00000000e+00	  1.00000000e+00	
8	 51	 66	
 9.99332022e-01	  1.59515341e-02	 -3.28613459e-02	 -2.47465585e-01	
-1.69469121e-02	  9.99397426e-01	 -3.02221847e-02	 -9.49317197e-02	
 3.23567424e-02	  3.07560277e-02	  9.99005365e-01	  2.59254775e-01	
 0.00000000e+00	  0.00000000e+00	  0.00000000e+00	  1.00000000e+00	
9	 10	 66	
 9.98498062e-01	 -5.39307577e-02	  9.80172750e-03	 -4.58667406e-01	
 5.07017505e-02	  9.76665730e-01	  2.08698102e-01	 -5.50742607e-02	
-2.08271495e-02	 -2.07887715e-01	  9.77931319e-01	  5.39915740e-01	
 0.00000000e+00	  0.00000000e+00	  0.00000000e+00	  1.00000000e+00	
9	 51	 66	
 9.98042865e-01	 -1.86188240e-02	 -5.96813983e-02	  2.87847509e-01	
 2.68698448e-02	  9.89696254e-01	  1.40625453e-01	  5.88647386e-02	
 5.64466674e-02	 -1.41955024e-01	  9.88265030e-01	 -9.57734577e-02	
 0.00000000e+00	  0.00000000e+00	  0.00000000e+00	  1.00000000e+00	
9	 52	 66	
 9.89273731e-01	 -1.18196979e-01	  8.58238338e-02	 -2.67081249e-01	
 1.03563579e-01	  9.81907466e-01	  1.58521373e-01	  1.38461984e-03	
-1.03009924e-01	 -1.47933546e-01	  9.83621470e-01	  2.34727572e-01	
 0.00000000e+00	  0.00000000e+00	  0.00000000e+00	  1.00000000e+00	
9	 53	 66	
 9.80774521e-01	 -1.01251915e-01	  1.66812301e-01	 -5.79110158e-01	
 7.79944086e-02	  9.86999594e-01	  1.40512638e-01	 -4.64547571e-02	
-1.78872994e-01	 -1.24801510e-01	  9.75927780e-01	  5.64257309e-01	
 0.00000000e+00	  0.00000000e+00	  0.00000000e+00	  1.00000000e+00	
10	 11	 66	
 9.84818933e-01	 -1.59546048e-02	 -1.72837240e-01	  1.29258334e-01	
 4.90575065e-03	  9.97927070e-01	 -6.41634408e-02	 -1.36978295e-01	
 1.73503324e-01	  6.23415693e-02	  9.82858716e-01	  3.99752872e-01	
 0.00000000e+00	  0.00000000e+00	  0.00000000e+00	  1.00000000e+00	
10	 51	 66	
 9.96727669e-01	  3.45462194e-02	 -7.30452708e-02	  7.64408823e-01	
-3.93154515e-02	  9.97115539e-01	 -6.48851843e-02	  2.03172734e-01	
 7.05902991e-02	  6.75431343e-02	  9.95218021e-01	 -5.90564608e-01	
 0.00000000e+00	  0.00000000e+00	  0.00000000e+00	  1.00000000e+00	
10	 52	 66	
 9.95181512e-01	 -6.51524781e-02	  7.32450901e-02	  2.00516996e-01	
 6.92104544e-02	  9.96121545e-01	 -5.42885366e-02	  1.08253956e-01	
-6.94272954e-02	  5.90950956e-02	  9.95837865e-01	 -2.84792293e-01	
 0.00000000e+00	  0.00000000e+00	  0.00000000e+00	  1.00000000e+00	
10	 53	 66	
 9.86978755e-01	 -4.84565271e-02	  1.53358836e-01	 -1.20331464e-01	
 6.04672764e-02	  9.95372156e-01	 -7.46452525e-02	  9.85345090e-03	
-1.49035656e-01	  8.29454175e-02	  9.85349337e-01	  2.44227982e-02	
 0.00000000e+00	  0.00000000e+00	  0.00000000e+00	  1.00000000e+00	
10	 54	 66	
 9.98515651e-01	  5.05230999e-03	 -5.41951705e-02	 -7.38322000e-02	
-1.68753687e-02	  9.75348193e-01	 -2.20009043e-01	 -1.70187145e-01	
 5.17451961e-02	  2.20596979e-01	  9.73994440e-01	  3.52950700e-01	
 0.00000000e+00	  0.00000000e+00	  0.00000000e+00	  1.00000000e+00	
11	 12	 66	
 9.48060088e-01	  6.60740199e-02	 -3.11154748e-01	  8.79333627e-02	
-1.42944849e-01	  9.62351904e-01	 -2.31183599e-01	 -9.67562253e-02	
 2.84163843e-01	  2.63655220e-01	  9.21811353e-01	  1.43285825e-01	
 0.00000000e+00	  0.00000000e+00	  0.00000000e+00	  1.00000000e+00	
11	 52	 66	
 9.68371610e-01	 -4.90233408e-02	  2.44647970e-01	 -4.73902941e-02	
 4.88614304e-02	  9.98780743e-01	  6.73751883e-03	  2.00911519e-01	
-2.44683272e-01	  5.42829724e-03	  9.69590629e-01	 -7.00861598e-01	
 0.00000000e+00	  0.00000000e+00	  0.00000000e+00	  1.00000000e+00	
11	 53	 66	
 9.46438159e-01	 -2.84463543e-02	  3.21626185e-01	 -3.10202345e-01	
 3.53043284e-02	  9.99253402e-01	 -1.55090373e-02	  1.27110800e-01	
-3.20948214e-01	  2.60321538e-02	  9.46741344e-01	 -3.35178614e-01	
 0.00000000e+00	  0.00000000e+00	  0.00000000e+00	  1.00000000e+00	
11	 54	 66	
 9.92256584e-01	  4.80351095e-02	  1.14538882e-01	 -2.08291526e-01	
-2.95450974e-02	  9.86998660e-01	 -1.57968091e-01	 -3.28175914e-02	
-1.20640667e-01	  1.53360478e-01	  9.80781393e-01	 -8.76728188e-03	
 0.00000000e+00	  0.00000000e+00	  0.00000000e+00	  1.00000000e+00	
11	 55	 66	
 9.92940665e-01	  5.48672599e-02	 -1.05162459e-01	 -1.59445614e-01	
-6.57546209e-02	  9.92500923e-01	 -1.03023076e-01	 -1.98984241e-02	
 9.87213744e-02	  1.09210791e-01	  9.89106619e-01	 -3.29415979e-02	
 0.00000000e+00	  0.00000000e+00	  0.00000000e+00	  1.00000000e+00	
12	 52	 66	
 8.41558854e-01	 -1.87705532e-01	  5.06501479e-01	 -4.10722268e-01	
 4.64944998e-02	  9.59369859e-01	  2.78285052e-01	  5.49568108e-02	
-5.38160423e-01	 -2.10645538e-01	  8.16099643e-01	 -8.04855193e-01	
 0.00000000e+00	  0.00000000e+00	  0.00000000e+00	  1.00000000e+00	
12	 54	 66	
 9.10659647e-01	 -5.19670075e-02	  4.09874255e-01	 -3.33186695e-01	
 5.32237153e-03	  9.93447298e-01	  1.14134052e-01	  1.86922993e-03	
-4.13121928e-01	 -1.01756116e-01	  9.04976824e-01	 -6.27745869e-02	
 0.00000000e+00	  0.00000000e+00	  0.00000000e+00	  1.00000000e+00	
12	 55	 66	
 9.78819203e-01	 -5.88220440e-02	  1.96095941e-01	 -2.95594099e-01	
 2.83569366e-02	  9.87553602e-01	  1.54688852e-01	  1.11558069e-02	
-2.02753097e-01	 -1.45851722e-01	  9.68309532e-01	 -1.03244068e-01	
 0.00000000e+00	  0.00000000e+00	  0.00000000e+00	  1.00000000e+00	
12	 56	 66	
 9.59101682e-01	  7.79789739e-02	 -2.72103500e-01	 -2.41233957e-01	
 4.29112793e-02	  9.10135128e-01	  4.12077076e-01	  7.47522242e-02	
 2.79788551e-01	 -4.06902732e-01	  8.69572093e-01	 -7.66915492e-02	
 0.00000000e+00	  0.00000000e+00	  0.00000000e+00	  1.00000000e+00	
13	 14	 66	
 9.66849640e-01	  4.51255917e-02	 -2.51326408e-01	  1.68601746e-01	
-7.39602920e-02	  9.91559242e-01	 -1.06491677e-01	 -4.94442306e-02	
 2.44400593e-01	  1.21550356e-01	  9.62025719e-01	  1.04076556e-01	
 0.00000000e+00	  0.00000000e+00	  0.00000000e+00	  1.00000000e+00	
13	 15	 66	
 7.97367629e-01	  2.15576591e-01	 -5.63677150e-01	  3.74299397e-01	
-1.26395018e-01	  9.72961734e-01	  1.93308539e-01	 -3.56377969e-02	
 5.90110943e-01	 -8.28907605e-02	  8.03055427e-01	  2.74942892e-01	
 0.00000000e+00	  0.00000000e+00	  0.00000000e+00	  1.00000000e+00	
13	 54	 66	
 5.58816502e-01	 -7.48852011e-02	  8.25904451e-01	 -6.03188509e-01	
 1.70241053e-01	  9.85059748e-01	 -2.58702872e-02	 -1.99458449e-02	
-8.11628219e-01	  1.55058180e-01	  5.63222337e-01	  9.66279429e-02	
 0.00000000e+00	  0.00000000e+00	  0.00000000e+00	  1.00000000e+00	
13	 55	 66	
 7.27638159e-01	 -1.03969575e-01	  6.78038931e-01	 -5.92187077e-01	
 1.58283997e-01	  9.87218577e-01	 -1.84830005e-02	  4.78291284e-04	
-6.67448989e-01	  1.20771320e-01	  7.34797597e-01	  4.56471285e-02	
 0.00000000e+00	  0.00000000e+00	  0.00000000e+00	  1.00000000e+00	
13	 56	 66	
 9.64123912e-01	 -1.26116996e-01	  2.33583551e-01	 -5.30539229e-01	
 7.70566728e-02	  9.75007257e-01	  2.08372899e-01	  6.25021545e-02	
-2.54019871e-01	 -1.82899775e-01	  9.49749121e-01	  5.32075179e-02	
 0.00000000e+00	  0.00000000e+00	  0.00000000e+00	  1.00000000e+00	
13	 57	 66	
 9.74257241e-01	  6.65916594e-02	 -2.15385940e-01	 -3.80652507e-01	
-1.76626690e-02	  9.74987391e-01	  2.21547363e-01	  1.94827222e-02	
 2.24757750e-01	 -2.12040078e-01	  9.51065677e-01	  2.45316158e-01	
 0.00000000e+00	  0.00000000e+00	  0.00000000e+00	  1.00000000e+00	
14	 15	 66	
 9.24505925e-01	  1.16210686e-01	 -3.63022010e-01	  2.39617271e-01	
-1.76190339e-02	  9.64401347e-01	  2.63851908e-01	  4.37407579e-02	
 3.80761906e-01	 -2.37536319e-01	  8.93642354e-01	  1.11210154e-01	
 0.00000000e+00	  0.00000000e+00	  0.00000000e+00	  1.00000000e+00	
14	 18	 66	
 4.61428176e-01	  2.57744937e-01	 -8.48913163e-01	  6.60675839e-01	
-5.69865415e-02	  9.63501774e-01	  2.61561166e-01	  1.77084677e-02	
 8.85347371e-01	 -7.23153368e-02	  4.59273038e-01	  3.89089307e-01	
 0.00000000e+00	  0.00000000e+00	  0.00000000e+00	  1.00000000e+00	
14	 56	 66	
 8.64381536e-01	 -2.38749159e-01	  4.42547087e-01	 -6.96676366e-01	
 8.90363719e-02	  9.38854591e-01	  3.32596131e-01	  7.32695138e-02	
-4.94890754e-01	 -2.48088428e-01	  8.32787686e-01	  1.14854666e-01	
 0.00000000e+00	  0.00000000e+00	  0.00000000e+00	  1.00000000e+00	
14	 57	 66	
 9.98197517e-01	 -5.95492328e-02	  7.80837184e-03	 -5.01625386e-01	
 5.37690920e-02	  9.43988894e-01	  3.25559627e-01	  6.07276053e-02	
-2.67539283e-02	 -3.24553066e-01	  9.45489709e-01	  2.66578821e-01	
 0.00000000e+00	  0.00000000e+00	  0.00000000e+00	  1.00000000e+00	
15	 18	 66	
 7.64702807e-01	  1.93774721e-01	 -6.14559407e-01	  4.95534997e-01	
-2.11637918e-01	  9.76334092e-01	  4.45040649e-02	 -4.21809224e-02	
 6.08639438e-01	  9.60310770e-02	  7.87613946e-01	  8.86023386e-02	
 0.00000000e+00	  0.00000000e+00	  0.00000000e+00	  1.00000000e+00	
15	 56	 66	
 6.09120647e-01	 -3.31729755e-01	  7.20370045e-01	 -8.64740481e-01	
 3.03871354e-01	  9.36619288e-01	  1.74367473e-01	 -8.11946940e-02	
-7.32552801e-01	  1.12687949e-01	  6.71316460e-01	  3.50943592e-01	
 0.00000000e+00	  0.00000000e+00	  0.00000000e+00	  1.00000000e+00	
15	 57	 66	
 9.11704035e-01	 -1.95263834e-01	  3.61488629e-01	 -6.26423228e-01	
 1.74210569e-01	  9.80558788e-01	  9.02896334e-02	 -1.06663338e-01	
-3.72089299e-01	 -1.93429847e-02	  9.27995045e-01	  4.12413704e-01	
 0.00000000e+00	  0.00000000e+00	  0.00000000e+00	  1.00000000e+00	
15	 62	 66	
 1.33571913e-01	  4.42322500e-01	 -8.86855827e-01	  8.05158358e-01	
-2.71844901e-01	  8.76900946e-01	  3.96414803e-01	 -9.89558340e-01	
 9.53026695e-01	  1.88135902e-01	  2.37371413e-01	  2.62075576e+00	
 0.00000000e+00	  0.00000000e+00	  0.00000000e+00	  1.00000000e+00	
16	 17	 66	
 9.95857440e-01	 -5.04876410e-02	 -7.56171973e-02	  5.02523149e-02	
 4.26243203e-02	  9.93849226e-01	 -1.02208988e-01	 -1.82835735e-03	
 8.03121428e-02	  9.85617276e-02	  9.91886488e-01	 -1.80664468e-01	
 0.00000000e+00	  0.00000000e+00	  0.00000000e+00	  1.00000000e+00	
16	 61	 66	
 6.82055978e-01	  3.46168485e-01	 -6.44183322e-01	  8.38153221e-01	
-1.00833618e-02	  8.85236173e-01	  4.65028661e-01	 -1.32481926e-01	
 7.31233359e-01	 -3.10679543e-01	  6.07271801e-01	  2.53688081e+00	
 0.00000000e+00	  0.00000000e+00	  0.00000000e+00	  1.00000000e+00	
17	 18	 66	
 9.22034285e-01	  1.59665314e-01	 -3.52651943e-01	  2.24819644e-01	
