0	 1	 57	
 5.00000000e+03	  0.00000000e+00	  0.00000000e+00	  0.00000000e+00	  1.05761494e+04	 -4.56485748e+01	
 0.00000000e+00	  5.00000000e+03	  0.00000000e+00	 -1.05761494e+04	  0.00000000e+00	  3.80179272e+03	
 0.00000000e+00	  0.00000000e+00	  5.00000000e+03	  4.56485748e+01	 -3.80179272e+03	  0.00000000e+00	
 0.00000000e+00	 -1.05761494e+04	  4.56485748e+01	  2.34035215e+04	  4.44154320e+01	 -8.20928516e+03	
 1.05761494e+04	  0.00000000e+00	 -3.80179272e+03	  4.44154320e+01	  2.65969688e+04	  3.04855862e+01	
-4.56485748e+01	  3.80179272e+03	  0.00000000e+00	 -8.20928516e+03	  3.04855862e+01	  4.07985229e+03	
0	 14	 57	
 5.00000000e+03	  0.00000000e+00	  0.00000000e+00	  0.00000000e+00	  1.02322998e+04	  1.21584137e+02	
 0.00000000e+00	  5.00000000e+03	  0.00000000e+00	 -1.02322998e+04	  0.00000000e+00	  1.91489221e+03	
 0.00000000e+00	  0.00000000e+00	  5.00000000e+03	 -1.21584137e+02	 -1.91489221e+03	  0.00000000e+00	
 0.00000000e+00	 -1.02322998e+04	 -1.21584137e+02	  2.22602520e+04	  1.27059715e+02	 -4.09020483e+03	
 1.02322998e+04	  0.00000000e+00	 -1.91489221e+03	  1.27059715e+02	  2.41654512e+04	  6.11829163e+02	
 1.21584137e+02	  1.91489221e+03	  0.00000000e+00	 -4.09020483e+03	  6.11829163e+02	  3.38038062e+03	
0	 24	 57	
 5.00000000e+03	  0.00000000e+00	  0.00000000e+00	  0.00000000e+00	  9.71381250e+03	  3.73375397e+02	
 0.00000000e+00	  5.00000000e+03	  0.00000000e+00	 -9.71381250e+03	  0.00000000e+00	  1.30242053e+03	
 0.00000000e+00	  0.00000000e+00	  5.00000000e+03	 -3.73375397e+02	 -1.30242053e+03	  0.00000000e+00	
 0.00000000e+00	 -9.71381250e+03	 -3.73375397e+02	  2.07273262e+04	  5.17061829e+02	 -2.66353906e+03	
 9.71381250e+03	  0.00000000e+00	 -1.30242053e+03	  5.17061829e+02	  2.17625195e+04	  1.28685010e+03	
 3.73375397e+02	  1.30242053e+03	  0.00000000e+00	 -2.66353906e+03	  1.28685010e+03	  3.78253052e+03	
0	 25	 57	
 5.00000000e+03	  0.00000000e+00	  0.00000000e+00	  0.00000000e+00	  9.85751074e+03	 -2.19437805e+02	
 0.00000000e+00	  5.00000000e+03	  0.00000000e+00	 -9.85751074e+03	  0.00000000e+00	  2.17518158e+02	
 0.00000000e+00	  0.00000000e+00	  5.00000000e+03	  2.19437805e+02	 -2.17518158e+02	  0.00000000e+00	
 0.00000000e+00	 -9.85751074e+03	  2.19437805e+02	  2.05177910e+04	 -3.02076141e+02	  1.33624222e+02	
 9.85751074e+03	  0.00000000e+00	 -2.17518158e+02	 -3.02076141e+02	  2.23775938e+04	 -8.42957115e+00	
-2.19437805e+02	  2.17518158e+02	  0.00000000e+00	  1.33624222e+02	 -8.42957115e+00	  2.92629077e+03	
0	 26	 57	
 5.00000000e+03	  0.00000000e+00	  0.00000000e+00	  0.00000000e+00	  1.08969844e+04	  9.07755005e+02	
 0.00000000e+00	  5.00000000e+03	  0.00000000e+00	 -1.08969844e+04	  0.00000000e+00	 -1.00282715e+03	
 0.00000000e+00	  0.00000000e+00	  5.00000000e+03	 -9.07755005e+02	  1.00282715e+03	  0.00000000e+00	
 0.00000000e+00	 -1.08969844e+04	 -9.07755005e+02	  2.46372441e+04	 -2.03109207e+02	  2.31785229e+03	
 1.08969844e+04	  0.00000000e+00	  1.00282715e+03	 -2.03109207e+02	  2.59938848e+04	  2.21540771e+03	
 9.07755005e+02	 -1.00282715e+03	  0.00000000e+00	  2.31785229e+03	  2.21540771e+03	  2.53806201e+03	
1	 2	 57	
 5.00000000e+03	  0.00000000e+00	  0.00000000e+00	  0.00000000e+00	  9.57371191e+03	  1.09332776e+03	
 0.00000000e+00	  5.00000000e+03	  0.00000000e+00	 -9.57371191e+03	  0.00000000e+00	  3.51091211e+03	
 0.00000000e+00	  0.00000000e+00	  5.00000000e+03	 -1.09332776e+03	 -3.51091211e+03	  0.00000000e+00	
 0.00000000e+00	 -9.57371191e+03	 -1.09332776e+03	  2.05517402e+04	  5.35912781e+02	 -6.57357471e+03	
 9.57371191e+03	  0.00000000e+00	 -3.51091211e+03	  5.35912781e+02	  2.21737246e+04	  2.76435498e+03	
 1.09332776e+03	  3.51091211e+03	  0.00000000e+00	 -6.57357471e+03	  2.76435498e+03	  4.74696729e+03	
1	 14	 57	
 5.00000000e+03	  0.00000000e+00	  0.00000000e+00	  0.00000000e+00	  1.09859834e+04	  2.50714600e+03	
 0.00000000e+00	  5.00000000e+03	  0.00000000e+00	 -1.09859834e+04	  0.00000000e+00	 -4.92181702e+02	
 0.00000000e+00	  0.00000000e+00	  5.00000000e+03	 -2.50714600e+03	  4.92181702e+02	  0.00000000e+00	
 0.00000000e+00	 -1.09859834e+04	 -2.50714600e+03	  2.64209004e+04	 -1.51317490e+02	  9.40128784e+02	
 1.09859834e+04	  0.00000000e+00	  4.92181702e+02	 -1.51317490e+02	  2.59268730e+04	  5.76971240e+03	
 2.50714600e+03	 -4.92181702e+02	  0.00000000e+00	  9.40128784e+02	  5.76971240e+03	  3.11485156e+03	
1	 15	 57	
 5.00000000e+03	  0.00000000e+00	  0.00000000e+00	  0.00000000e+00	  9.96013477e+03	  1.47862830e+03	
 0.00000000e+00	  5.00000000e+03	  0.00000000e+00	 -9.96013477e+03	  0.00000000e+00	  4.15755371e+03	
 0.00000000e+00	  0.00000000e+00	  5.00000000e+03	 -1.47862830e+03	 -4.15755371e+03	  0.00000000e+00	
 0.00000000e+00	 -9.96013477e+03	 -1.47862830e+03	  2.19054121e+04	  9.85840759e+02	 -7.80345215e+03	
 9.96013477e+03	  0.00000000e+00	 -4.15755371e+03	  9.85840759e+02	  2.48536191e+04	  3.20897974e+03	
 1.47862830e+03	  4.15755371e+03	  0.00000000e+00	 -7.80345215e+03	  3.20897974e+03	  5.87683594e+03	
1	 16	 57	
 5.00000000e+03	  0.00000000e+00	  0.00000000e+00	  0.00000000e+00	  9.14436621e+03	  9.41546814e+02	
 0.00000000e+00	  5.00000000e+03	  0.00000000e+00	 -9.14436621e+03	  0.00000000e+00	  3.80609351e+03	
 0.00000000e+00	  0.00000000e+00	  5.00000000e+03	 -9.41546814e+02	 -3.80609351e+03	  0.00000000e+00	
 0.00000000e+00	 -9.14436621e+03	 -9.41546814e+02	  1.83688516e+04	  1.05750293e+03	 -7.20830957e+03	
 9.14436621e+03	  0.00000000e+00	 -3.80609351e+03	  1.05750293e+03	  2.06824395e+04	  2.09925220e+03	
 9.41546814e+02	  3.80609351e+03	  0.00000000e+00	 -7.20830957e+03	  2.09925220e+03	  4.66881885e+03	
1	 23	 57	
 5.00000000e+03	  0.00000000e+00	  0.00000000e+00	  0.00000000e+00	  1.00283828e+04	  1.79404224e+03	
 0.00000000e+00	  5.00000000e+03	  0.00000000e+00	 -1.00283828e+04	  0.00000000e+00	 -6.86558151e+01	
 0.00000000e+00	  0.00000000e+00	  5.00000000e+03	 -1.79404224e+03	  6.86558151e+01	  0.00000000e+00	
 0.00000000e+00	 -1.00283828e+04	 -1.79404224e+03	  2.22587617e+04	 -5.36835823e+01	  2.84182831e+02	
 1.00283828e+04	  0.00000000e+00	  6.86558151e+01	 -5.36835823e+01	  2.25718047e+04	  4.19211865e+03	
 1.79404224e+03	 -6.86558151e+01	  0.00000000e+00	  2.84182831e+02	  4.19211865e+03	  3.27330444e+03	
1	 24	 57	
 5.00000000e+03	  0.00000000e+00	  0.00000000e+00	  0.00000000e+00	  1.12472520e+04	  2.79596191e+03	
 0.00000000e+00	  5.00000000e+03	  0.00000000e+00	 -1.12472520e+04	  0.00000000e+00	 -2.69044525e+02	
 0.00000000e+00	  0.00000000e+00	  5.00000000e+03	 -2.79596191e+03	  2.69044525e+02	  0.00000000e+00	
 0.00000000e+00	 -1.12472520e+04	 -2.79596191e+03	  2.77466426e+04	  2.40793018e+01	  2.36837936e+02	
 1.12472520e+04	  0.00000000e+00	  2.69044525e+02	  2.40793018e+01	  2.69352461e+04	  6.56909814e+03	
 2.79596191e+03	 -2.69044525e+02	  0.00000000e+00	  2.36837936e+02	  6.56909814e+03	  3.29699829e+03	
1	 25	 57	
 5.00000000e+03	  0.00000000e+00	  0.00000000e+00	  0.00000000e+00	  1.09160820e+04	  2.63983936e+03	
 0.00000000e+00	  5.00000000e+03	  0.00000000e+00	 -1.09160820e+04	  0.00000000e+00	  3.82592041e+02	
 0.00000000e+00	  0.00000000e+00	  5.00000000e+03	 -2.63983936e+03	 -3.82592041e+02	  0.00000000e+00	
 0.00000000e+00	 -1.09160820e+04	 -2.63983936e+03	  2.62097832e+04	  4.14744171e+02	 -1.11155615e+03	
 1.09160820e+04	  0.00000000e+00	 -3.82592041e+02	  4.14744171e+02	  2.56600352e+04	  6.10108301e+03	
 2.63983936e+03	  3.82592041e+02	  0.00000000e+00	 -1.11155615e+03	  6.10108301e+03	  3.27956641e+03	
2	 15	 57	
 5.00000000e+03	  0.00000000e+00	  0.00000000e+00	  0.00000000e+00	  1.13055596e+04	 -4.55409473e+03	
 0.00000000e+00	  5.00000000e+03	  0.00000000e+00	 -1.13055596e+04	  0.00000000e+00	 -1.15815588e+03	
 0.00000000e+00	  0.00000000e+00	  5.00000000e+03	  4.55409473e+03	  1.15815588e+03	  0.00000000e+00	
 0.00000000e+00	 -1.13055596e+04	  4.55409473e+03	  3.09939883e+04	  6.17672791e+02	  2.71864868e+03	
 1.13055596e+04	  0.00000000e+00	  1.15815588e+03	  6.17672791e+02	  2.79711152e+04	 -1.00558262e+04	
-4.55409473e+03	 -1.15815588e+03	  0.00000000e+00	  2.71864868e+03	 -1.00558262e+04	  6.94662695e+03	
2	 16	 57	
 5.00000000e+03	  0.00000000e+00	  0.00000000e+00	  0.00000000e+00	  1.06794922e+04	 -3.51076636e+03	
 0.00000000e+00	  5.00000000e+03	  0.00000000e+00	 -1.06794922e+04	  0.00000000e+00	  1.21791467e+03	
 0.00000000e+00	  0.00000000e+00	  5.00000000e+03	  3.51076636e+03	 -1.21791467e+03	  0.00000000e+00	
 0.00000000e+00	 -1.06794922e+04	  3.51076636e+03	  2.72418086e+04	 -1.81597641e+02	 -2.51514893e+03	
 1.06794922e+04	  0.00000000e+00	 -1.21791467e+03	 -1.81597641e+02	  2.56297559e+04	 -7.27855908e+03	
-3.51076636e+03	  1.21791467e+03	  0.00000000e+00	 -2.51514893e+03	 -7.27855908e+03	  5.79522607e+03	
2	 23	 57	
 5.00000000e+03	  0.00000000e+00	  0.00000000e+00	  0.00000000e+00	  1.12645010e+04	 -3.67595825e+03	
 0.00000000e+00	  5.00000000e+03	  0.00000000e+00	 -1.12645010e+04	  0.00000000e+00	  8.75250244e+02	
 0.00000000e+00	  0.00000000e+00	  5.00000000e+03	  3.67595825e+03	 -8.75250244e+02	  0.00000000e+00	
 0.00000000e+00	 -1.12645010e+04	  3.67595825e+03	  2.89126855e+04	 -5.65160522e+02	 -1.68204004e+03	
 1.12645010e+04	  0.00000000e+00	 -8.75250244e+02	 -5.65160522e+02	  2.80829434e+04	 -8.14690088e+03	
-3.67595825e+03	  8.75250244e+02	  0.00000000e+00	 -1.68204004e+03	 -8.14690088e+03	  5.25747510e+03	
3	 4	 57	
 5.00000000e+03	  0.00000000e+00	  0.00000000e+00	  0.00000000e+00	  8.85129395e+03	  2.51418823e+03	
 0.00000000e+00	  5.00000000e+03	  0.00000000e+00	 -8.85129395e+03	  0.00000000e+00	  2.09686621e+03	
 0.00000000e+00	  0.00000000e+00	  5.00000000e+03	 -2.51418823e+03	 -2.09686621e+03	  0.00000000e+00	
 0.00000000e+00	 -8.85129395e+03	 -2.51418823e+03	  1.85549844e+04	  5.47418762e+02	 -3.00343311e+03	
 8.85129395e+03	  0.00000000e+00	 -2.09686621e+03	  5.47418762e+02	  1.86203594e+04	  4.96481738e+03	
 2.51418823e+03	  2.09686621e+03	  0.00000000e+00	 -3.00343311e+03	  4.96481738e+03	  4.25304199e+03	
3	 12	 57	
 5.00000000e+03	  0.00000000e+00	  0.00000000e+00	  0.00000000e+00	  1.07411797e+04	  1.84670813e+03	
 0.00000000e+00	  5.00000000e+03	  0.00000000e+00	 -1.07411797e+04	  0.00000000e+00	 -6.17635132e+02	
 0.00000000e+00	  0.00000000e+00	  5.00000000e+03	 -1.84670813e+03	  6.17635132e+02	  0.00000000e+00	
 0.00000000e+00	 -1.07411797e+04	 -1.84670813e+03	  2.57637227e+04	 -2.27083786e+02	  1.72183948e+03	
 1.07411797e+04	  0.00000000e+00	  6.17635132e+02	 -2.27083786e+02	  2.52062520e+04	  4.14599707e+03	
 1.84670813e+03	 -6.17635132e+02	  0.00000000e+00	  1.72183948e+03	  4.14599707e+03	  3.43498901e+03	
3	 16	 57	
 5.00000000e+03	  0.00000000e+00	  0.00000000e+00	  0.00000000e+00	  1.01882881e+04	  1.70995862e+03	
 0.00000000e+00	  5.00000000e+03	  0.00000000e+00	 -1.01882881e+04	  0.00000000e+00	 -6.09644165e+02	
 0.00000000e+00	  0.00000000e+00	  5.00000000e+03	 -1.70995862e+03	  6.09644165e+02	  0.00000000e+00	
 0.00000000e+00	 -1.01882881e+04	 -1.70995862e+03	  2.31481523e+04	 -3.02531494e+02	  1.42525049e+03	
 1.01882881e+04	  0.00000000e+00	  6.09644165e+02	 -3.02531494e+02	  2.21351758e+04	  3.72889673e+03	
 1.70995862e+03	 -6.09644165e+02	  0.00000000e+00	  1.42525049e+03	  3.72889673e+03	  2.82971436e+03	
3	 17	 57	
 5.00000000e+03	  0.00000000e+00	  0.00000000e+00	  0.00000000e+00	  9.74477930e+03	  1.21162939e+03	
 0.00000000e+00	  5.00000000e+03	  0.00000000e+00	 -9.74477930e+03	  0.00000000e+00	  6.66476440e+02	
 0.00000000e+00	  0.00000000e+00	  5.00000000e+03	 -1.21162939e+03	 -6.66476440e+02	  0.00000000e+00	
 0.00000000e+00	 -9.74477930e+03	 -1.21162939e+03	  2.15181641e+04	  1.01016678e+02	 -7.95862000e+02	
 9.74477930e+03	  0.00000000e+00	 -6.66476440e+02	  1.01016678e+02	  2.10874121e+04	  2.66974292e+03	
 1.21162939e+03	  6.66476440e+02	  0.00000000e+00	 -7.95862000e+02	  2.66974292e+03	  3.35025098e+03	
4	 17	 57	
 5.00000000e+03	  0.00000000e+00	  0.00000000e+00	  0.00000000e+00	  1.06084834e+04	 -4.93345557e+03	
 0.00000000e+00	  5.00000000e+03	  0.00000000e+00	 -1.06084834e+04	  0.00000000e+00	 -6.65256592e+02	
 0.00000000e+00	  0.00000000e+00	  5.00000000e+03	  4.93345557e+03	  6.65256592e+02	  0.00000000e+00	
 0.00000000e+00	 -1.06084834e+04	  4.93345557e+03	  2.93834668e+04	  6.35556824e+02	  2.40793579e+03	
 1.06084834e+04	  0.00000000e+00	  6.65256592e+02	  6.35556824e+02	  2.58512266e+04	 -1.02749775e+04	
-4.93345557e+03	 -6.65256592e+02	  0.00000000e+00	  2.40793579e+03	 -1.02749775e+04	  6.67176904e+03	
5	 6	 57	
 5.00000000e+03	  0.00000000e+00	  0.00000000e+00	  0.00000000e+00	  1.12723262e+04	  2.91171289e+03	
 0.00000000e+00	  5.00000000e+03	  0.00000000e+00	 -1.12723262e+04	  0.00000000e+00	  5.31272998e+03	
 0.00000000e+00	  0.00000000e+00	  5.00000000e+03	 -2.91171289e+03	 -5.31272998e+03	  0.00000000e+00	
 0.00000000e+00	 -1.12723262e+04	 -2.91171289e+03	  2.91216211e+04	  2.85380396e+03	 -1.21486680e+04	
 1.12723262e+04	  0.00000000e+00	 -5.31272998e+03	  2.85380396e+03	  3.19481387e+04	  6.38037354e+03	
 2.91171289e+03	  5.31272998e+03	  0.00000000e+00	 -1.21486680e+04	  6.38037354e+03	  9.30779590e+03	
5	 11	 57	
 5.00000000e+03	  0.00000000e+00	  0.00000000e+00	  0.00000000e+00	  9.17764941e+03	 -1.10988220e+03	
 0.00000000e+00	  5.00000000e+03	  0.00000000e+00	 -9.17764941e+03	  0.00000000e+00	  5.89036438e+02	
 0.00000000e+00	  0.00000000e+00	  5.00000000e+03	  1.10988220e+03	 -5.89036438e+02	  0.00000000e+00	
 0.00000000e+00	 -9.17764941e+03	  1.10988220e+03	  1.80849824e+04	 -5.06569061e+02	 -7.89613220e+02	
 9.17764941e+03	  0.00000000e+00	 -5.89036438e+02	 -5.06569061e+02	  1.87790117e+04	 -2.06483032e+03	
-1.10988220e+03	  5.89036438e+02	  0.00000000e+00	 -7.89613220e+02	 -2.06483032e+03	  2.69531641e+03	
5	 13	 57	
 5.00000000e+03	  0.00000000e+00	  0.00000000e+00	  0.00000000e+00	  8.99372559e+03	 -1.17967542e+03	
 0.00000000e+00	  5.00000000e+03	  0.00000000e+00	 -8.99372559e+03	  0.00000000e+00	  4.85972351e+02	
 0.00000000e+00	  0.00000000e+00	  5.00000000e+03	  1.17967542e+03	 -4.85972351e+02	  0.00000000e+00	
 0.00000000e+00	 -8.99372559e+03	  1.17967542e+03	  1.73929336e+04	 -3.40502858e+00	 -9.32395996e+02	
 8.99372559e+03	  0.00000000e+00	 -4.85972351e+02	 -3.40502858e+00	  1.72007734e+04	 -2.24113867e+03	
-1.17967542e+03	  4.85972351e+02	  0.00000000e+00	 -9.32395996e+02	 -2.24113867e+03	  1.98622913e+03	
5	 17	 57	
 5.00000000e+03	  0.00000000e+00	  0.00000000e+00	  0.00000000e+00	  9.42901758e+03	 -7.79587158e+02	
 0.00000000e+00	  5.00000000e+03	  0.00000000e+00	 -9.42901758e+03	  0.00000000e+00	 -1.79143457e+03	
 0.00000000e+00	  0.00000000e+00	  5.00000000e+03	  7.79587158e+02	  1.79143457e+03	  0.00000000e+00	
 0.00000000e+00	 -9.42901758e+03	  7.79587158e+02	  1.90009688e+04	  2.04219147e+02	  3.84353345e+03	
 9.42901758e+03	  0.00000000e+00	  1.79143457e+03	  2.04219147e+02	  2.00112598e+04	 -1.55402368e+03	
-7.79587158e+02	 -1.79143457e+03	  0.00000000e+00	  3.84353345e+03	 -1.55402368e+03	  2.68486133e+03	
5	 18	 57	
 5.00000000e+03	  0.00000000e+00	  0.00000000e+00	  0.00000000e+00	  1.04618945e+04	  1.19003821e+03	
 0.00000000e+00	  5.00000000e+03	  0.00000000e+00	 -1.04618945e+04	  0.00000000e+00	  3.44502588e+03	
 0.00000000e+00	  0.00000000e+00	  5.00000000e+03	 -1.19003821e+03	 -3.44502588e+03	  0.00000000e+00	
 0.00000000e+00	 -1.04618945e+04	 -1.19003821e+03	  2.43100762e+04	  1.38795166e+03	 -7.86475244e+03	
 1.04618945e+04	  0.00000000e+00	 -3.44502588e+03	  1.38795166e+03	  2.60855410e+04	  2.72236499e+03	
 1.19003821e+03	  3.44502588e+03	  0.00000000e+00	 -7.86475244e+03	  2.72236499e+03	  5.44811182e+03	
5	 22	 57	
 5.00000000e+03	  0.00000000e+00	  0.00000000e+00	  0.00000000e+00	  1.04978184e+04	  6.98388855e+02	
 0.00000000e+00	  5.00000000e+03	  0.00000000e+00	 -1.04978184e+04	  0.00000000e+00	  3.14248560e+03	
 0.00000000e+00	  0.00000000e+00	  5.00000000e+03	 -6.98388855e+02	 -3.14248560e+03	  0.00000000e+00	
 0.00000000e+00	 -1.04978184e+04	 -6.98388855e+02	  2.37885801e+04	  7.12210144e+02	 -7.24973584e+03	
 1.04978184e+04	  0.00000000e+00	 -3.14248560e+03	  7.12210144e+02	  2.60823457e+04	  1.56792615e+03	
 6.98388855e+02	  3.14248560e+03	  0.00000000e+00	 -7.24973584e+03	  1.56792615e+03	  4.63162988e+03	
5	 32	 57	
 5.00000000e+03	  0.00000000e+00	  0.00000000e+00	  0.00000000e+00	  8.98527344e+03	 -2.08401831e+03	
 0.00000000e+00	  5.00000000e+03	  0.00000000e+00	 -8.98527344e+03	  0.00000000e+00	  2.83260864e+03	
 0.00000000e+00	  0.00000000e+00	  5.00000000e+03	  2.08401831e+03	 -2.83260864e+03	  0.00000000e+00	
 0.00000000e+00	 -8.98527344e+03	  2.08401831e+03	  1.75397266e+04	 -1.09232581e+03	 -5.17410352e+03	
 8.98527344e+03	  0.00000000e+00	 -2.83260864e+03	 -1.09232581e+03	  1.96909121e+04	 -3.61413672e+03	
-2.08401831e+03	  2.83260864e+03	  0.00000000e+00	 -5.17410352e+03	 -3.61413672e+03	  4.57250000e+03	
6	 18	 57	
 5.00000000e+03	  0.00000000e+00	  0.00000000e+00	  0.00000000e+00	  1.39045791e+04	 -4.26490869e+03	
 0.00000000e+00	  5.00000000e+03	  0.00000000e+00	 -1.39045791e+04	  0.00000000e+00	  2.16119629e+03	
 0.00000000e+00	  0.00000000e+00	  5.00000000e+03	  4.26490869e+03	 -2.16119629e+03	  0.00000000e+00	
 0.00000000e+00	 -1.39045791e+04	  4.26490869e+03	  4.39956172e+04	 -2.16900537e+03	 -6.24587646e+03	
 1.39045791e+04	  0.00000000e+00	 -2.16119629e+03	 -2.16900537e+03	  4.22211250e+04	 -1.17981299e+04	
-4.26490869e+03	  2.16119629e+03	  0.00000000e+00	 -6.24587646e+03	 -1.17981299e+04	  7.41391406e+03	
7	 8	 57	
 5.00000000e+03	  0.00000000e+00	  0.00000000e+00	  0.00000000e+00	  9.60413770e+03	  2.04405359e+03	
 0.00000000e+00	  5.00000000e+03	  0.00000000e+00	 -9.60413770e+03	  0.00000000e+00	  4.26147510e+03	
 0.00000000e+00	  0.00000000e+00	  5.00000000e+03	 -2.04405359e+03	 -4.26147510e+03	  0.00000000e+00	
 0.00000000e+00	 -9.60413770e+03	 -2.04405359e+03	  2.10637207e+04	  1.66650232e+03	 -8.18649854e+03	
 9.60413770e+03	  0.00000000e+00	 -4.26147510e+03	  1.66650232e+03	  2.35687754e+04	  4.73353662e+03	
 2.04405359e+03	  4.26147510e+03	  0.00000000e+00	 -8.18649854e+03	  4.73353662e+03	  6.05525049e+03	
7	 19	 57	
 5.00000000e+03	  0.00000000e+00	  0.00000000e+00	  0.00000000e+00	  1.21352129e+04	  2.71981787e+03	
 0.00000000e+00	  5.00000000e+03	  0.00000000e+00	 -1.21352129e+04	  0.00000000e+00	 -6.00446854e+01	
 0.00000000e+00	  0.00000000e+00	  5.00000000e+03	 -2.71981787e+03	  6.00446854e+01	  0.00000000e+00	
 0.00000000e+00	 -1.21352129e+04	 -2.71981787e+03	  3.21004688e+04	  1.03030664e+03	  1.46733728e+03	
 1.21352129e+04	  0.00000000e+00	  6.00446854e+01	  1.03030664e+03	  3.48771914e+04	  6.44072754e+03	
 2.71981787e+03	 -6.00446854e+01	  0.00000000e+00	  1.46733728e+03	  6.44072754e+03	  6.90042236e+03	
8	 9	 57	
 5.00000000e+03	  0.00000000e+00	  0.00000000e+00	  0.00000000e+00	  1.34626738e+04	 -2.35772363e+03	
 0.00000000e+00	  5.00000000e+03	  0.00000000e+00	 -1.34626738e+04	  0.00000000e+00	  9.91145752e+02	
 0.00000000e+00	  0.00000000e+00	  5.00000000e+03	  2.35772363e+03	 -9.91145752e+02	  0.00000000e+00	
 0.00000000e+00	 -1.34626738e+04	  2.35772363e+03	  3.88017031e+04	 -1.41421127e+02	 -2.66337256e+03	
 1.34626738e+04	  0.00000000e+00	 -9.91145752e+02	 -1.41421127e+02	  3.83145391e+04	 -6.01283545e+03	
-2.35772363e+03	  9.91145752e+02	  0.00000000e+00	 -2.66337256e+03	 -6.01283545e+03	  3.05946753e+03	
9	 10	 57	
 5.00000000e+03	  0.00000000e+00	  0.00000000e+00	  0.00000000e+00	  1.17575508e+04	  1.06965076e+03	
 0.00000000e+00	  5.00000000e+03	  0.00000000e+00	 -1.17575508e+04	  0.00000000e+00	 -2.09139746e+03	
 0.00000000e+00	  0.00000000e+00	  5.00000000e+03	 -1.06965076e+03	  2.09139746e+03	  0.00000000e+00	
 0.00000000e+00	 -1.17575508e+04	 -1.06965076e+03	  2.90347246e+04	 -1.29050583e+02	  5.35045215e+03	
 1.17575508e+04	  0.00000000e+00	  2.09139746e+03	 -1.29050583e+02	  3.06978574e+04	  2.64446289e+03	
 1.06965076e+03	 -2.09139746e+03	  0.00000000e+00	  5.35045215e+03	  2.64446289e+03	  3.53050317e+03	
9	 25	 57	
 5.00000000e+03	  0.00000000e+00	  0.00000000e+00	  0.00000000e+00	  9.18249316e+03	  3.09682678e+02	
 0.00000000e+00	  5.00000000e+03	  0.00000000e+00	 -9.18249316e+03	  0.00000000e+00	  1.94924451e+03	
 0.00000000e+00	  0.00000000e+00	  5.00000000e+03	 -3.09682678e+02	 -1.94924451e+03	  0.00000000e+00	
 0.00000000e+00	 -9.18249316e+03	 -3.09682678e+02	  1.83304414e+04	  2.68806885e+02	 -3.47743945e+03	
 9.18249316e+03	  0.00000000e+00	 -1.94924451e+03	  2.68806885e+02	  1.86715059e+04	  1.03299438e+03	
 3.09682678e+02	  1.94924451e+03	  0.00000000e+00	 -3.47743945e+03	  1.03299438e+03	  1.81100305e+03	
9	 26	 57	
 5.00000000e+03	  0.00000000e+00	  0.00000000e+00	  0.00000000e+00	  9.99053906e+03	  3.79148895e+02	
 0.00000000e+00	  5.00000000e+03	  0.00000000e+00	 -9.99053906e+03	  0.00000000e+00	  9.07713135e+02	
 0.00000000e+00	  0.00000000e+00	  5.00000000e+03	 -3.79148895e+02	 -9.07713135e+02	  0.00000000e+00	
 0.00000000e+00	 -9.99053906e+03	 -3.79148895e+02	  2.19295664e+04	  4.14799896e+02	 -1.61883093e+03	
 9.99053906e+03	  0.00000000e+00	 -9.07713135e+02	  4.14799896e+02	  2.15735215e+04	  1.17555042e+03	
 3.79148895e+02	  9.07713135e+02	  0.00000000e+00	 -1.61883093e+03	  1.17555042e+03	  2.00305798e+03	
10	 26	 57	
 5.00000000e+03	  0.00000000e+00	  0.00000000e+00	  0.00000000e+00	  9.91300684e+03	 -9.70525574e+02	
 0.00000000e+00	  5.00000000e+03	  0.00000000e+00	 -9.91300684e+03	  0.00000000e+00	  9.52302063e+02	
 0.00000000e+00	  0.00000000e+00	  5.00000000e+03	  9.70525574e+02	 -9.52302063e+02	  0.00000000e+00	
 0.00000000e+00	 -9.91300684e+03	  9.70525574e+02	  2.19799766e+04	  9.50749359e+01	 -2.02577405e+03	
 9.91300684e+03	  0.00000000e+00	 -9.52302063e+02	  9.50749359e+01	  2.18480469e+04	 -1.20596692e+03	
-9.70525574e+02	  9.52302063e+02	  0.00000000e+00	 -2.02577405e+03	 -1.20596692e+03	  1.54712781e+03	
10	 29	 57	
 5.00000000e+03	  0.00000000e+00	  0.00000000e+00	  0.00000000e+00	  8.12467969e+03	 -2.40177490e+03	
 0.00000000e+00	  5.00000000e+03	  0.00000000e+00	 -8.12467969e+03	  0.00000000e+00	 -1.38724463e+03	
 0.00000000e+00	  0.00000000e+00	  5.00000000e+03	  2.40177490e+03	  1.38724463e+03	  0.00000000e+00	
 0.00000000e+00	 -8.12467969e+03	  2.40177490e+03	  1.48731152e+04	  7.31781067e+02	  2.25978687e+03	
 8.12467969e+03	  0.00000000e+00	  1.38724463e+03	  7.31781067e+02	  1.48462158e+04	 -3.75588843e+03	
-2.40177490e+03	 -1.38724463e+03	  0.00000000e+00	  2.25978687e+03	 -3.75588843e+03	  2.44075171e+03	
11	 13	 57	
 5.00000000e+03	  0.00000000e+00	  0.00000000e+00	  0.00000000e+00	  1.44764658e+04	 -3.20595068e+03	
 0.00000000e+00	  5.00000000e+03	  0.00000000e+00	 -1.44764658e+04	  0.00000000e+00	  1.33372485e+03	
 0.00000000e+00	  0.00000000e+00	  5.00000000e+03	  3.20595068e+03	 -1.33372485e+03	  0.00000000e+00	
 0.00000000e+00	 -1.44764658e+04	  3.20595068e+03	  4.48995469e+04	 -7.56065674e+02	 -4.08716504e+03	
 1.44764658e+04	  0.00000000e+00	 -1.33372485e+03	 -7.56065674e+02	  4.40306758e+04	 -9.29405273e+03	
-3.20595068e+03	  1.33372485e+03	  0.00000000e+00	 -4.08716504e+03	 -9.29405273e+03	  3.98741406e+03	
12	 16	 57	
 5.00000000e+03	  0.00000000e+00	  0.00000000e+00	  0.00000000e+00	  9.68579688e+03	 -8.96520935e+02	
 0.00000000e+00	  5.00000000e+03	  0.00000000e+00	 -9.68579688e+03	  0.00000000e+00	  1.58957336e+03	
 0.00000000e+00	  0.00000000e+00	  5.00000000e+03	  8.96520935e+02	 -1.58957336e+03	  0.00000000e+00	
 0.00000000e+00	 -9.68579688e+03	  8.96520935e+02	  2.02683535e+04	 -3.62088501e+02	 -2.82478809e+03	
 9.68579688e+03	  0.00000000e+00	 -1.58957336e+03	 -3.62088501e+02	  2.04365996e+04	 -1.42309338e+03	
-8.96520935e+02	  1.58957336e+03	  0.00000000e+00	 -2.82478809e+03	 -1.42309338e+03	  2.29607935e+03	
12	 17	 57	
 5.00000000e+03	  0.00000000e+00	  0.00000000e+00	  0.00000000e+00	  1.06484355e+04	 -1.17476074e+03	
 0.00000000e+00	  5.00000000e+03	  0.00000000e+00	 -1.06484355e+04	  0.00000000e+00	  2.87730005e+03	
 0.00000000e+00	  0.00000000e+00	  5.00000000e+03	  1.17476074e+03	 -2.87730005e+03	  0.00000000e+00	
 0.00000000e+00	 -1.06484355e+04	  1.17476074e+03	  2.47544766e+04	 -8.18655334e+02	 -6.28373682e+03	
 1.06484355e+04	  0.00000000e+00	 -2.87730005e+03	 -8.18655334e+02	  2.70249707e+04	 -2.10360010e+03	
-1.17476074e+03	  2.87730005e+03	  0.00000000e+00	 -6.28373682e+03	 -2.10360010e+03	  5.09313477e+03	
13	 18	 57	
 5.00000000e+03	  0.00000000e+00	  0.00000000e+00	  0.00000000e+00	  1.37788037e+04	  9.05979187e+02	
 0.00000000e+00	  5.00000000e+03	  0.00000000e+00	 -1.37788037e+04	  0.00000000e+00	  1.34737573e+03	
 0.00000000e+00	  0.00000000e+00	  5.00000000e+03	 -9.05979187e+02	 -1.34737573e+03	  0.00000000e+00	
 0.00000000e+00	 -1.37788037e+04	 -9.05979187e+02	  3.94037070e+04	  5.51114746e+02	 -3.95817212e+03	
 1.37788037e+04	  0.00000000e+00	 -1.34737573e+03	  5.51114746e+02	  4.08526289e+04	  2.51649146e+03	
 9.05979187e+02	  1.34737573e+03	  0.00000000e+00	 -3.95817212e+03	  2.51649146e+03	  3.19297021e+03	
13	 22	 57	
 5.00000000e+03	  0.00000000e+00	  0.00000000e+00	  0.00000000e+00	  1.32495840e+04	 -1.55897018e+02	
 0.00000000e+00	  5.00000000e+03	  0.00000000e+00	 -1.32495840e+04	  0.00000000e+00	  8.04696838e+02	
 0.00000000e+00	  0.00000000e+00	  5.00000000e+03	  1.55897018e+02	 -8.04696838e+02	  0.00000000e+00	
 0.00000000e+00	 -1.32495840e+04	  1.55897018e+02	  3.64619180e+04	  8.46826019e+01	 -2.25797998e+03	
 1.32495840e+04	  0.00000000e+00	 -8.04696838e+02	  8.46826019e+01	  3.71526758e+04	 -2.33199966e+02	
-1.55897018e+02	  8.04696838e+02	  0.00000000e+00	 -2.25797998e+03	 -2.33199966e+02	  2.12793677e+03	
13	 27	 57	
 5.00000000e+03	  0.00000000e+00	  0.00000000e+00	  0.00000000e+00	  1.02463018e+04	 -1.81250696e+03	
 0.00000000e+00	  5.00000000e+03	  0.00000000e+00	 -1.02463018e+04	  0.00000000e+00	  1.29964478e+03	
 0.00000000e+00	  0.00000000e+00	  5.00000000e+03	  1.81250696e+03	 -1.29964478e+03	  0.00000000e+00	
 0.00000000e+00	 -1.02463018e+04	  1.81250696e+03	  2.47614961e+04	 -5.78606018e+02	 -1.76105334e+03	
 1.02463018e+04	  0.00000000e+00	 -1.29964478e+03	 -5.78606018e+02	  2.49381738e+04	 -3.22802954e+03	
-1.81250696e+03	  1.29964478e+03	  0.00000000e+00	 -1.76105334e+03	 -3.22802954e+03	  2.19339844e+03	
13	 29	 57	
 5.00000000e+03	  0.00000000e+00	  0.00000000e+00	  0.00000000e+00	  9.38033691e+03	 -1.85591724e+03	
 0.00000000e+00	  5.00000000e+03	  0.00000000e+00	 -9.38033691e+03	  0.00000000e+00	  2.69669653e+03	
 0.00000000e+00	  0.00000000e+00	  5.00000000e+03	  1.85591724e+03	 -2.69669653e+03	  0.00000000e+00	
 0.00000000e+00	 -9.38033691e+03	  1.85591724e+03	  2.04635664e+04	 -5.97984985e+02	 -5.14615576e+03	
 9.38033691e+03	  0.00000000e+00	 -2.69669653e+03	 -5.97984985e+02	  2.11428066e+04	 -3.16626270e+03	
-1.85591724e+03	  2.69669653e+03	  0.00000000e+00	 -5.14615576e+03	 -3.16626270e+03	  3.13507861e+03	
13	 32	 57	
 5.00000000e+03	  0.00000000e+00	  0.00000000e+00	  0.00000000e+00	  1.05420654e+04	 -1.53898157e+03	
 0.00000000e+00	  5.00000000e+03	  0.00000000e+00	 -1.05420654e+04	  0.00000000e+00	  1.33957605e+03	
 0.00000000e+00	  0.00000000e+00	  5.00000000e+03	  1.53898157e+03	 -1.33957605e+03	  0.00000000e+00	
 0.00000000e+00	 -1.05420654e+04	  1.53898157e+03	  2.48319668e+04	 -4.77348114e+02	 -1.68920898e+03	
 1.05420654e+04	  0.00000000e+00	 -1.33957605e+03	 -4.77348114e+02	  2.56239277e+04	 -3.00022339e+03	
-1.53898157e+03	  1.33957605e+03	  0.00000000e+00	 -1.68920898e+03	 -3.00022339e+03	  2.46446362e+03	
14	 15	 57	
 5.00000000e+03	  0.00000000e+00	  0.00000000e+00	  0.00000000e+00	  7.15976025e+03	 -1.16923889e+03	
 0.00000000e+00	  5.00000000e+03	  0.00000000e+00	 -7.15976025e+03	  0.00000000e+00	  4.73600684e+03	
 0.00000000e+00	  0.00000000e+00	  5.00000000e+03	  1.16923889e+03	 -4.73600684e+03	  0.00000000e+00	
 0.00000000e+00	 -7.15976025e+03	  1.16923889e+03	  1.16079863e+04	 -7.94152161e+02	 -6.74323486e+03	
 7.15976025e+03	  0.00000000e+00	 -4.73600684e+03	 -7.94152161e+02	  1.56494141e+04	 -1.68124280e+03	
-1.16923889e+03	  4.73600684e+03	  0.00000000e+00	 -6.74323486e+03	 -1.68124280e+03	  5.78010400e+03	
14	 23	 57	
 5.00000000e+03	  0.00000000e+00	  0.00000000e+00	  0.00000000e+00	  7.80497900e+03	 -1.43477686e+03	
 0.00000000e+00	  5.00000000e+03	  0.00000000e+00	 -7.80497900e+03	  0.00000000e+00	  1.97751205e+02	
 0.00000000e+00	  0.00000000e+00	  5.00000000e+03	  1.43477686e+03	 -1.97751205e+02	  0.00000000e+00	
 0.00000000e+00	 -7.80497900e+03	  1.43477686e+03	  1.32750195e+04	  1.07514252e+02	 -1.25763847e+02	
 7.80497900e+03	  0.00000000e+00	 -1.97751205e+02	  1.07514252e+02	  1.37591758e+04	 -2.02839111e+03	
-1.43477686e+03	  1.97751205e+02	  0.00000000e+00	 -1.25763847e+02	 -2.02839111e+03	  1.95722131e+03	
14	 24	 57	
 5.00000000e+03	  0.00000000e+00	  0.00000000e+00	  0.00000000e+00	  8.91656445e+03	  7.88583603e+01	
 0.00000000e+00	  5.00000000e+03	  0.00000000e+00	 -8.91656445e+03	  0.00000000e+00	  1.53121997e+03	
 0.00000000e+00	  0.00000000e+00	  5.00000000e+03	 -7.88583603e+01	 -1.53121997e+03	  0.00000000e+00	
 0.00000000e+00	 -8.91656445e+03	 -7.88583603e+01	  1.71358398e+04	  2.49041656e+02	 -2.27243506e+03	
 8.91656445e+03	  0.00000000e+00	 -1.53121997e+03	  2.49041656e+02	  1.90984180e+04	  5.35590271e+02	
 7.88583603e+01	  1.53121997e+03	  0.00000000e+00	 -2.27243506e+03	  5.35590271e+02	  3.47579712e+03	
14	 25	 57	
 5.00000000e+03	  0.00000000e+00	  0.00000000e+00	  0.00000000e+00	  8.80670410e+03	 -1.31176010e+02	
 0.00000000e+00	  5.00000000e+03	  0.00000000e+00	 -8.80670410e+03	  0.00000000e+00	  9.69610107e+02	
 0.00000000e+00	  0.00000000e+00	  5.00000000e+03	  1.31176010e+02	 -9.69610107e+02	  0.00000000e+00	
 0.00000000e+00	 -8.80670410e+03	  1.31176010e+02	  1.70699824e+04	 -1.36517838e+02	 -7.48976746e+02	
 8.80670410e+03	  0.00000000e+00	 -9.69610107e+02	 -1.36517838e+02	  1.91805156e+04	  3.11007996e+02	
-1.31176010e+02	  9.69610107e+02	  0.00000000e+00	 -7.48976746e+02	  3.11007996e+02	  3.41614258e+03	
14	 26	 57	
 5.00000000e+03	  0.00000000e+00	  0.00000000e+00	  0.00000000e+00	  1.10880537e+04	  1.20306970e+03	
 0.00000000e+00	  5.00000000e+03	  0.00000000e+00	 -1.10880537e+04	  0.00000000e+00	 -1.92451941e+03	
 0.00000000e+00	  0.00000000e+00	  5.00000000e+03	 -1.20306970e+03	  1.92451941e+03	  0.00000000e+00	
 0.00000000e+00	 -1.10880537e+04	 -1.20306970e+03	  2.60282812e+04	 -3.98605835e+02	  4.82272266e+03	
 1.10880537e+04	  0.00000000e+00	  1.92451941e+03	 -3.98605835e+02	  2.75415762e+04	  2.98311987e+03	
 1.20306970e+03	 -1.92451941e+03	  0.00000000e+00	  4.82272266e+03	  2.98311987e+03	  3.19176367e+03	
15	 16	 57	
 5.00000000e+03	  0.00000000e+00	  0.00000000e+00	  0.00000000e+00	  7.91332031e+03	  3.25388275e+02	
 0.00000000e+00	  5.00000000e+03	  0.00000000e+00	 -7.91332031e+03	  0.00000000e+00	  1.99086841e+03	
 0.00000000e+00	  0.00000000e+00	  5.00000000e+03	 -3.25388275e+02	 -1.99086841e+03	  0.00000000e+00	
 0.00000000e+00	 -7.91332031e+03	 -3.25388275e+02	  1.39390967e+04	 -2.39648933e+01	 -3.04275635e+03	
 7.91332031e+03	  0.00000000e+00	 -1.99086841e+03	 -2.39648933e+01	  1.43645098e+04	  4.90892670e+02	
 3.25388275e+02	  1.99086841e+03	  0.00000000e+00	 -3.04275635e+03	  4.90892670e+02	  2.62235620e+03	
15	 23	 57	
 5.00000000e+03	  0.00000000e+00	  0.00000000e+00	  0.00000000e+00	  7.57699316e+03	  5.51422058e+02	
 0.00000000e+00	  5.00000000e+03	  0.00000000e+00	 -7.57699316e+03	  0.00000000e+00	  1.75468762e+03	
 0.00000000e+00	  0.00000000e+00	  5.00000000e+03	 -5.51422058e+02	 -1.75468762e+03	  0.00000000e+00	
 0.00000000e+00	 -7.57699316e+03	 -5.51422058e+02	  1.24451016e+04	  2.73543427e+02	 -2.46331226e+03	
 7.57699316e+03	  0.00000000e+00	 -1.75468762e+03	  2.73543427e+02	  1.41790576e+04	  9.67428101e+02	
 5.51422058e+02	  1.75468762e+03	  0.00000000e+00	 -2.46331226e+03	  9.67428101e+02	  3.02919824e+03	
16	 17	 57	
 5.00000000e+03	  0.00000000e+00	  0.00000000e+00	  0.00000000e+00	  9.01151855e+03	 -4.42237640e+02	
 0.00000000e+00	  5.00000000e+03	  0.00000000e+00	 -9.01151855e+03	  0.00000000e+00	  4.86703613e+03	
 0.00000000e+00	  0.00000000e+00	  5.00000000e+03	  4.42237640e+02	 -4.86703613e+03	  0.00000000e+00	
 0.00000000e+00	 -9.01151855e+03	  4.42237640e+02	  1.81907324e+04	 -2.04622391e+02	 -8.71413867e+03	
 9.01151855e+03	  0.00000000e+00	 -4.86703613e+03	 -2.04622391e+02	  2.21642305e+04	 -3.87412750e+02	
-4.42237640e+02	  4.86703613e+03	  0.00000000e+00	 -8.71413867e+03	 -3.87412750e+02	  6.30558301e+03	
16	 23	 57	
 5.00000000e+03	  0.00000000e+00	  0.00000000e+00	  0.00000000e+00	  1.15909727e+04	  5.62391296e+02	
 0.00000000e+00	  5.00000000e+03	  0.00000000e+00	 -1.15909727e+04	  0.00000000e+00	  1.21103235e+03	
 0.00000000e+00	  0.00000000e+00	  5.00000000e+03	 -5.62391296e+02	 -1.21103235e+03	  0.00000000e+00	
 0.00000000e+00	 -1.15909727e+04	 -5.62391296e+02	  2.77900371e+04	  2.76018982e+02	 -2.78774243e+03	
 1.15909727e+04	  0.00000000e+00	 -1.21103235e+03	  2.76018982e+02	  2.88886875e+04	  1.45459631e+03	
 5.62391296e+02	  1.21103235e+03	  0.00000000e+00	 -2.78774243e+03	  1.45459631e+03	  1.99339575e+03	
18	 22	 57	
 5.00000000e+03	  0.00000000e+00	  0.00000000e+00	  0.00000000e+00	  1.19253906e+04	  6.64438599e+02	
 0.00000000e+00	  5.00000000e+03	  0.00000000e+00	 -1.19253906e+04	  0.00000000e+00	 -1.76127100e+03	
 0.00000000e+00	  0.00000000e+00	  5.00000000e+03	 -6.64438599e+02	  1.76127100e+03	  0.00000000e+00	
 0.00000000e+00	 -1.19253906e+04	 -6.64438599e+02	  3.12425430e+04	 -4.15825500e+02	  4.21642334e+03	
 1.19253906e+04	  0.00000000e+00	  1.76127100e+03	 -4.15825500e+02	  3.13536484e+04	  2.18559717e+03	
 6.64438599e+02	 -1.76127100e+03	  0.00000000e+00	  4.21642334e+03	  2.18559717e+03	  2.84708301e+03	
19	 21	 57	
 5.00000000e+03	  0.00000000e+00	  0.00000000e+00	  0.00000000e+00	  1.00381865e+04	 -1.85869482e+03	
 0.00000000e+00	  5.00000000e+03	  0.00000000e+00	 -1.00381865e+04	  0.00000000e+00	  2.09247412e+03	
 0.00000000e+00	  0.00000000e+00	  5.00000000e+03	  1.85869482e+03	 -2.09247412e+03	  0.00000000e+00	
 0.00000000e+00	 -1.00381865e+04	  1.85869482e+03	  2.25954785e+04	 -6.17944336e+02	 -3.93917432e+03	
 1.00381865e+04	  0.00000000e+00	 -2.09247412e+03	 -6.17944336e+02	  2.30086875e+04	 -3.37763208e+03	
-1.85869482e+03	  2.09247412e+03	  0.00000000e+00	 -3.93917432e+03	 -3.37763208e+03	  3.78234302e+03	
19	 31	 57	
 5.00000000e+03	  0.00000000e+00	  0.00000000e+00	  0.00000000e+00	  9.73488867e+03	 -1.38914355e+03	
 0.00000000e+00	  5.00000000e+03	  0.00000000e+00	 -9.73488867e+03	  0.00000000e+00	  4.14918896e+03	
 0.00000000e+00	  0.00000000e+00	  5.00000000e+03	  1.38914355e+03	 -4.14918896e+03	  0.00000000e+00	
 0.00000000e+00	 -9.73488867e+03	  1.38914355e+03	  2.10302852e+04	 -1.53525537e+03	 -7.77523047e+03	
 9.73488867e+03	  0.00000000e+00	 -4.14918896e+03	 -1.53525537e+03	  2.39745957e+04	 -2.28549487e+03	
-1.38914355e+03	  4.14918896e+03	  0.00000000e+00	 -7.77523047e+03	 -2.28549487e+03	  5.60145801e+03	
20	 21	 57	
 5.00000000e+03	  0.00000000e+00	  0.00000000e+00	  0.00000000e+00	  8.00619824e+03	  2.01879248e+03	
 0.00000000e+00	  5.00000000e+03	  0.00000000e+00	 -8.00619824e+03	  0.00000000e+00	 -1.26653699e+03	
 0.00000000e+00	  0.00000000e+00	  5.00000000e+03	 -2.01879248e+03	  1.26653699e+03	  0.00000000e+00	
 0.00000000e+00	 -8.00619824e+03	 -2.01879248e+03	  1.47990361e+04	 -6.45245117e+02	  2.41237036e+03	
 8.00619824e+03	  0.00000000e+00	  1.26653699e+03	 -6.45245117e+02	  1.42412529e+04	  3.57433911e+03	
 2.01879248e+03	 -1.26653699e+03	  0.00000000e+00	  2.41237036e+03	  3.57433911e+03	  2.05777002e+03	
20	 30	 57	
 2.21500000e+03	  0.00000000e+00	  0.00000000e+00	  0.00000000e+00	  3.61003003e+03	  7.24765808e+02	
 0.00000000e+00	  2.21500000e+03	  0.00000000e+00	 -3.61003003e+03	  0.00000000e+00	 -9.13508240e+02	
 0.00000000e+00	  0.00000000e+00	  2.21500000e+03	 -7.24765808e+02	  9.13508240e+02	  0.00000000e+00	
 0.00000000e+00	 -3.61003003e+03	 -7.24765808e+02	  6.27444043e+03	 -3.00612885e+02	  1.60831165e+03	
 3.61003003e+03	  0.00000000e+00	  9.13508240e+02	 -3.00612885e+02	  6.63879590e+03	  1.20527893e+03	
 7.24765808e+02	 -9.13508240e+02	  0.00000000e+00	  1.60831165e+03	  1.20527893e+03	  9.88840942e+02	
20	 31	 57	
 5.00000000e+03	  0.00000000e+00	  0.00000000e+00	  0.00000000e+00	  7.92542578e+03	  1.44387781e+03	
 0.00000000e+00	  5.00000000e+03	  0.00000000e+00	 -7.92542578e+03	  0.00000000e+00	 -2.06759644e+03	
 0.00000000e+00	  0.00000000e+00	  5.00000000e+03	 -1.44387781e+03	  2.06759644e+03	  0.00000000e+00	
 0.00000000e+00	 -7.92542578e+03	 -1.44387781e+03	  1.36271123e+04	 -6.99687866e+02	  3.56000269e+03	
 7.92542578e+03	  0.00000000e+00	  2.06759644e+03	 -6.99687866e+02	  1.42782998e+04	  2.48376831e+03	
 1.44387781e+03	 -2.06759644e+03	  0.00000000e+00	  3.56000269e+03	  2.48376831e+03	  2.24177271e+03	
21	 30	 57	
 3.35100000e+03	  0.00000000e+00	  0.00000000e+00	  0.00000000e+00	  6.43715576e+03	 -1.23225222e+01	
 0.00000000e+00	  3.35100000e+03	  0.00000000e+00	 -6.43715576e+03	  0.00000000e+00	 -1.15625537e+03	
 0.00000000e+00	  0.00000000e+00	  3.35100000e+03	  1.23225222e+01	  1.15625537e+03	  0.00000000e+00	
 0.00000000e+00	 -6.43715576e+03	  1.23225222e+01	  1.31072451e+04	 -3.99337677e+02	  2.32479590e+03	
 6.43715576e+03	  0.00000000e+00	  1.15625537e+03	 -3.99337677e+02	  1.39200547e+04	  7.26864243e+01	
-1.23225222e+01	 -1.15625537e+03	  0.00000000e+00	  2.32479590e+03	  7.26864243e+01	  1.89210889e+03	
21	 31	 57	
 5.00000000e+03	  0.00000000e+00	  0.00000000e+00	  0.00000000e+00	  9.32889746e+03	  1.18027136e+03	
 0.00000000e+00	  5.00000000e+03	  0.00000000e+00	 -9.32889746e+03	  0.00000000e+00	 -1.32322083e+03	
 0.00000000e+00	  0.00000000e+00	  5.00000000e+03	 -1.18027136e+03	  1.32322083e+03	  0.00000000e+00	
 0.00000000e+00	 -9.32889746e+03	 -1.18027136e+03	  1.93719766e+04	 -8.29024475e+02	  2.64914062e+03	
 9.32889746e+03	  0.00000000e+00	  1.32322083e+03	 -8.29024475e+02	  1.95091426e+04	  2.23275171e+03	
 1.18027136e+03	 -1.32322083e+03	  0.00000000e+00	  2.64914062e+03	  2.23275171e+03	  3.16763867e+03	
24	 25	 57	
 5.00000000e+03	  0.00000000e+00	  0.00000000e+00	  0.00000000e+00	  1.11331768e+04	  1.55997998e+03	
 0.00000000e+00	  5.00000000e+03	  0.00000000e+00	 -1.11331768e+04	  0.00000000e+00	  2.14771777e+03	
 0.00000000e+00	  0.00000000e+00	  5.00000000e+03	 -1.55997998e+03	 -2.14771777e+03	  0.00000000e+00	
 0.00000000e+00	 -1.11331768e+04	 -1.55997998e+03	  2.75522266e+04	  9.41039429e+02	 -5.77093359e+03	
 1.11331768e+04	  0.00000000e+00	 -2.14771777e+03	  9.41039429e+02	  2.85195664e+04	  4.19444336e+03	
 1.55997998e+03	  2.14771777e+03	  0.00000000e+00	 -5.77093359e+03	  4.19444336e+03	  3.27330518e+03	
24	 26	 57	
 5.00000000e+03	  0.00000000e+00	  0.00000000e+00	  0.00000000e+00	  8.18999854e+03	  6.36860535e+02	
 0.00000000e+00	  5.00000000e+03	  0.00000000e+00	 -8.18999854e+03	  0.00000000e+00	 -4.86070374e+02	
 0.00000000e+00	  0.00000000e+00	  5.00000000e+03	 -6.36860535e+02	  4.86070374e+02	  0.00000000e+00	
 0.00000000e+00	 -8.18999854e+03	 -6.36860535e+02	  1.48114131e+04	 -2.77593811e+02	  3.71976288e+02	
 8.18999854e+03	  0.00000000e+00	  4.86070374e+02	 -2.77593811e+02	  1.51845020e+04	  1.32260352e+03	
 6.36860535e+02	 -4.86070374e+02	  0.00000000e+00	  3.71976288e+02	  1.32260352e+03	  1.68364026e+03	
25	 26	 57	
 5.00000000e+03	  0.00000000e+00	  0.00000000e+00	  0.00000000e+00	  8.43623438e+03	 -3.37081146e+02	
 0.00000000e+00	  5.00000000e+03	  0.00000000e+00	 -8.43623438e+03	  0.00000000e+00	 -2.71387695e+03	
 0.00000000e+00	  0.00000000e+00	  5.00000000e+03	  3.37081146e+02	  2.71387695e+03	  0.00000000e+00	
 0.00000000e+00	 -8.43623438e+03	  3.37081146e+02	  1.62348320e+04	  7.15818863e+01	  4.51945117e+03	
 8.43623438e+03	  0.00000000e+00	  2.71387695e+03	  7.15818863e+01	  1.77184238e+04	  1.26861214e+02	
-3.37081146e+02	 -2.71387695e+03	  0.00000000e+00	  4.51945117e+03	  1.26861214e+02	  3.90060767e+03	
25	 29	 57	
