0	 1	 57	
 8.28189637e-01	 -3.21528429e-01	  4.59044120e-01	 -2.00031198e-01	
 2.37171821e-01	  9.43178735e-01	  2.32734064e-01	  5.16811398e-02	
-5.07789707e-01	 -8.38762590e-02	  8.57387693e-01	 -4.06217836e-02	
 0.00000000e+00	  0.00000000e+00	  0.00000000e+00	  1.00000000e+00	
0	 14	 57	
 9.50321070e-01	  7.41547285e-02	 -3.02315859e-01	  7.29298188e-01	
-5.72678164e-02	  9.96283061e-01	  6.43660481e-02	 -6.46810657e-02	
 3.05966661e-01	 -4.38541360e-02	  9.51031071e-01	  1.39903238e-01	
 0.00000000e+00	  0.00000000e+00	  0.00000000e+00	  1.00000000e+00	
0	 24	 57	
 4.97415537e-01	 -3.64420055e-01	  7.87262712e-01	 -1.28672315e+00	
 3.08716054e-01	  9.22442540e-01	  2.31936842e-01	 -3.09801641e-01	
-8.10721861e-01	  1.27670308e-01	  5.71340098e-01	  1.09065079e+00	
 0.00000000e+00	  0.00000000e+00	  0.00000000e+00	  1.00000000e+00	
0	 25	 57	
 6.01376726e-01	 -3.79453497e-01	  7.03113231e-01	 -1.24129256e+00	
 3.25630935e-01	  9.20022749e-01	  2.17998618e-01	 -7.03291782e-02	
-7.29597218e-01	  9.78552521e-02	  6.76841039e-01	  3.98555664e-01	
 0.00000000e+00	  0.00000000e+00	  0.00000000e+00	  1.00000000e+00	
0	 26	 57	
 8.52679858e-01	 -2.95191636e-01	  4.31052674e-01	 -1.80435038e+00	
 2.53677930e-01	  9.55219399e-01	  1.52336776e-01	  1.31167044e-01	
-4.56714721e-01	 -2.05459241e-02	  8.89376983e-01	 -6.90744825e-02	
 0.00000000e+00	  0.00000000e+00	  0.00000000e+00	  1.00000000e+00	
1	 2	 57	
 7.29532679e-01	 -8.19352945e-02	  6.79020024e-01	 -3.50653762e-01	
 4.32037894e-01	  8.24849405e-01	 -3.64645802e-01	 -6.82527172e-02	
-5.30212461e-01	  5.59383500e-01	  6.37153381e-01	 -1.78562100e-01	
 0.00000000e+00	  0.00000000e+00	  0.00000000e+00	  1.00000000e+00	
1	 14	 57	
 6.18097228e-01	  3.19972887e-01	 -7.18034257e-01	  6.50394750e-01	
-3.85231627e-01	  9.19506691e-01	  7.81433154e-02	 -4.23697190e-01	
 6.85242263e-01	  2.28309300e-01	  6.91606655e-01	  5.54300755e-01	
 0.00000000e+00	  0.00000000e+00	  0.00000000e+00	  1.00000000e+00	
1	 15	 57	
 9.01395895e-01	 -2.75359889e-01	  3.34163896e-01	  1.08295526e-01	
 2.82184941e-01	  9.58923265e-01	  2.89831438e-02	 -3.25138443e-01	
-3.28417564e-01	  6.81698775e-02	  9.42070328e-01	  4.68793708e-01	
 0.00000000e+00	  0.00000000e+00	  0.00000000e+00	  1.00000000e+00	
1	 16	 57	
 5.83365138e-01	 -2.77509375e-01	  7.63331236e-01	 -4.60810885e-01	
 4.20051443e-01	  9.07457785e-01	  8.88320493e-03	 -3.18440450e-02	
-6.95155404e-01	  3.15455109e-01	  6.45947900e-01	  2.39217036e-02	
 0.00000000e+00	  0.00000000e+00	  0.00000000e+00	  1.00000000e+00	
1	 23	 57	
 2.19751529e-01	 -3.97100580e-01	  8.91079739e-01	 -1.74340459e+00	
 5.76475436e-01	  7.89729995e-01	  2.09765946e-01	 -2.76997491e-01	
-7.87010820e-01	  4.67587767e-01	  4.02466362e-01	  7.36610659e-01	
 0.00000000e+00	  0.00000000e+00	  0.00000000e+00	  1.00000000e+00	
1	 24	 57	
 8.96850588e-01	 -1.47861900e-01	  4.16890746e-01	 -1.56017108e+00	
 1.99240605e-01	  9.76489369e-01	 -8.22909796e-02	 -8.64264811e-02	
-3.94919136e-01	  1.56862332e-01	  9.05227208e-01	  3.86971527e-01	
 0.00000000e+00	  0.00000000e+00	  0.00000000e+00	  1.00000000e+00	
1	 25	 57	
 9.45767595e-01	 -1.45746539e-01	  2.90320791e-01	 -1.11431021e+00	
 1.74963524e-01	  9.81541506e-01	 -7.72297294e-02	  1.82881090e-01	
-2.73704514e-01	  1.23835099e-01	  9.53810294e-01	 -1.29834411e-01	
 0.00000000e+00	  0.00000000e+00	  0.00000000e+00	  1.00000000e+00	
2	 15	 57	
 9.53643547e-01	  1.77262883e-01	 -2.43191811e-01	 -1.19401808e-01	
-2.48069211e-02	  8.51662049e-01	  5.23505905e-01	  1.12624349e-01	
 2.99916341e-01	 -4.93207508e-01	  8.16579571e-01	  8.17773701e-01	
 0.00000000e+00	  0.00000000e+00	  0.00000000e+00	  1.00000000e+00	
2	 16	 57	
 9.75642135e-01	  2.23460681e-02	  2.18223625e-01	 -1.71992679e-01	
-9.01772199e-02	  9.47714219e-01	  3.06116722e-01	  1.52323507e-01	
-1.99974044e-01	 -3.18341596e-01	  9.26646802e-01	  4.09381573e-02	
 0.00000000e+00	  0.00000000e+00	  0.00000000e+00	  1.00000000e+00	
2	 23	 57	
 8.26658072e-01	 -1.96425129e-01	  5.27306241e-01	 -1.59147889e+00	
 1.72591861e-02	  9.45505707e-01	  3.25148115e-01	  4.53864322e-01	
-5.62440575e-01	 -2.59685628e-01	  7.85004406e-01	 -2.86482655e-01	
 0.00000000e+00	  0.00000000e+00	  0.00000000e+00	  1.00000000e+00	
3	 4	 57	
 9.63136208e-01	  3.38187872e-02	  2.66882511e-01	  5.18105558e-02	
 1.52293492e-01	  7.49242965e-01	 -6.44547397e-01	  2.64669801e-01	
-2.21757806e-01	  6.61430771e-01	  7.16473207e-01	 -5.11362162e-01	
 0.00000000e+00	  0.00000000e+00	  0.00000000e+00	  1.00000000e+00	
3	 12	 57	
 7.63590683e-01	 -1.73374158e-01	  6.21991610e-01	 -1.53950645e+00	
 3.39934624e-01	  9.26921240e-01	 -1.58952083e-01	 -2.71460103e-01	
-5.48979353e-01	  3.32810724e-01	  7.66720802e-01	  6.03168157e-01	
 0.00000000e+00	  0.00000000e+00	  0.00000000e+00	  1.00000000e+00	
3	 16	 57	
 8.31581373e-01	  2.89848249e-01	 -4.73775517e-01	 -1.07487494e-01	
-3.55148070e-01	  9.33343791e-01	 -5.23611229e-02	 -1.05835757e-01	
 4.27015838e-01	  2.11801867e-01	  8.79089401e-01	  4.34303860e-02	
 0.00000000e+00	  0.00000000e+00	  0.00000000e+00	  1.00000000e+00	
3	 17	 57	
 9.69910015e-01	 -5.49116790e-02	  2.37189874e-01	 -1.92153199e-01	
 8.82571034e-02	  9.87268937e-01	 -1.32327802e-01	  4.11679788e-01	
-2.26906863e-01	  1.49279701e-01	  9.62407537e-01	 -5.68574947e-01	
 0.00000000e+00	  0.00000000e+00	  0.00000000e+00	  1.00000000e+00	
4	 17	 57	
 9.97913581e-01	  6.43637880e-02	 -5.12786597e-03	 -1.99893947e-01	
-5.11555263e-02	  8.36586238e-01	  5.45441695e-01	  6.40533736e-02	
 3.93931029e-02	 -5.44041290e-01	  8.38131092e-01	 -2.00855663e-01	
 0.00000000e+00	  0.00000000e+00	  0.00000000e+00	  1.00000000e+00	
5	 6	 57	
 8.80372593e-01	  3.78105226e-04	  4.74281110e-01	  2.67644944e-02	
 2.62947739e-01	  8.31855168e-01	 -4.88749911e-01	 -5.86330439e-03	
-3.94719917e-01	  5.54993469e-01	  7.32245098e-01	 -1.25611697e-01	
 0.00000000e+00	  0.00000000e+00	  0.00000000e+00	  1.00000000e+00	
5	 11	 57	
 6.45235634e-01	 -1.31493088e-01	  7.52584027e-01	 -1.77517844e+00	
 4.32388416e-01	  8.74981508e-01	 -2.17832980e-01	  4.06804020e-01	
-6.29851896e-01	  4.65962671e-01	  6.21424550e-01	 -2.84298066e-01	
 0.00000000e+00	  0.00000000e+00	  0.00000000e+00	  1.00000000e+00	
5	 13	 57	
 5.72572769e-01	 -3.45331816e-01	  7.43578196e-01	 -1.71475593e+00	
 5.00292010e-01	  8.65695029e-01	  1.68079517e-02	  2.68178598e-01	
-6.49515506e-01	  3.62383408e-01	  6.68439157e-01	 -7.75244940e-02	
 0.00000000e+00	  0.00000000e+00	  0.00000000e+00	  1.00000000e+00	
5	 17	 57	
 5.74809322e-01	  4.68334265e-01	 -6.71013036e-01	  1.78350876e-01	
-4.70260843e-01	  8.60143698e-01	  1.97500730e-01	 -4.90807039e-04	
 6.69663813e-01	  2.02027739e-01	  7.14655572e-01	 -6.30862215e-02	
 0.00000000e+00	  0.00000000e+00	  0.00000000e+00	  1.00000000e+00	
5	 18	 57	
 8.88695001e-01	 -2.31616414e-01	  3.95698007e-01	  1.39604501e-01	
 2.65381115e-01	  9.63613080e-01	 -3.19805047e-02	  1.72829441e-01	
-3.73889926e-01	  1.33431144e-01	  9.17824754e-01	 -2.58616364e-01	
 0.00000000e+00	  0.00000000e+00	  0.00000000e+00	  1.00000000e+00	
5	 22	 57	
 9.81684311e-01	 -9.01776703e-02	  1.67829465e-01	  3.02724622e-01	
 9.46101028e-02	  9.95342082e-01	 -1.85952425e-02	  3.97017271e-01	
-1.65368801e-01	  3.41327832e-02	  9.85640001e-01	 -6.47154699e-01	
 0.00000000e+00	  0.00000000e+00	  0.00000000e+00	  1.00000000e+00	
5	 32	 57	
-2.65713236e-01	  7.75169793e-01	 -5.73159724e-01	  1.75406667e+00	
-3.20546131e-01	  4.89663716e-01	  8.10852481e-01	 -8.50696797e-01	
 9.09202398e-01	  3.99177885e-01	  1.18366464e-01	  1.00419623e+00	
 0.00000000e+00	  0.00000000e+00	  0.00000000e+00	  1.00000000e+00	
6	 18	 57	
 9.99744714e-01	 -3.19868322e-03	 -2.23284606e-02	  1.98826989e-01	
 1.35878337e-02	  8.75552253e-01	  4.82931521e-01	  7.48724814e-02	
 1.80104531e-02	 -4.83113131e-01	  8.75372779e-01	 -1.31209390e-01	
 0.00000000e+00	  0.00000000e+00	  0.00000000e+00	  1.00000000e+00	
7	 8	 57	
 7.84368850e-01	  1.73604828e-02	  6.20052770e-01	 -2.78968277e-01	
 3.29224748e-01	  8.35541677e-01	 -4.39864425e-01	  2.67655440e-01	
-5.25715895e-01	  5.49152683e-01	  6.49656497e-01	 -4.07104867e-01	
 0.00000000e+00	  0.00000000e+00	  0.00000000e+00	  1.00000000e+00	
7	 19	 57	
 8.56982264e-01	  1.02024303e-01	 -5.05145213e-01	  1.24684656e+00	
-3.21981189e-01	  8.71340463e-01	 -3.70263266e-01	 -4.65635524e-01	
 4.02376990e-01	  4.79955706e-01	  7.79574711e-01	  2.80619997e-01	
 0.00000000e+00	  0.00000000e+00	  0.00000000e+00	  1.00000000e+00	
8	 9	 57	
 9.65976482e-01	 -1.61009523e-01	  2.02400893e-01	  4.34901115e-01	
 9.32437633e-02	  9.46760532e-01	  3.08137364e-01	  1.85438698e-03	
-2.41239640e-01	 -2.78781303e-01	  9.29561549e-01	  2.00886445e-01	
 0.00000000e+00	  0.00000000e+00	  0.00000000e+00	  1.00000000e+00	
9	 10	 57	
 8.24629540e-01	  2.50613679e-01	 -5.07127093e-01	  1.16400886e+00	
-3.03386251e-01	  9.52602092e-01	 -2.25709379e-02	 -1.23778778e-01	
 4.77432890e-01	  1.72468272e-01	  8.61576123e-01	 -2.90930604e-02	
 0.00000000e+00	  0.00000000e+00	  0.00000000e+00	  1.00000000e+00	
9	 25	 57	
 2.46481832e-01	 -3.85778253e-01	  8.89059086e-01	 -7.75078187e-01	
 4.71170839e-01	  8.49347932e-01	  2.37921309e-01	 -2.34549445e-01	
-8.46904488e-01	  3.60254406e-01	  3.91114314e-01	  6.75647548e-01	
 0.00000000e+00	  0.00000000e+00	  0.00000000e+00	  1.00000000e+00	
9	 26	 57	
 5.88258781e-01	 -3.56612697e-01	  7.25798692e-01	 -1.48886954e+00	
 4.05244705e-01	  9.06686642e-01	  1.17040951e-01	 -6.14146252e-02	
-6.99808779e-01	  2.25275293e-01	  6.77878977e-01	  4.83718063e-01	
 0.00000000e+00	  0.00000000e+00	  0.00000000e+00	  1.00000000e+00	
10	 26	 57	
 2.80390276e-02	 -4.61595575e-01	  8.86649065e-01	 -1.96173226e+00	
 4.12766914e-01	  8.13189183e-01	  4.10300524e-01	 -5.16996618e-01	
-9.10406763e-01	  3.54474621e-01	  2.13329646e-01	  1.78576460e+00	
 0.00000000e+00	  0.00000000e+00	  0.00000000e+00	  1.00000000e+00	
10	 29	 57	
-5.64385929e-01	 -2.59386633e-01	  7.83704528e-01	 -2.77315282e+00	
 3.60726915e-01	  7.76425126e-01	  5.16757636e-01	 -6.13279924e-01	
-7.42527680e-01	  5.74350310e-01	 -3.44637796e-01	  2.14087614e+00	
 0.00000000e+00	  0.00000000e+00	  0.00000000e+00	  1.00000000e+00	
11	 13	 57	
 9.94861220e-01	 -7.67519283e-02	  6.60326739e-02	 -1.51189685e-01	
 5.98063906e-02	  9.71729168e-01	  2.28396765e-01	 -3.28911086e-02	
-8.16958798e-02	 -2.23274825e-01	  9.71325634e-01	  2.04163950e-01	
 0.00000000e+00	  0.00000000e+00	  0.00000000e+00	  1.00000000e+00	
12	 16	 57	
 2.79836522e-01	  4.22324964e-01	 -8.62167646e-01	  1.45705550e+00	
-3.31251527e-01	  8.85370169e-01	  3.26174435e-01	 -2.81038915e-01	
 9.01089901e-01	  1.94319581e-01	  3.87654559e-01	  4.35214981e-01	
 0.00000000e+00	  0.00000000e+00	  0.00000000e+00	  1.00000000e+00	
12	 17	 57	
 8.95178960e-01	  2.11724855e-01	 -3.92206618e-01	  1.90430325e+00	
-1.61865636e-01	  9.74318323e-01	  1.56518988e-01	  9.65277414e-03	
 4.15273099e-01	 -7.66267359e-02	  9.06461651e-01	 -1.68943484e-01	
 0.00000000e+00	  0.00000000e+00	  0.00000000e+00	  1.00000000e+00	
13	 18	 57	
 8.84455927e-01	  2.62805424e-01	 -3.85574066e-01	  1.13167289e+00	
-2.12645700e-01	  9.62529546e-01	  1.68270454e-01	 -7.88534449e-01	
 4.15351470e-01	 -6.68383874e-02	  9.07202986e-01	  1.25620860e+00	
 0.00000000e+00	  0.00000000e+00	  0.00000000e+00	  1.00000000e+00	
13	 22	 57	
 7.16826263e-01	  4.24158605e-01	 -5.53395460e-01	  1.58959112e+00	
-3.17028785e-01	  9.05170145e-01	  2.83122884e-01	 -7.91586053e-01	
 6.21009316e-01	 -2.75092622e-02	  7.83320408e-01	  1.12155537e+00	
 0.00000000e+00	  0.00000000e+00	  0.00000000e+00	  1.00000000e+00	
13	 27	 57	
-9.00863805e-01	  4.09935605e-01	 -1.42817749e-01	  4.40540912e-01	
 5.80797576e-02	  4.39858191e-01	  8.96187697e-01	 -1.48071152e+00	
 4.30199539e-01	  7.99047573e-01	 -4.20064217e-01	  2.77546379e+00	
 0.00000000e+00	  0.00000000e+00	  0.00000000e+00	  1.00000000e+00	
13	 29	 57	
-9.67413667e-01	  2.40414959e-01	  7.94546616e-02	  2.85571130e-01	
 2.12134353e-01	  5.98234713e-01	  7.72732032e-01	 -1.63841161e+00	
 1.38245057e-01	  7.64403334e-01	 -6.29743780e-01	  3.03270372e+00	
 0.00000000e+00	  0.00000000e+00	  0.00000000e+00	  1.00000000e+00	
13	 32	 57	
-9.03045855e-01	  4.29543202e-01	  6.07360281e-04	  7.23791703e-01	
 1.43742289e-01	  3.00862867e-01	  9.42772028e-01	 -1.77449684e+00	
 4.04779238e-01	  8.51453924e-01	 -3.33439452e-01	  3.28359409e+00	
 0.00000000e+00	  0.00000000e+00	  0.00000000e+00	  1.00000000e+00	
14	 15	 57	
 2.23397721e-01	 -4.92890350e-01	  8.40923726e-01	 -4.31629159e-01	
 4.72914321e-01	  8.09190799e-01	  3.48657316e-01	 -1.02354991e-01	
-8.52319533e-01	  3.19796506e-01	  4.13865513e-01	  3.37810646e-01	
 0.00000000e+00	  0.00000000e+00	  0.00000000e+00	  1.00000000e+00	
14	 23	 57	
-6.25538448e-01	 -2.29262620e-01	  7.45749825e-01	 -1.41118185e+00	
 4.20705907e-01	  7.05853276e-01	  5.69891006e-01	 -5.89442215e-01	
-6.57044732e-01	  6.70229722e-01	 -3.45086836e-01	  1.85638249e+00	
 0.00000000e+00	  0.00000000e+00	  0.00000000e+00	  1.00000000e+00	
14	 24	 57	
 2.06971300e-01	 -3.60075888e-01	  9.09676357e-01	 -1.61092613e+00	
 3.80009254e-01	  8.86388396e-01	  2.64399061e-01	 -4.35406635e-01	
-9.01530168e-01	  2.90961390e-01	  3.20288645e-01	  1.49789308e+00	
 0.00000000e+00	  0.00000000e+00	  0.00000000e+00	  1.00000000e+00	
14	 25	 57	
 3.29619928e-01	 -3.83346189e-01	  8.62785443e-01	 -1.79322268e+00	
 4.01012941e-01	  8.84170318e-01	  2.39645614e-01	 -1.63103765e-01	
-8.54718501e-01	  2.66995410e-01	  4.45166222e-01	  8.41366840e-01	
 0.00000000e+00	  0.00000000e+00	  0.00000000e+00	  1.00000000e+00	
14	 26	 57	
 6.56050149e-01	 -3.41512865e-01	  6.73030444e-01	 -2.48292268e+00	
 3.35996116e-01	  9.30677204e-01	  1.44731918e-01	  1.63963621e-02	
-6.75802710e-01	  1.31183591e-01	  7.25317205e-01	  5.79826364e-01	
 0.00000000e+00	  0.00000000e+00	  0.00000000e+00	  1.00000000e+00	
15	 16	 57	
 8.72676101e-01	 -9.76731545e-02	  4.78428692e-01	 -2.84121658e-01	
 1.94773849e-01	  9.68098139e-01	 -1.57634707e-01	  4.07625461e-01	
-4.47770132e-01	  2.30749650e-01	  8.63861434e-01	 -6.00772901e-01	
 0.00000000e+00	  0.00000000e+00	  0.00000000e+00	  1.00000000e+00	
15	 23	 57	
 6.19224664e-01	 -2.88656236e-01	  7.30230526e-01	 -1.74348265e+00	
 4.38633218e-01	  8.98507653e-01	 -1.67787112e-02	  5.74296655e-01	
-6.51276363e-01	  3.30693817e-01	  6.82996456e-01	 -3.65071584e-01	
 0.00000000e+00	  0.00000000e+00	  0.00000000e+00	  1.00000000e+00	
16	 17	 57	
 6.78320566e-01	 -3.32545026e-01	  6.55203117e-01	 -5.15537847e-01	
 3.15440092e-01	  9.37160587e-01	  1.49081968e-01	  3.28854310e-01	
-6.63608602e-01	  1.05551644e-01	  7.40595427e-01	 -5.24991501e-01	
 0.00000000e+00	  0.00000000e+00	  0.00000000e+00	  1.00000000e+00	
16	 23	 57	
 9.17439830e-01	 -2.24973107e-01	  3.28162834e-01	 -1.34662902e+00	
 2.13876432e-01	  9.74345650e-01	  7.00335460e-02	  3.58283271e-01	
-3.35500707e-01	  5.93574540e-03	  9.42023481e-01	 -5.20862096e-01	
 0.00000000e+00	  0.00000000e+00	  0.00000000e+00	  1.00000000e+00	
18	 22	 57	
 9.59355180e-01	  1.71242988e-01	 -2.24308880e-01	  3.49730695e-01	
-1.58271660e-01	  9.84565468e-01	  7.47248988e-02	  1.26405783e-01	
 2.33642428e-01	 -3.61865221e-02	  9.71647951e-01	 -2.99233616e-01	
 0.00000000e+00	  0.00000000e+00	  0.00000000e+00	  1.00000000e+00	
19	 21	 57	
 8.95266803e-01	 -1.32077384e-01	  4.25503153e-01	  3.07028189e-01	
 8.06806103e-02	  9.87319276e-01	  1.36710917e-01	 -4.61420752e-02	
-4.38164526e-01	 -8.80632781e-02	  8.94570418e-01	  6.20197046e-02	
 0.00000000e+00	  0.00000000e+00	  0.00000000e+00	  1.00000000e+00	
19	 31	 57	
 8.41242106e-02	  8.12727466e-02	  9.93137892e-01	 -1.52082646e+00	
 1.95855620e-01	  9.75878273e-01	 -9.64519231e-02	 -1.42162346e-01	
-9.77019367e-01	  2.02622819e-01	  6.61751127e-02	  2.18378545e+00	
 0.00000000e+00	  0.00000000e+00	  0.00000000e+00	  1.00000000e+00	
20	 21	 57	
 9.77595202e-01	  6.02162897e-02	 -2.01701735e-01	  5.28599115e-02	
-1.29166011e-01	  9.28207143e-01	 -3.48924076e-01	  3.78344519e-02	
 1.66210668e-01	  3.67159577e-01	  9.15187243e-01	 -1.93256242e-01	
 0.00000000e+00	  0.00000000e+00	  0.00000000e+00	  1.00000000e+00	
20	 30	 57	
 5.09462366e-01	 -5.62816068e-01	  6.50916515e-01	 -2.48895723e+00	
 5.87839144e-01	  7.80056277e-01	  2.14384109e-01	 -2.59884266e-02	
-6.28407757e-01	  2.73411603e-01	  7.28251284e-01	  4.97643470e-01	
 0.00000000e+00	  0.00000000e+00	  0.00000000e+00	  1.00000000e+00	
20	 31	 57	
 6.87403098e-01	  4.71610011e-02	  7.24748700e-01	 -2.68906377e+00	
 4.65106014e-01	  7.37841260e-01	 -4.89153032e-01	 -5.33819086e-02	
-5.57814182e-01	  6.73326182e-01	  4.85257833e-01	  3.77451257e-01	
 0.00000000e+00	  0.00000000e+00	  0.00000000e+00	  1.00000000e+00	
21	 30	 57	
 3.17670608e-01	 -6.05517950e-01	  7.29682972e-01	 -2.36178477e+00	
 3.45588402e-01	  7.90548373e-01	  5.05572511e-01	  4.13709499e-02	
-8.82982252e-01	  9.15634919e-02	  4.60391471e-01	  1.16726255e+00	
 0.00000000e+00	  0.00000000e+00	  0.00000000e+00	  1.00000000e+00	
21	 31	 57	
 5.19210507e-01	  6.27139149e-02	  8.52345802e-01	 -2.57384638e+00	
 2.68300671e-01	  9.34926846e-01	 -2.32226700e-01	 -4.02351670e-02	
-8.11442330e-01	  3.49256524e-01	  4.68596048e-01	  1.10718430e+00	
 0.00000000e+00	  0.00000000e+00	  0.00000000e+00	  1.00000000e+00	
24	 25	 57	
 9.91164071e-01	  1.59468991e-02	 -1.31692400e-01	  6.57625487e-01	
-1.19249474e-02	  9.99439801e-01	  3.12777357e-02	  1.15983034e-01	
 1.32116797e-01	 -2.94308689e-02	  9.90796718e-01	 -3.04111958e-01	
 0.00000000e+00	  0.00000000e+00	  0.00000000e+00	  1.00000000e+00	
24	 26	 57	
 8.72720493e-01	  1.64716569e-01	 -4.59598499e-01	  8.18876347e-01	
-1.35037264e-01	  9.86083778e-01	  9.69867303e-02	  4.47336418e-01	
 4.69176086e-01	 -2.25788822e-02	  8.82815872e-01	 -9.67822661e-01	
 0.00000000e+00	  0.00000000e+00	  0.00000000e+00	  1.00000000e+00	
25	 26	 57	
 9.28602739e-01	  1.48519180e-01	 -3.40057310e-01	  6.81867568e-02	
-1.34852134e-01	  9.88822307e-01	  6.36208522e-02	  3.53272775e-01	
 3.45704870e-01	 -1.32205332e-02	  9.38250556e-01	 -6.68474352e-01	
 0.00000000e+00	  0.00000000e+00	  0.00000000e+00	  1.00000000e+00	
25	 29	 57	
 9.68178604e-01	 -1.24708203e-01	  2.16977816e-01	  4.96268640e-03	
 1.45798404e-01	  9.85741067e-01	 -8.40026624e-02	  7.79241755e-01	
-2.03409302e-01	  1.12964424e-01	  9.72556407e-01	 -1.44842792e+00	
 0.00000000e+00	  0.00000000e+00	  0.00000000e+00	  1.00000000e+00	
26	 29	 57	
 8.09072573e-01	 -2.09681474e-01	  5.49031434e-01	 -3.85786508e-01	
 2.90650489e-01	  9.54705481e-01	 -6.36963987e-02	  4.22128475e-01	
-5.10809265e-01	  2.11109969e-01	  8.33371706e-01	 -6.83191204e-01	
 0.00000000e+00	  0.00000000e+00	  0.00000000e+00	  1.00000000e+00	
27	 28	 57	
 9.46691272e-01	  1.20728733e-02	  3.21913704e-01	 -3.99896938e-02	
 1.24497486e-01	  9.07941057e-01	 -4.00178782e-01	  1.15874261e-01	
-2.97110262e-01	  4.18922982e-01	  8.58037011e-01	 -2.83215555e-01	
 0.00000000e+00	  0.00000000e+00	  0.00000000e+00	  1.00000000e+00	
27	 29	 57	
 9.43301744e-01	  1.47009804e-01	 -2.97611363e-01	  2.41111424e-01	
-1.92804068e-01	  9.72488502e-01	 -1.30729550e-01	  7.26530968e-02	
 2.70204629e-01	  1.80698069e-01	  9.45694405e-01	 -2.27252442e-01	
 0.00000000e+00	  0.00000000e+00	  0.00000000e+00	  1.00000000e+00	
27	 32	 57	
 9.96005330e-01	 -3.19165056e-03	 -8.92350208e-02	 -5.36370508e-02	
 1.64730120e-02	  9.88774504e-01	  1.48502974e-01	  3.92910265e-01	
 8.77592399e-02	 -1.49379787e-01	  9.84876862e-01	 -5.17185062e-01	
 0.00000000e+00	  0.00000000e+00	  0.00000000e+00	  1.00000000e+00	
28	 29	 57	
 7.88732466e-01	  2.06558968e-01	 -5.78997815e-01	  2.44108186e-01	
-5.04704115e-02	  9.60436396e-01	  2.73885907e-01	 -1.24040476e-02	
 6.12663962e-01	 -1.86798493e-01	  7.67951852e-01	  1.55805052e-01	
 0.00000000e+00	  0.00000000e+00	  0.00000000e+00	  1.00000000e+00	
28	 32	 57	
 9.18887638e-01	  1.64461515e-01	 -3.58607003e-01	  9.10854437e-02	
 6.37465361e-02	  8.35132128e-01	  5.46343069e-01	  1.53352296e-01	
 3.89336700e-01	 -5.24887178e-01	  7.56908344e-01	 -3.16011879e-01	
 0.00000000e+00	  0.00000000e+00	  0.00000000e+00	  1.00000000e+00	
29	 32	 57	
 9.60068110e-01	 -2.34013649e-01	  1.53311387e-01	 -4.18124206e-01	
 1.78300498e-01	  9.34112449e-01	  3.09264707e-01	  2.15725981e-01	
-2.15581442e-01	 -2.69580247e-01	  9.38535615e-01	 -2.28334640e-01	
 0.00000000e+00	  0.00000000e+00	  0.00000000e+00	  1.00000000e+00	
30	 31	 57	
 9.74145011e-01	  3.46337859e-02	 -2.23251689e-01	 -4.25193986e-02	
-1.76584591e-01	  7.33108798e-01	 -6.56787972e-01	  5.83920587e-02	
 1.40921653e-01	  6.79229658e-01	  7.20270878e-01	 -2.23654669e-01	
 0.00000000e+00	  0.00000000e+00	  0.00000000e+00	  1.00000000e+00	
33	 35	 57	
 9.47787748e-01	 -1.85596037e-01	  2.59326468e-01	 -9.71144998e-02	
 2.44839709e-01	  9.44542483e-01	 -2.18845589e-01	 -4.73571082e-02	
-2.04329478e-01	  2.70912640e-01	  9.40668210e-01	 -8.97498703e-03	
 0.00000000e+00	  0.00000000e+00	  0.00000000e+00	  1.00000000e+00	
36	 37	 57	
 9.37621637e-01	 -1.44475452e-01	  3.16217958e-01	 -2.54215401e-01	
 1.98374909e-01	  9.69289477e-01	 -1.45346019e-01	  1.79689476e-01	
-2.85507540e-01	  1.99010072e-01	  9.37485497e-01	 -2.00199398e-01	
 0.00000000e+00	  0.00000000e+00	  0.00000000e+00	  1.00000000e+00	
38	 39	 57	
 7.56045459e-01	  4.57676186e-01	 -4.67896974e-01	  5.33896376e-01	
-4.05101372e-01	  8.88701912e-01	  2.14709460e-01	 -2.90829801e-01	
 5.14086376e-01	  2.72153919e-02	  8.57305440e-01	  3.21168456e-01	
 0.00000000e+00	  0.00000000e+00	  0.00000000e+00	  1.00000000e+00	
38	 40	 57	
 6.88315792e-01	 -4.57311186e-02	 -7.23967887e-01	  7.80505745e-01	
-4.10451792e-01	  7.98333304e-01	 -4.40668328e-01	 -2.05070812e-01	
 5.98118662e-01	  6.00474972e-01	  5.30737321e-01	  1.03969472e-01	
 0.00000000e+00	  0.00000000e+00	  0.00000000e+00	  1.00000000e+00	
38	 41	 57	
 9.66375015e-01	 -2.55867834e-01	  2.54893939e-02	  2.68464073e-01	
 2.47173671e-01	  9.51685908e-01	  1.82192642e-01	 -3.44309966e-01	
-7.08762405e-02	 -1.69764714e-01	  9.82931182e-01	  5.53093039e-01	
 0.00000000e+00	  0.00000000e+00	  0.00000000e+00	  1.00000000e+00	
38	 56	 57	
 2.84863983e-01	  1.94727992e-01	 -9.38579969e-01	  2.14181435e+00	
-5.75118286e-01	  8.18053858e-01	 -4.82986184e-03	  2.08802678e-02	
 7.66868932e-01	  5.41174309e-01	  3.45026724e-01	 -4.94147022e-01	
 0.00000000e+00	  0.00000000e+00	  0.00000000e+00	  1.00000000e+00	
39	 40	 57	
 9.94160760e-01	 -4.92843645e-02	 -9.59912865e-02	  4.00473702e-02	
-3.34661624e-02	  7.04893499e-01	 -7.08521399e-01	  1.83170170e-01	
 1.02582989e-01	  7.07597795e-01	  6.99129847e-01	 -2.83180100e-01	
 0.00000000e+00	  0.00000000e+00	  0.00000000e+00	  1.00000000e+00	
39	 41	 57	
 5.94057402e-01	 -6.66253185e-01	  4.50778792e-01	 -5.97843705e-02	
 6.60021377e-01	  7.24041387e-01	  2.00332130e-01	 -1.62697913e-01	
-4.59854539e-01	  1.78515024e-01	  8.69864805e-01	  3.11542173e-01	
 0.00000000e+00	  0.00000000e+00	  0.00000000e+00	  1.00000000e+00	
39	 56	 57	
 8.42591838e-01	  9.40393304e-02	 -5.30279425e-01	  6.70241890e-01	
-3.59863201e-01	  8.30857594e-01	 -4.24467407e-01	  9.90733280e-01	
 4.00671394e-01	  5.48483461e-01	  7.33913689e-01	 -1.38438512e+00	
 0.00000000e+00	  0.00000000e+00	  0.00000000e+00	  1.00000000e+00	
40	 56	 57	
 8.90818272e-01	  1.21948902e-01	 -4.37690953e-01	  4.86523843e-01	
-1.16790735e-02	  9.69138869e-01	  2.46245349e-01	 -2.41021705e-01	
 4.54211305e-01	 -2.14247682e-01	  8.64747332e-01	 -1.40255443e+00	
 0.00000000e+00	  0.00000000e+00	  0.00000000e+00	  1.00000000e+00	
41	 56	 57	
 7.87790220e-02	  3.52026443e-01	 -9.32668893e-01	  1.97485002e+00	
-7.50411709e-01	  6.36836182e-01	  1.76982865e-01	  4.60026914e-02	
 6.56260658e-01	  6.85945206e-01	  3.14333404e-01	 -9.15079813e-01	
 0.00000000e+00	  0.00000000e+00	  0.00000000e+00	  1.00000000e+00	
42	 43	 57	
 7.48542393e-01	 -4.83165253e-01	  4.54130141e-01	 -1.08322863e-01	
 5.42048448e-01	  8.40347567e-01	  6.19962071e-04	 -2.68277728e-01	
-3.81924794e-01	  2.45694307e-01	  8.90937054e-01	  2.28253108e-01	
 0.00000000e+00	  0.00000000e+00	  0.00000000e+00	  1.00000000e+00	
43	 44	 57	
 9.35274300e-01	  9.21421332e-02	 -3.41718668e-01	 -4.31826410e-02	
-3.23716796e-01	  6.13017628e-01	 -7.20706073e-01	 -3.15776895e-01	
 1.43071619e-01	  7.84678109e-01	  6.03165189e-01	  2.59644248e-02	
 0.00000000e+00	  0.00000000e+00	  0.00000000e+00	  1.00000000e+00	
44	 48	 57	
 9.91657413e-01	 -4.70372686e-02	  1.20007669e-01	  2.64380094e-01	
 4.35811232e-02	  9.98560466e-01	  3.12564783e-02	  8.75871246e-03	
-1.21304673e-01	 -2.57646889e-02	  9.92281431e-01	  4.16195356e-01	
 0.00000000e+00	  0.00000000e+00	  0.00000000e+00	  1.00000000e+00	
45	 47	 57	
 6.65030178e-01	 -3.72003962e-01	  6.47568858e-01	 -1.00208275e-01	
 4.67797392e-01	  8.83421138e-01	  2.70824224e-02	 -1.97440933e-02	
-5.82150551e-01	  2.84922701e-01	  7.61523790e-01	  7.70732716e-02	
 0.00000000e+00	  0.00000000e+00	  0.00000000e+00	  1.00000000e+00	
46	 47	 57	
 9.46135996e-01	  1.98584853e-01	 -2.55713120e-01	 -2.33268113e-02	
-1.88803606e-01	  9.80023889e-01	  6.25134938e-02	 -2.94677084e-02	
 2.63019117e-01	 -1.08652384e-02	  9.64728964e-01	  9.14716647e-02	
 0.00000000e+00	  0.00000000e+00	  0.00000000e+00	  1.00000000e+00	
46	 56	 57	
 7.43281937e-01	 -9.78646408e-02	  6.61781297e-01	 -8.36327592e-01	
 4.53971560e-01	  8.00393551e-01	 -3.91514374e-01	  4.26894922e-01	
-4.91368806e-01	  5.91436543e-01	  6.39344884e-01	 -5.68865465e-01	
 0.00000000e+00	  0.00000000e+00	  0.00000000e+00	  1.00000000e+00	
49	 50	 57	
 4.79810451e-01	  5.93878052e-01	 -6.45826278e-01	  1.09665605e-01	
-5.83012960e-01	  7.65886034e-01	  2.71136769e-01	 -2.76562414e-01	
 6.55650143e-01	  2.46432310e-01	  7.13718710e-01	  2.11661325e-01	
 0.00000000e+00	  0.00000000e+00	  0.00000000e+00	  1.00000000e+00	
49	 51	 57	
 7.33201219e-01	  2.39350645e-01	 -6.36496696e-01	  2.10607145e-01	
-4.69558363e-01	  8.55235965e-01	 -2.19291239e-01	 -2.65904201e-01	
 4.91866294e-01	  4.59656378e-01	  7.39447980e-01	  1.21551778e-01	
 0.00000000e+00	  0.00000000e+00	  0.00000000e+00	  1.00000000e+00	
49	 52	 57	
 9.63414371e-01	  1.95471214e-01	 -1.83372693e-01	  1.88674865e-01	
-2.56778126e-01	  8.69238270e-01	 -4.22482417e-01	 -1.52136413e-01	
 7.68099903e-02	  4.54110257e-01	  8.87627476e-01	 -2.29814145e-02	
 0.00000000e+00	  0.00000000e+00	  0.00000000e+00	  1.00000000e+00	
49	 53	 57	
 5.01115122e-01	  7.03829390e-01	 -5.03494874e-01	 -4.42892352e-02	
-5.06463875e-01	  7.10298618e-01	  4.88847162e-01	 -2.99158711e-01	
 7.01695642e-01	  1.00332420e-02	  7.12407159e-01	  3.72404456e-01	
 0.00000000e+00	  0.00000000e+00	  0.00000000e+00	  1.00000000e+00	
49	 55	 57	
 1.83137335e-01	  8.36375444e-01	 -5.16658729e-01	  8.92700319e-03	
-6.07286267e-01	  5.09530533e-01	  6.09576358e-01	 -1.98107801e-01	
 7.73088375e-01	  2.02123484e-01	  6.01234268e-01	  2.74595137e-01	
 0.00000000e+00	  0.00000000e+00	  0.00000000e+00	  1.00000000e+00	
50	 51	 57	
 9.48048772e-01	 -8.23974459e-02	  3.07272140e-01	 -1.68615423e-02	
 1.97014922e-01	  9.10430840e-01	 -3.63730383e-01	  4.59041328e-02	
-2.49780284e-01	  4.05370767e-01	  8.79365873e-01	 -1.26613658e-01	
 0.00000000e+00	  0.00000000e+00	  0.00000000e+00	  1.00000000e+00	
50	 52	 57	
 6.62321469e-01	 -1.15251087e-01	  7.40302795e-01	 -1.88476373e-01	
 3.94415981e-01	  8.93729253e-01	 -2.13735330e-01	  8.43946921e-02	
-6.36998877e-01	  4.33547391e-01	  6.37392754e-01	 -1.84758723e-01	
 0.00000000e+00	  0.00000000e+00	  0.00000000e+00	  1.00000000e+00	
50	 53	 57	
 9.95782791e-01	 -6.98312904e-02	 -5.94960674e-02	  4.46962757e-02	
 8.26271881e-02	  9.64468095e-01	  2.50945363e-01	 -6.91244647e-02	
 3.98595459e-02	 -2.54803413e-01	  9.66171559e-01	  2.08026651e-01	
 0.00000000e+00	  0.00000000e+00	  0.00000000e+00	  1.00000000e+00	
50	 54	 57	
 9.32179711e-01	  1.61571152e-01	 -3.23939090e-01	  1.41049417e-01	
-2.02473984e-01	  9.74512968e-01	 -9.65860058e-02	 -1.15812446e-01	
 3.00078237e-01	  1.55624851e-01	  9.41135687e-01	  6.59850112e-02	
 0.00000000e+00	  0.00000000e+00	  0.00000000e+00	  1.00000000e+00	
51	 52	 57	
 8.64727607e-01	 -4.14752280e-02	  5.00524846e-01	 -1.40592209e-01	
 4.62955997e-02	  9.98923326e-01	  2.79157949e-03	  2.56129850e-02	
-5.00103388e-01	  2.07574381e-02	  8.65717435e-01	 -1.17863322e-01	
 0.00000000e+00	  0.00000000e+00	  0.00000000e+00	  1.00000000e+00	
51	 53	 57	
 9.50371738e-01	  1.87457489e-01	 -2.48294489e-01	 -4.78891068e-02	
 9.33632895e-03	  7.80546278e-01	  6.25028924e-01	  2.58557438e-02	
 3.10972943e-01	 -5.96328431e-01	  7.40060602e-01	  3.55025594e-01	
 0.00000000e+00	  0.00000000e+00	  0.00000000e+00	  1.00000000e+00	
51	 54	 57	
 7.68906093e-01	  3.06300342e-01	 -5.61214894e-01	  6.97389805e-02	
-1.39503095e-01	  9.37000710e-01	  3.20265396e-01	 -8.21691259e-02	
 6.23956778e-01	 -1.67962009e-01	  7.63196598e-01	  2.76707410e-01	
 0.00000000e+00	  0.00000000e+00	  0.00000000e+00	  1.00000000e+00	
53	 54	 57	
 9.23479399e-01	  2.47615625e-01	 -2.93041934e-01	  8.64275511e-02	
-3.36834227e-01	  8.88950881e-01	 -3.10337903e-01	 -1.55647296e-02	
 1.83655020e-01	  3.85296710e-01	  9.04333232e-01	 -1.54685312e-01	
 0.00000000e+00	  0.00000000e+00	  0.00000000e+00	  1.00000000e+00	
53	 55	 57	
 9.41814989e-01	  3.02891847e-01	 -1.45751225e-01	 -9.31435453e-02	
-2.94699801e-01	  9.52612082e-01	  7.53731019e-02	  1.08250028e-01	
 1.61673973e-01	 -2.80348009e-02	  9.86445774e-01	 -4.70756061e-02	
 0.00000000e+00	  0.00000000e+00	  0.00000000e+00	  1.00000000e+00	
