0	 1	 60	
0.9969376500	0.0591009984	-0.0512093132	-0.0955122912
-0.0586364921	0.9982238900	0.0105274199	-0.0318814123
0.0517405408	-0.0074924468	0.9986324550	0.1193341160
0.0000000000	0.0000000000	0.0000000000	1.0000000000
0	 2	 60	
0.9563259510	0.1110640410	-0.2703802020	-0.3592887780
-0.0919688934	0.9923519000	0.0823372886	-0.2191565290
0.2774570190	-0.0538747179	0.9592263120	0.3406048850
0.0000000000	0.0000000000	0.0000000000	1.0000000000
0	 3	 60	
0.9342055090	0.1010863300	-0.3421134610	-0.2898929150
-0.1294969490	0.9896902520	-0.0611861562	-0.5197343610
0.3324012740	0.1014630940	0.9376644570	0.5953924090
0.0000000000	0.0000000000	0.0000000000	1.0000000000
0	 4	 60	
0.9792381630	-0.0880731796	0.1825807660	-0.0966226084
0.1004980790	0.9931302250	-0.0599374079	-0.4982539360
-0.1760475990	0.0770420135	0.9813622020	0.5123584210
0.0000000000	0.0000000000	0.0000000000	1.0000000000
0	 5	 60	
0.9483643740	-0.2112636320	0.2365854860	0.1542153750
0.2420189520	0.9641035900	-0.1092295480	-0.2119471020
-0.2050166860	0.1608475830	0.9654513010	0.3303906520
0.0000000000	0.0000000000	0.0000000000	1.0000000000
0	 6	 60	
0.9590278130	-0.1485402170	0.2412497840	0.4260109620
0.1692587850	0.9832615350	-0.0674404783	0.0114297642
-0.2271940090	0.1055109400	0.9681168960	0.2900873960
0.0000000000	0.0000000000	0.0000000000	1.0000000000
0	 7	 60	
0.9805706090	-0.1092221010	0.1629472710	0.8506260260
0.1178197740	0.9920580200	-0.0440384542	0.1359422780
-0.1568431740	0.0623812244	0.9856514600	0.0779365443
0.0000000000	0.0000000000	0.0000000000	1.0000000000
0	 10	 60	
0.9996734200	-0.0200717522	-0.0158170320	0.7082167550
0.0189971804	0.9976792690	-0.0653848826	-0.1758250710
0.0170927141	0.0650630502	0.9977347540	0.1954116660
0.0000000000	0.0000000000	0.0000000000	1.0000000000
0	 11	 60	
0.9745562040	-0.2186922800	0.0491313637	0.4800646300
0.2202739970	0.9749941120	-0.0294252862	-0.2219846920
-0.0414677074	0.0394989571	0.9983587840	0.3761057430
0.0000000000	0.0000000000	0.0000000000	1.0000000000
0	 12	 60	
0.9849649020	-0.1569812650	-0.0721181204	0.1832655920
0.1563500560	0.9875974400	-0.0143511604	-0.3586717320
0.0734765344	0.0028597172	0.9972928460	0.6599826310
0.0000000000	0.0000000000	0.0000000000	1.0000000000
0	 13	 60	
0.9778801590	-0.1137907720	-0.1755051400	-0.1019980370
0.1100614800	0.9934452530	-0.0308706852	-0.4050569440
0.1778675480	0.0108714750	0.9839943830	0.6981107060
0.0000000000	0.0000000000	0.0000000000	1.0000000000
0	 14	 60	
0.9717160010	-0.2306171640	-0.0508304813	-0.2810233230
0.2331634760	0.9710662270	0.0516253504	-0.5737166170
0.0374540718	-0.0620169907	0.9973720900	0.9483721880
0.0000000000	0.0000000000	0.0000000000	1.0000000000
0	 15	 60	
0.8457926190	-0.4561544470	0.2766911040	-0.1863464860
0.4081896330	0.8872331520	0.2149384960	-0.6705454830
-0.3435346710	-0.0688509533	0.9366127670	1.0909241800
0.0000000000	0.0000000000	0.0000000000	1.0000000000
0	 19	 60	
0.8083626230	-0.3766431010	0.4524266180	0.1187498200
0.4190465980	0.9079367210	0.0071315325	-0.1542468490
-0.4134607820	0.1838229710	0.8917731200	0.2873152790
0.0000000000	0.0000000000	0.0000000000	1.0000000000
0	 20	 60	
0.8092736700	-0.2893036720	0.5112528840	0.0265753285
0.2550463170	0.9570520610	0.1378503840	-0.2089205670
-0.5291762490	0.0188344790	0.8483028700	-0.3868738010
0.0000000000	0.0000000000	0.0000000000	1.0000000000
0	 26	 60	
0.7835735880	0.1457617340	-0.6039585660	2.4109873700
-0.1467991520	0.9880014310	0.0479914761	-0.3526398510
0.6037072480	0.0510557523	0.7955695250	0.7075351450
0.0000000000	0.0000000000	0.0000000000	1.0000000000
0	 27	 60	
0.3977302530	0.2669053450	-0.8778224090	2.0316480200
-0.2512016880	0.9518723020	0.1756041910	-0.5803569900
0.8824445350	0.1506673720	0.4456354850	1.1496895900
0.0000000000	0.0000000000	0.0000000000	1.0000000000
0	 29	 60	
0.3272105130	0.3020710260	-0.8953694070	1.0873157600
-0.2586675310	0.9399709120	0.2225888450	-1.0830583100
0.9088588390	0.1587695840	0.3857043310	1.7234474400
0.0000000000	0.0000000000	0.0000000000	1.0000000000
0	 39	 60	
0.7138354970	-0.4681257160	0.5208619760	-0.3385288830
0.2995222780	0.8763790200	0.3771554300	-0.6830043120
-0.6330286640	-0.1132171680	0.7658045340	0.3808787850
0.0000000000	0.0000000000	0.0000000000	1.0000000000
0	 40	 60	
0.9762366810	-0.0538945381	-0.2098983580	-0.4370293810
-0.0150578988	0.9493699720	-0.3137991640	-0.1977154050
0.2161832600	0.3095028820	0.9259982530	-0.2973514250
0.0000000000	0.0000000000	0.0000000000	1.0000000000
0	 41	 60	
0.9528804820	-0.1286433780	-0.2747174340	-0.4340381270
0.0006919568	0.9065435200	-0.4221117950	-0.1297098870
0.3033451970	0.4020319980	0.8639166420	0.0489468682
0.0000000000	0.0000000000	0.0000000000	1.0000000000
0	 42	 60	
0.9831982960	-0.1112895120	-0.1446919330	-0.5227874400
0.0489228487	0.9243096920	-0.3784945810	-0.4129513580
0.1758626330	0.3650564860	0.9142243140	0.4689868130
0.0000000000	0.0000000000	0.0000000000	1.0000000000
1	 2	 60	
0.9733984910	0.0568002321	-0.2219664630	-0.2317160950
-0.0501955408	0.9981157770	0.0352888630	-0.1851320300
0.2235526440	-0.0232083994	0.9744155100	0.2480002010
0.0000000000	0.0000000000	0.0000000000	1.0000000000
1	 3	 60	
0.9478222480	0.0411641591	-0.3161305070	-0.0945685059
-0.0773949403	0.9916743990	-0.1029170010	-0.4840195490
0.3092620390	0.1220139250	0.9431169560	0.4675178720
0.0000000000	0.0000000000	0.0000000000	1.0000000000
1	 4	 60	
0.9697477870	-0.1446488210	0.1966365870	0.1176554310
0.1621799690	0.9838220010	-0.0761047230	-0.4363365920
-0.1824469420	0.1056929020	0.9775183490	0.3725644880
0.0000000000	0.0000000000	0.0000000000	1.0000000000
1	 5	 60	
0.9145374180	-0.2639999040	0.3064724490	0.2306861230
0.3064757160	0.9467125850	-0.0990349317	-0.1739825320
-0.2639961120	0.1844975140	0.9467136420	0.2025885570
0.0000000000	0.0000000000	0.0000000000	1.0000000000
1	 10	 60	
0.9942473170	-0.1053876900	0.0191234606	0.8564218040
0.1066494810	0.9905929930	-0.0857403690	-0.0577710366
-0.0099075866	0.0872866390	0.9961339680	0.0393314439
0.0000000000	0.0000000000	0.0000000000	1.0000000000
1	 11	 60	
0.9563523410	-0.2792025950	0.0862328860	0.6262799460
0.2834190930	0.9581172570	-0.0410480182	-0.1485520010
-0.0711605030	0.0636964146	0.9954290280	0.2338004540
0.0000000000	0.0000000000	0.0000000000	1.0000000000
1	 12	 60	
0.9732473580	-0.2293030730	-0.0144803652	0.3220338080
0.2287853910	0.9729913900	-0.0307408408	-0.3083083750
0.0211382399	0.0266055461	0.9994224930	0.5211459090
0.0000000000	0.0000000000	0.0000000000	1.0000000000
1	 13	 60	
0.9738061070	-0.1879898990	-0.1279119350	0.0528915666
0.1831481340	0.9818772080	-0.0487227875	-0.3780056880
0.1347532060	0.0240197159	0.9905880210	0.5533271690
0.0000000000	0.0000000000	0.0000000000	1.0000000000
1	 14	 60	
0.9584126240	-0.2830314180	-0.0365849566	-0.0563492384
0.2839963840	0.9585120290	0.0245100965	-0.5352627270
0.0281299936	-0.0338807812	0.9990299280	0.8156217820
0.0000000000	0.0000000000	0.0000000000	1.0000000000
1	 15	 60	
0.8560254030	-0.4558931400	0.2436841300	0.1357588090
0.4194857190	0.8881014860	0.1879028530	-0.5762430820
-0.3020798600	-0.0586276028	0.9514780940	0.9072126340
0.0000000000	0.0000000000	0.0000000000	1.0000000000
1	 19	 60	
0.7721549540	-0.3968307160	0.4962883340	0.2202436270
0.4502247950	0.8928146100	0.0134054240	-0.1032518470
-0.4484131590	0.2130902490	0.8680542520	0.1648466980
0.0000000000	0.0000000000	0.0000000000	1.0000000000
1	 27	 60	
0.3820817310	0.2615365410	-0.8863476680	2.3191173500
-0.3279864770	0.9350554120	0.1345222890	-0.4933408760
0.8639666790	0.2393115410	0.4430480390	1.0336302500
0.0000000000	0.0000000000	0.0000000000	1.0000000000
1	 28	 60	
0.2515005130	0.2819637150	-0.9258746980	1.7920630300
-0.3418958840	0.9208309920	0.1875566290	-0.8190018350
0.9054582800	0.2693821590	0.3279917000	1.4229339200
0.0000000000	0.0000000000	0.0000000000	1.0000000000
1	 29	 60	
0.3862759250	0.2377355670	-0.8912197880	1.3738392700
-0.2493159490	0.9571595310	0.1472657100	-0.9765437640
0.8880498110	0.1653101090	0.4289989520	1.5368378800
0.0000000000	0.0000000000	0.0000000000	1.0000000000
1	 31	 60	
-0.2182655850	0.4688647630	-0.8558773090	0.3463938660
-0.5025915310	0.6977641930	0.5104183430	-1.2307253600
0.8365177150	0.5415634450	0.0833495490	1.7946718400
0.0000000000	0.0000000000	0.0000000000	1.0000000000
1	 40	 60	
0.9812625550	-0.1163044790	-0.1536133690	-0.3152454700
0.0318129349	0.8841213310	-0.4661731540	0.2664346300
0.1900308820	0.4525513670	0.8712551430	-0.2742276320
0.0000000000	0.0000000000	0.0000000000	1.0000000000
2	 3	 60	
0.9985372060	0.0216526761	-0.0495440137	0.1511077340
-0.0284819879	0.9895164010	-0.1415841390	-0.3174068310
0.0459589386	0.1427881430	0.9886856540	0.2064867900
0.0000000000	0.0000000000	0.0000000000	1.0000000000
2	 4	 60	
0.8883690690	-0.2407171260	0.3909675970	0.4236686350
0.2894151160	0.9546522220	-0.0698428670	-0.2370892660
-0.3564257110	0.1751981750	0.9177506810	0.0664578262
0.0000000000	0.0000000000	0.0000000000	1.0000000000
2	 10	 60	
0.9493600150	-0.1123068650	0.2934326660	0.8521794130
0.1423825120	0.9863119070	-0.0831627459	0.1205870130
-0.2800763850	0.1207310660	0.9523556210	-0.4844931400
0.0000000000	0.0000000000	0.0000000000	1.0000000000
2	 11	 60	
0.8880345230	-0.3315999260	0.3184904620	0.7835077620
0.3663519720	0.9288868600	-0.0543639045	0.1029337620
-0.2778145380	0.1649566330	0.9463658870	-0.1931841580
0.0000000000	0.0000000000	0.0000000000	1.0000000000
2	 12	 60	
0.9435170020	-0.2512449520	0.2159899080	0.6099350140
0.2721568630	0.9594980550	-0.0727607366	-0.0837261406
-0.1889611280	0.1274341280	0.9736807660	0.1524294790
0.0000000000	0.0000000000	0.0000000000	1.0000000000
2	 13	 60	
0.9684185390	-0.2314153920	0.0928032854	0.3713605030
0.2397927580	0.9664156040	-0.0924138219	-0.1779397120
-0.0683005622	0.1117488140	0.9913865220	0.2536930610
0.0000000000	0.0000000000	0.0000000000	1.0000000000
2	 14	 60	
0.9090966950	-0.3484286280	0.2283433610	0.2295224860
0.3504865200	0.9359916380	0.0328459094	-0.4283096580
-0.2251719320	0.0501711623	0.9730264410	0.5124498150
0.0000000000	0.0000000000	0.0000000000	1.0000000000
2	 27	 60	
0.5347891110	0.2770750270	-0.7982668950	2.8246108600
-0.3216198160	0.9403489510	0.1109258520	-0.2880188110
0.7813842210	0.1974165150	0.5920011990	0.3715376570
0.0000000000	0.0000000000	0.0000000000	1.0000000000
2	 28	 60	
0.4348199470	0.2770081480	-0.8568536050	2.3411257900
-0.2985118820	0.9420513790	0.1530681390	-0.5881501030
0.8496012420	0.1892239020	0.4923129540	0.8090101500
0.0000000000	0.0000000000	0.0000000000	1.0000000000
2	 29	 60	
0.5351833440	0.2616657160	-0.8031873010	1.8750484700
-0.2984546530	0.9480641100	0.1099966530	-0.7998274290
0.7902554070	0.1808466110	0.5854834710	0.9576507400
0.0000000000	0.0000000000	0.0000000000	1.0000000000
2	 30	 60	
0.3489997540	0.3063004980	-0.8856518370	1.4343370600
-0.3524142070	0.9186002560	0.1788233680	-0.9927105940
0.8683336910	0.2497069780	0.4285359110	1.2985607000
0.0000000000	0.0000000000	0.0000000000	1.0000000000
2	 31	 60	
0.0291766203	0.5850755330	-0.8104537900	0.9231237110
-0.5474734870	0.6877251490	0.4767671350	-1.1170618400
0.8363142390	0.4297915090	0.3403788370	1.3393370500
0.0000000000	0.0000000000	0.0000000000	1.0000000000
2	 36	 60	
0.9768824180	-0.1735013830	-0.1248919970	0.4034960180
0.1758420400	0.9843868320	0.0078829724	-0.7184968440
0.1215743300	-0.0296620006	0.9921390270	0.4402587800
0.0000000000	0.0000000000	0.0000000000	1.0000000000
2	 37	 60	
0.9915132870	-0.0629283970	-0.1137603540	0.8642502080
0.0685057110	0.9965989920	0.0457975513	-0.5902094870
0.1104914880	-0.0532021146	0.9924520980	0.3514036820
0.0000000000	0.0000000000	0.0000000000	1.0000000000
2	 40	 60	
0.9922149070	-0.0839791622	0.0919623750	-0.2798265650
0.1156556970	0.8952286790	-0.4303363470	0.2110978880
-0.0461880695	0.4376221120	0.8979719090	-0.5432604120
0.0000000000	0.0000000000	0.0000000000	1.0000000000
2	 41	 60	
0.9908007090	-0.1288793180	0.0412804535	-0.1982866890
0.1327665540	0.8666325540	-0.4809584780	0.0597059526
0.0262106156	0.4820146650	0.8757710120	-0.2710814600
0.0000000000	0.0000000000	0.0000000000	1.0000000000
2	 42	 60	
0.9848486080	-0.0843917723	0.1514966900	-0.1275519700
0.1421879920	0.8930778660	-0.4268424770	-0.2254342190
-0.0992763477	0.4419162290	0.8915459900	0.1273140500
0.0000000000	0.0000000000	0.0000000000	1.0000000000
2	 43	 60	
0.9905232240	-0.1215346000	0.0639772067	0.0153315154
0.1372070810	0.8965107920	-0.4212393810	-0.4779487090
-0.0061610965	0.4260255160	0.9046901680	0.5074167320
0.0000000000	0.0000000000	0.0000000000	1.0000000000
2	 44	 60	
0.9280258980	-0.1393208120	0.3454817570	0.0182019196
0.2581846500	0.9091000420	-0.3269217050	-0.6688729710
-0.2685304820	0.3925898950	0.8796388770	0.8400101200
0.0000000000	0.0000000000	0.0000000000	1.0000000000
3	 4	 60	
0.8482672300	-0.1753054770	0.4997106130	0.1641310540
0.1714428430	0.9837091000	0.0540717901	0.0366529203
-0.5010489580	0.0398044804	0.8645030630	-0.1561711490
0.0000000000	0.0000000000	0.0000000000	1.0000000000
3	 5	 60	
0.7878686010	-0.2348003880	0.5693257820	0.2439356590
0.2761322590	0.9610145810	0.0142109484	0.3080334410
-0.5504671130	0.1460128540	0.8219891750	-0.4158477710
0.0000000000	0.0000000000	0.0000000000	1.0000000000
3	 10	 60	
0.9358227560	-0.1163145520	0.3327261560	0.7565414440
0.1118106760	0.9931906300	0.0327222512	0.4034950830
-0.3342665740	0.0065801089	0.9424556010	-0.7489079200
0.0000000000	0.0000000000	0.0000000000	1.0000000000
3	 11	 60	
0.8640377870	-0.3192345650	0.3892659690	0.5781627850
0.3104311350	0.9465845300	0.0872366783	0.3309831260
-0.3963221070	0.0454644900	0.9169851510	-0.4970009850
0.0000000000	0.0000000000	0.0000000000	1.0000000000
3	 12	 60	
0.9218411780	-0.2772193940	0.2708472830	0.4407061720
0.2656515470	0.9608060060	0.0792532331	0.2192932670
-0.2822022290	-0.0011078941	0.9593543010	-0.1140438070
0.0000000000	0.0000000000	0.0000000000	1.0000000000
3	 13	 60	
0.9552873230	-0.2387961810	0.1743631700	0.1715968890
0.2311142400	0.9708579520	0.0634117166	0.1158495750
-0.1844243450	-0.0202785976	0.9826374910	0.0099555431
0.0000000000	0.0000000000	0.0000000000	1.0000000000
3	 14	 60	
0.8920422740	-0.3608249240	0.2721506110	0.1393133190
0.3292024670	0.9313279880	0.1557366840	-0.0293220753
-0.3096551580	-0.0493310531	0.9495683920	0.3201578800
0.0000000000	0.0000000000	0.0000000000	1.0000000000
3	 15	 60	
0.6796302030	-0.5301796150	0.5069638670	0.3656381910
0.4265041760	0.8478825600	0.3149434110	-0.0407387886
-0.5968223980	0.0021771523	0.8023704170	0.3479618680
0.0000000000	0.0000000000	0.0000000000	1.0000000000
3	 27	 60	
0.6009145650	0.2618642720	-0.7552011570	2.6104958100
-0.2046494710	0.9637244590	0.1713293930	0.1240503540
0.7726708740	0.0515971891	0.6327064490	-0.0526617303
0.0000000000	0.0000000000	0.0000000000	1.0000000000
3	 28	 60	
0.5260043740	0.2561133330	-0.8110026870	2.1758764000
-0.1652359620	0.9661847090	0.1979499570	-0.1399059750
0.8342760190	0.0298842662	0.5505365160	0.4417999330
0.0000000000	0.0000000000	0.0000000000	1.0000000000
3	 29	 60	
0.5822899070	0.2546911550	-0.7720562670	1.7815100100
-0.1640196560	0.9669360560	0.1952747190	-0.3843605240
0.7962637860	0.0129259059	0.6048114620	0.7255626040
0.0000000000	0.0000000000	0.0000000000	1.0000000000
3	 30	 60	
0.3903626350	0.3152480770	-0.8650061640	1.3399018900
-0.2524610500	0.9401873890	0.2287161810	-0.5234819110
0.8853702230	0.1290981140	0.4466018870	1.1032761100
0.0000000000	0.0000000000	0.0000000000	1.0000000000
3	 40	 60	
0.9858144600	-0.0742246233	0.1505342370	-0.4840361490
0.1153256910	0.9511947370	-0.2862316490	0.3756211400
-0.1219419380	0.2995317640	0.9462615320	-0.7920848410
0.0000000000	0.0000000000	0.0000000000	1.0000000000
3	 41	 60	
0.9894032160	-0.0924133082	0.1119868550	-0.4078874920
0.1252291720	0.9334687270	-0.3360859860	0.2597849180
-0.0734774093	0.3465485770	0.9351498030	-0.4928004670
0.0000000000	0.0000000000	0.0000000000	1.0000000000
3	 42	 60	
0.9742111620	-0.0905952548	0.2066521530	-0.2718516830
0.1491912260	0.9457154210	-0.2887288000	0.0516912299
-0.1692766690	0.3121135080	0.9348425360	-0.0638194403
0.0000000000	0.0000000000	0.0000000000	1.0000000000
3	 43	 60	
0.9866434360	-0.1153199620	0.1150479750	-0.1081943550
0.1444651110	0.9457824830	-0.2909043260	-0.1164392300
-0.0752632841	0.3036392620	0.9498097900	0.3270420850
0.0000000000	0.0000000000	0.0000000000	1.0000000000
3	 44	 60	
0.9189622860	-0.1167392520	0.3766699680	-0.0773282705
0.2027149460	0.9591559510	-0.1972980290	-0.2611335110
-0.3382528170	0.2576660800	0.9050929360	0.6806992270
0.0000000000	0.0000000000	0.0000000000	1.0000000000
3	 45	 60	
0.8394346790	-0.1370078380	0.5259070950	0.0878744593
0.2387525030	0.9622858210	-0.1303964750	-0.3583518610
-0.4882076010	0.2350209590	0.8404870530	0.9055618390
0.0000000000	0.0000000000	0.0000000000	1.0000000000
4	 5	 60	
0.9868110010	-0.1446560710	0.0726544474	0.2368703680
0.1478624890	0.9881636350	-0.0408572541	0.2263595800
-0.0658842329	0.0510612552	0.9965199530	-0.1588153950
0.0000000000	0.0000000000	0.0000000000	1.0000000000
4	 6	 60	
0.9943998730	-0.0820717362	0.0665816952	0.5479273320
0.0828557853	0.9965200320	-0.0090963921	0.4316407350
-0.0656034364	0.0145621297	0.9977395120	-0.1515025600
0.0000000000	0.0000000000	0.0000000000	1.0000000000
4	 7	 60	
0.9986905430	-0.0509068154	0.0050690101	0.9796542950
0.0508281944	0.9986008490	0.0145890317	0.5382736260
-0.0058045989	-0.0143122793	0.9998807260	-0.2895462150
0.0000000000	0.0000000000	0.0000000000	1.0000000000
4	 9	 60	
0.9902272240	0.0948150605	0.1022748730	1.3497501500
-0.0974444003	0.9950190750	0.0210149781	0.2510387850
-0.0997729134	-0.0307757171	0.9945341730	-0.2736032540
0.0000000000	0.0000000000	0.0000000000	1.0000000000
4	 10	 60	
0.9804915270	0.0636355288	-0.1859754940	0.8632308890
-0.0617376573	0.9979644050	0.0159845944	0.2240313070
0.1866141110	-0.0041910680	0.9824243520	-0.1984998750
0.0000000000	0.0000000000	0.0000000000	1.0000000000
4	 11	 60	
0.9835029850	-0.1286556230	-0.1271597750	0.6103462380
0.1358681670	0.9894775360	0.0497397823	0.2013524550
0.1194224380	-0.0661961900	0.9906343150	-0.0446159691
0.0000000000	0.0000000000	0.0000000000	1.0000000000
4	 12	 60	
0.9695506740	-0.0615284395	-0.2370353190	0.2556357230
0.0790226690	0.9947504020	0.0650158050	0.1371618500
0.2317906570	-0.0817672810	0.9693230640	0.1840803630
0.0000000000	0.0000000000	0.0000000000	1.0000000000
4	 13	 60	
0.9435881760	-0.0179878889	-0.3306324090	-0.0545675299
0.0429954936	0.9967257150	0.0684780058	0.0924962777
0.3283180490	-0.0788307402	0.9412719970	0.1583031270
0.0000000000	0.0000000000	0.0000000000	1.0000000000
4	 14	 60	
0.9695295400	-0.1024827660	-0.2225078730	-0.2412516520
0.1325963480	0.9832711380	0.1248842580	-0.0004473284
0.2059870850	-0.1505827090	0.9668992550	0.3932874620
0.0000000000	0.0000000000	0.0000000000	1.0000000000
4	 15	 60	
0.9473848550	-0.3077666770	0.0879864146	-0.1113369100
0.2781339810	0.9275358150	0.2496373380	-0.0976595823
-0.1584406050	-0.2120306210	0.9643337550	0.5418743630
0.0000000000	0.0000000000	0.0000000000	1.0000000000
4	 16	 60	
0.7404732150	-0.4878699870	0.4622578220	-0.1702743580
0.3790427280	0.8711201620	0.3122119050	-0.1046899300
-0.5550009270	-0.0559690872	0.8299647180	0.5090636350
0.0000000000	0.0000000000	0.0000000000	1.0000000000
4	 17	 60	
0.5280076090	-0.4182444860	0.7391072420	-0.0271077354
0.3457662130	0.9007889260	0.2627261640	-0.0895013481
-0.7756633880	0.1168368980	0.6202382190	0.3923041210
0.0000000000	0.0000000000	0.0000000000	1.0000000000
4	 18	 60	
0.7446876930	-0.3735091080	0.5531104650	0.0347084074
0.3457132620	0.9247661190	0.1590281910	0.0196587597
-0.5708962950	0.0727912864	0.8177890000	0.1330442950
0.0000000000	0.0000000000	0.0000000000	1.0000000000
4	 19	 60	
0.8988680400	-0.3162452940	0.3033564890	0.2206852820
0.3149136570	0.9475433930	0.0546891802	0.2657329810
-0.3047386330	0.0463727452	0.9513064350	-0.2034149500
0.0000000000	0.0000000000	0.0000000000	1.0000000000
4	 20	 60	
0.9086647290	-0.2200507070	0.3548324910	0.2932226370
0.1614809370	0.9689274620	0.1873592280	0.1358206440
-0.3850354760	-0.1129480390	0.9159642040	-0.8713825900
0.0000000000	0.0000000000	0.0000000000	1.0000000000
4	 25	 60	
0.8892507720	0.1140330360	-0.4429780260	2.4705178700
-0.0262524221	0.9795541750	0.1994603450	0.0141978032
0.4566660440	-0.1657410190	0.8740629490	0.1210174990
0.0000000000	0.0000000000	0.0000000000	1.0000000000
4	 26	 60	
0.7381538420	0.1595389080	-0.6554969430	2.1897394400
-0.0753122513	0.9850493130	0.1549384250	-0.0462743433
0.6704155200	-0.0650014432	0.7391331700	0.4507163160
0.0000000000	0.0000000000	0.0000000000	1.0000000000
4	 27	 60	
0.1564927760	0.3345104080	-0.9293076980	2.0111430600
-0.2216444270	0.9287967690	0.2970022040	-0.2677019400
0.9624883160	0.1594971730	0.2194923520	1.1751956700
0.0000000000	0.0000000000	0.0000000000	1.0000000000
4	 29	 60	
0.9332554350	-0.3488225130	-0.0857738155	0.4966292310
0.3523403770	0.9354059100	0.0295303547	-0.0183516674
0.0699324815	-0.0577809425	0.9958769050	0.2109665570
0.0000000000	0.0000000000	0.0000000000	1.0000000000
4	 36	 60	
0.3122959860	-0.6588227080	0.6844149740	-0.0702909561
0.4912443130	0.7286415630	0.4772425990	-0.7418782700
-0.8131114580	0.1871740150	0.5511947440	1.1466607800
0.0000000000	0.0000000000	0.0000000000	1.0000000000
4	 37	 60	
0.5213110360	-0.6151052000	0.5915068860	-0.4250191540
0.4100573760	0.7884371360	0.4584973620	-0.5490914000
-0.7483901070	0.0035320269	0.6632494050	0.6879291970
0.0000000000	0.0000000000	0.0000000000	1.0000000000
4	 38	 60	
0.7738925900	-0.4893233860	0.4020607960	-0.6487930520
0.2545546490	0.8216444820	0.5100022320	-0.4663514370
-0.5799070530	-0.2923405030	0.7604241190	0.2212298930
0.0000000000	0.0000000000	0.0000000000	1.0000000000
4	 39	 60	
0.8056071270	-0.3846162740	0.4506300920	-0.3379658560
0.2132436240	0.8978872570	0.3851306660	-0.1467754160
-0.5527425390	-0.2141700150	0.8053613420	-0.1552479200
0.0000000000	0.0000000000	0.0000000000	1.0000000000
4	 40	 60	
0.9289886160	-0.0378706810	-0.3681656730	-0.2485716140
-0.0830748325	0.9480316310	-0.3071393810	0.5398894220
0.3606642810	0.3159142900	0.8775644920	-0.8207313380
0.0000000000	0.0000000000	0.0000000000	1.0000000000
4	 42	 60	
0.9326055690	-0.0715207160	-0.3537395090	-0.3758610460
-0.0412316670	0.9526337580	-0.3013119210	0.1503020090
0.3585342420	0.2955904450	0.8854826290	-0.1199942390
0.0000000000	0.0000000000	0.0000000000	1.0000000000
4	 43	 60	
0.8898391170	-0.0903241716	-0.4472447750	-0.4597670290
-0.0404208466	0.9607509680	-0.2744516930	-0.0708634803
0.4544804730	0.2622958650	0.8512628140	0.2740747480
0.0000000000	0.0000000000	0.0000000000	1.0000000000
4	 44	 60	
0.9840762530	-0.0419298850	-0.1727304620	-0.6691464450
0.0067373508	0.9798788900	-0.1994792450	-0.2617874190
0.1776190750	0.1951390430	0.9645580430	0.5743088870
0.0000000000	0.0000000000	0.0000000000	1.0000000000
4	 45	 60	
0.9976952770	-0.0654411878	-0.0179327863	-0.6305523520
0.0608854555	0.9800645170	-0.1891203420	-0.3372367830
0.0299515474	0.1875926270	0.9817901560	0.8536128720
0.0000000000	0.0000000000	0.0000000000	1.0000000000
4	 46	 60	
0.9685271360	-0.1145148000	0.2210012370	-0.5603244600
0.1557036820	0.9714514220	-0.1789930080	-0.3465636880
-0.1941946170	0.2077702920	0.9587074400	1.0520261300
0.0000000000	0.0000000000	0.0000000000	1.0000000000
4	 47	 60	
0.8999526600	-0.1482257880	0.4100174710	-0.4283466280
0.2117592790	0.9706634780	-0.1138877520	-0.4326526840
-0.3811078820	0.1893185890	0.9049393650	1.2103315400
0.0000000000	0.0000000000	0.0000000000	1.0000000000
4	 48	 60	
0.7861623140	-0.2319529480	0.5728408560	-0.3649676970
0.2781613280	0.9605075390	0.0071793091	-0.4947300170
-0.5518832230	0.1536980710	0.8196351700	1.3632998100
0.0000000000	0.0000000000	0.0000000000	1.0000000000
5	 6	 60	
0.9974059530	0.0717380391	0.0059175752	0.3344293930
-0.0719116047	0.9966888710	0.0379475294	0.1482660550
-0.0031757000	-0.0382746341	0.9992622110	0.0225418777
0.0000000000	0.0000000000	0.0000000000	1.0000000000
5	 7	 60	
0.9934022430	0.0912391368	-0.0694795221	0.7941948360
-0.0864017881	0.9938185220	0.0697099488	0.1915458720
0.0754103115	-0.0632468645	0.9951447730	-0.0964996760
0.0000000000	0.0000000000	0.0000000000	1.0000000000
5	 8	 60	
0.9925994590	0.0995815463	0.0694969798	1.1178547500
-0.1105505660	0.9778325990	0.1778257040	0.1750680960
-0.0502482538	-0.1841926280	0.9816049050	-0.0840795866
0.0000000000	0.0000000000	0.0000000000	1.0000000000
5	 9	 60	
0.9607674610	0.2721163310	0.0536524786	1.0908774300
-0.2749337420	0.9598961300	0.0548712853	-0.1774999470
-0.0365694337	-0.0674694222	0.9970509280	-0.0495018408
0.0000000000	0.0000000000	0.0000000000	1.0000000000
5	 10	 60	
0.9458442670	0.2155229080	-0.2427519270	0.6081951040
-0.1978492490	0.9755914660	0.0952731156	-0.0979153659
0.2573602470	-0.0420852437	0.9653986410	0.0093232625
0.0000000000	0.0000000000	0.0000000000	1.0000000000
5	 11	 60	
0.9829970660	0.0194613505	-0.1825870310	0.3566577090
0.0022738084	0.9930012120	0.1180822740	-0.0728526558
0.1836071830	-0.1164896960	0.9760730260	0.1415090310
0.0000000000	0.0000000000	0.0000000000	1.0000000000
5	 12	 60	
0.9563265540	0.0671343986	-0.2844863700	-0.0615693502
-0.0234900139	0.9877705570	0.1541348300	-0.0938722152
0.2913550100	-0.1407206420	0.9462082010	0.3494551540
0.0000000000	0.0000000000	0.0000000000	1.0000000000
5	 13	 60	
0.9124500610	0.1011208400	-0.3964964840	-0.3057894500
-0.0407271505	0.9866152370	0.1578976690	-0.0771667834
0.4071562180	-0.1279255650	0.9043554970	0.3028162400
0.0000000000	0.0000000000	0.0000000000	1.0000000000
5	 14	 60	
0.9602492910	0.0836424740	-0.2663179240	-0.5419920460
-0.0191697835	0.9715595380	0.2360181830	-0.1522934600
0.2784848640	-0.2215310360	0.9345427660	0.5342645250
0.0000000000	0.0000000000	0.0000000000	1.0000000000
5	 15	 60	
0.9862676660	-0.1378982920	0.0908853792	-0.4582439260
0.1012040540	0.9395044270	0.3272448170	-0.3057181160
-0.1305137170	-0.3135530130	0.9405587050	0.6932349880
0.0000000000	0.0000000000	0.0000000000	1.0000000000
5	 16	 60	
0.8503775440	-0.3316639140	0.4084814330	-0.3535895080
0.2265685690	0.9314768620	0.2846357990	-0.2245085350
-0.4748944260	-0.1494988380	0.8672516250	0.6063731590
0.0000000000	0.0000000000	0.0000000000	1.0000000000
5	 17	 60	
0.6255991410	-0.3215503920	0.7107960750	-0.3241640160
0.2468867860	0.9458820340	0.2106041140	-0.2630480360
-0.7400490720	0.0437324058	0.6711295310	0.5231252040
0.0000000000	0.0000000000	0.0000000000	1.0000000000
5	 18	 60	
0.8211892570	-0.2215609140	0.5258887390	-0.2501006730
0.1874088090	0.9751453830	0.1181923040	-0.1681702230
-0.5390047710	0.0014979317	0.8423013790	0.2929316920
0.0000000000	0.0000000000	0.0000000000	1.0000000000
5	 19	 60	
0.9589118660	-0.1681005750	0.2285393400	0.0397696394
0.1585063400	0.9855427170	0.0598439077	0.0360123383
-0.2352950770	-0.0211600989	0.9716936130	-0.0466090309
0.0000000000	0.0000000000	0.0000000000	1.0000000000
5	 20	 60	
0.9603074590	-0.0698022080	0.2700689480	0.2530660940
0.0227615071	0.9845644300	0.1735361520	-0.0970839833
-0.2780134860	-0.1605008850	0.9470733690	-0.7032904120
0.0000000000	0.0000000000	0.0000000000	1.0000000000
5	 25	 60	
0.8354770940	0.2807603730	-0.4723892880	2.2594661200
-0.1438121580	0.9413818460	0.3051528850	-0.5340193670
0.5303735370	-0.1870129230	0.8268797240	0.4738982520
0.0000000000	0.0000000000	0.0000000000	1.0000000000
5	 26	 60	
0.5475600600	0.3796577710	-0.7456795270	2.0334880200
-0.2173248070	0.9250882700	0.3114187230	-0.5643833590
0.8080519220	-0.0084657948	0.5890504410	0.9679759290
0.0000000000	0.0000000000	0.0000000000	1.0000000000
5	 36	 60	
0.4563978980	-0.5344983580	0.7113455300	-0.5131239880
0.4246109230	0.8333955130	0.3537760350	-0.7554263850
-0.7819248830	0.1405824430	0.6073138020	1.2905853000
0.0000000000	0.0000000000	0.0000000000	1.0000000000
5	 37	 60	
0.6440936220	-0.5004785730	0.5785020340	-0.7697596330
0.2908091900	0.8596884410	0.4199592830	-0.6521003700
-0.7075121350	-0.1022593880	0.6992636100	0.8083936750
0.0000000000	0.0000000000	0.0000000000	1.0000000000
5	 39	 60	
0.8588642110	-0.2438801640	0.4504161770	-0.5765305050
0.0755825680	0.9300875220	0.3594780620	-0.2993120990
-0.5065960340	-0.2746992310	0.8172519750	-0.0109264686
0.0000000000	0.0000000000	0.0000000000	1.0000000000
5	 45	 60	
0.9932021370	0.1079353930	-0.0435828739	-1.1356595800
-0.1125756350	0.9858956620	-0.1238405050	-0.3693071420
0.0296013928	0.1279050240	0.9913445730	1.0171601100
0.0000000000	0.0000000000	0.0000000000	1.0000000000
5	 46	 60	
0.9898324920	-0.0139514549	0.1415520950	-0.9899444290
0.0322320430	0.9912906230	-0.1276871030	-0.4417654080
-0.1385378440	0.1309513570	0.9816613510	1.1676876800
0.0000000000	0.0000000000	0.0000000000	1.0000000000
5	 47	 60	
0.9424622380	-0.0011463086	0.3343106580	-0.8612091760
0.0367296020	0.9942956000	-0.1001358840	-0.5172303640
-0.3322888300	0.1066533870	0.9371281600	1.3443849200
0.0000000000	0.0000000000	0.0000000000	1.0000000000
5	 48	 60	
0.8472078470	-0.0744870827	0.5260138190	-0.7930853290
0.1064979220	0.9938359710	-0.0307937408	-0.5408346540
-0.5204777190	0.0821080776	0.8499183530	1.5157299200
0.0000000000	0.0000000000	0.0000000000	1.0000000000
5	 49	 60	
0.8081644710	-0.1148203490	0.5776560180	-0.5655489460
0.1284329320	0.9915653670	0.0174099267	-0.6388093480
-0.5747827150	0.0601199721	0.8160946140	1.5667745200
0.0000000000	0.0000000000	0.0000000000	1.0000000000
5	 50	 60	
0.8062177570	-0.1420720550	0.5743069390	-0.5851509470
0.0943216387	0.9891881020	0.1122957110	-0.5838266750
-0.5840516730	-0.0363652249	0.8109014820	1.7123693500
0.0000000000	0.0000000000	0.0000000000	1.0000000000
5	 52	 60	
0.9128476220	-0.0463276531	0.4056636140	-0.6095446270
-0.0117400218	0.9901530830	0.1394956750	-0.4820965170
-0.4081315860	-0.1321007940	0.9033150000	1.7076756300
0.0000000000	0.0000000000	0.0000000000	1.0000000000
5	 53	 60	
0.7476467260	-0.1945801500	0.6349511310	-0.5654155980
0.1170995310	0.9797581540	0.1623627430	-0.5834844550
-0.6536911140	-0.0470374933	0.7552982200	1.6289503500
0.0000000000	0.0000000000	0.0000000000	1.0000000000
6	 7	 60	
0.9970703990	0.0170903503	-0.0745556149	0.4589677910
-0.0151091920	0.9995197140	0.0270564990	0.0805891756
0.0749822119	-0.0258507592	0.9968497410	-0.1152200220
0.0000000000	0.0000000000	0.0000000000	1.0000000000
6	 8	 60	
0.9959436210	0.0625680453	0.0646648609	0.7854849130
-0.0717647980	0.9858644360	0.1513972480	0.0645671624
-0.0542781568	-0.1554237840	0.9863555790	-0.1074337900
0.0000000000	0.0000000000	0.0000000000	1.0000000000
6	 9	 60	
0.9792241570	0.1971272000	0.0475490970	0.7634959160
-0.1985144920	0.9797416760	0.0264243359	-0.2732439210
-0.0413768766	-0.0353145329	0.9985193230	-0.0728092686
0.0000000000	0.0000000000	0.0000000000	1.0000000000
6	 10	 60	
0.9570833170	0.1447271670	-0.2510887740	0.2852879720
-0.1388486380	0.9894616190	0.0410701816	-0.2284423930
0.2543866760	-0.0044442513	0.9670923780	-0.0195354571
0.0000000000	0.0000000000	0.0000000000	1.0000000000
6	 11	 60	
0.9834095770	-0.0469877215	-0.1752077560	0.0004829397
0.0598492155	0.9958295990	0.0688584121	-0.2251619650
0.1712415690	-0.0782020687	0.9821205430	0.1077813000
0.0000000000	0.0000000000	0.0000000000	1.0000000000
6	 12	 60	
0.9555405680	0.0015523966	-0.2948555780	-0.3804125190
0.0284217782	0.9948448420	0.0973444560	-0.2797892080
0.2934866680	-0.1013968970	0.9505704840	0.3163486310
0.0000000000	0.0000000000	0.0000000000	1.0000000000
6	 15	 60	
0.9743054590	-0.2190226010	0.0525163980	-0.7416386560
0.1970016710	0.9417248800	0.2726620460	-0.4851893900
-0.1091751490	-0.2553103020	0.9606755110	0.6521183200
0.0000000000	0.0000000000	0.0000000000	1.0000000000
6	 16	 60	
0.8288862290	-0.3990064290	0.3920988260	-0.6610773220
0.3061218040	0.9101696710	0.2790709780	-0.4419767380
-0.4682275740	-0.1112880910	0.8765716740	0.5758019430
0.0000000000	0.0000000000	0.0000000000	1.0000000000
6	 17	 60	
0.5769591950	-0.3923298480	0.7163765610	-0.6774389920
0.3267314180	0.9147106550	0.2378045380	-0.4685231460
-0.7485750920	0.0968592147	0.6559372110	0.5065277820
0.0000000000	0.0000000000	0.0000000000	1.0000000000
6	 18	 60	
0.8003481030	-0.2933449720	0.5228686660	-0.5616943080
0.2658183470	0.9553409400	0.1290902590	-0.3743943920
-0.5373858210	0.0356709405	0.8425817840	0.2602583690
0.0000000000	0.0000000000	0.0000000000	1.0000000000
6	 19	 60	
0.9428148440	-0.2408151760	0.2304522120	-0.3142771190
0.2377974180	0.9704400200	0.0412135284	-0.1332374520
-0.2335648920	0.0159442146	0.9722104830	-0.0783127619
0.0000000000	0.0000000000	0.0000000000	1.0000000000
6	 20	 60	
0.9644334020	-0.1246530520	0.2330876030	0.0128075338
0.0915286315	0.9847542200	0.1479244260	-0.2103476780
-0.2479732320	-0.1213290680	0.9611391850	-0.7369370490
0.0000000000	0.0000000000	0.0000000000	1.0000000000
6	 21	 60	
0.8472950360	-0.2641439130	0.4607809840	0.0304477505
0.1762345200	0.9582309020	0.2252441600	-0.2075468730
-0.5010314520	-0.1096427430	0.8584555620	-0.6164422020
0.0000000000	0.0000000000	0.0000000000	1.0000000000
6	 24	 60	
0.9970474910	-0.0373127765	0.0671122705	1.4942036300
0.0286640257	0.9916788670	0.1255045760	-0.2984341300
-0.0712367445	-0.1232103150	0.9898204610	-0.1202530630
0.0000000000	0.0000000000	0.0000000000	1.0000000000
6	 25	 60	
0.8541355370	0.1724077330	-0.4906404570	1.8370285000
-0.0936583915	0.9790180790	0.1809743280	-0.3853527780
0.5115472510	-0.1086240090	0.8523615630	0.4163898220
0.0000000000	0.0000000000	0.0000000000	1.0000000000
6	 26	 60	
0.5759502630	0.3056531110	-0.7581935570	1.7670928000
-0.2002158030	0.9519657670	0.2316782460	-0.6183075000
0.7925874880	0.0183671852	0.6094815170	0.9162265210
0.0000000000	0.0000000000	0.0000000000	1.0000000000
6	 36	 60	
0.4133361700	-0.5929433760	0.6910653830	-0.7075997750
0.4636004430	0.7902375630	0.4007483280	-1.0260259600
-0.7837268910	0.1547344390	0.6015225800	1.2266009000
0.0000000000	0.0000000000	0.0000000000	1.0000000000
6	 37	 60	
0.6002171810	-0.5651054090	0.5660346390	-1.0709198600
0.3640731530	0.8231524050	0.4357417330	-0.9065872180
-0.7121727840	-0.0554616587	0.6998099240	0.7936032410
0.0000000000	0.0000000000	0.0000000000	1.0000000000
6	 39	 60	
0.8592989610	-0.2988524960	0.4150812940	-0.8770795940
0.1449242990	0.9205453450	0.3627577920	-0.5170113200
-0.4905122250	-0.2515620290	0.8343346470	-0.0665253843
0.0000000000	0.0000000000	0.0000000000	1.0000000000
6	 47	 60	
0.9330189550	-0.0822648636	0.3502971920	-1.1188977300
0.1330139370	0.9834100880	-0.1233364940	-0.7772220360
-0.3343395320	0.1616696950	0.9284826260	1.2888801700
0.0000000000	0.0000000000	0.0000000000	1.0000000000
6	 48	 60	
0.8404026910	-0.1529402480	0.5199351870	-1.0328970300
0.1716570370	0.9850799310	0.0123040959	-0.8555365300
-0.5140595090	0.0789101385	0.8541170940	1.4661966400
0.0000000000	0.0000000000	0.0000000000	1.0000000000
6	 49	 60	
0.7714130260	-0.1636341140	0.6149356230	-0.8906563440
0.2092443260	0.9778607320	-0.0022806021	-0.8678102000
-0.6009482140	0.1304310760	0.7885740160	1.5590537600
0.0000000000	0.0000000000	0.0000000000	1.0000000000
6	 50	 60	
0.8042749480	-0.2138616780	0.5544411520	-0.8427255210
0.1613545770	0.9765378640	0.1426131180	-0.8692204190
-0.5719322590	-0.0252385402	0.8199125000	1.6539183400
0.0000000000	0.0000000000	0.0000000000	1.0000000000
6	 52	 60	
0.9110704720	-0.1389110260	0.3881421410	-0.8783396080
0.0726179083	0.9808742230	0.1805890300	-0.8027987880
-0.4058044290	-0.1363432620	0.9037329700	1.6483780000
0.0000000000	0.0000000000	0.0000000000	1.0000000000
6	 53	 60	
0.7294677410	-0.2532067360	0.6354236100	-0.8638586550
0.1974952670	0.9673636950	0.1587548460	-0.8181807630
-0.6548835270	0.0096866167	0.7556677410	1.5847021100
0.0000000000	0.0000000000	0.0000000000	1.0000000000
6	 54	 60	
0.4436659180	-0.3341024200	0.8315865110	-0.7503292480
0.2783476250	0.9333916450	0.2265008520	-0.7520968390
-0.8518703850	0.1309794220	0.5071106770	1.4284392300
0.0000000000	0.0000000000	0.0000000000	1.0000000000
6	 59	 60	
0.4500881290	-0.5158837040	0.7288927770	-1.0116820300
0.2868013540	0.8565108590	0.4291085320	-0.4143544220
-0.8456746770	0.0159107786	0.5334615150	0.8579468040
0.0000000000	0.0000000000	0.0000000000	1.0000000000
7	 8	 60	
0.9932833860	0.0192316646	0.1140975840	0.3608376450
-0.0331370133	0.9920676640	0.1212587650	-0.0026335364
-0.1108605160	-0.1242251700	0.9860416080	-0.0197590967
0.0000000000	0.0000000000	0.0000000000	1.0000000000
7	 9	 60	
0.9756202160	0.1858982960	0.1166491230	0.3322099810
-0.1865525410	0.9824302490	-0.0053809150	-0.3353705290
-0.1155999300	-0.0165114608	0.9931586120	0.0136700379
0.0000000000	0.0000000000	0.0000000000	1.0000000000
7	 10	 60	
0.9769621360	0.1229861470	-0.1744115620	-0.1663833720
-0.1225559270	0.9923728000	0.0132766793	-0.3150213940
0.1747141370	0.0084043577	0.9845833320	0.1020024310
0.0000000000	0.0000000000	0.0000000000	1.0000000000
7	 11	 60	
0.9918848730	-0.0592414347	-0.1124937840	-0.3940667830
0.0649061947	0.9967660730	0.0473770220	-0.3293146630
0.1093233050	-0.0542940949	0.9925223250	0.2513587960
0.0000000000	0.0000000000	0.0000000000	1.0000000000
7	 15	 60	
0.9632019890	-0.2444763530	0.1116836700	-1.0969922700
0.2086097100	0.9419977280	0.2629111420	-0.6289593940
-0.1694813210	-0.2299382370	0.9583342260	0.8250129030
0.0000000000	0.0000000000	0.0000000000	1.0000000000
7	 16	 60	
0.7723471490	-0.4139767680	0.4817708140	-1.0739929300
0.3204601150	0.9088030930	0.2671745730	-0.5489114580
-0.5484388720	-0.0519631896	0.8345745210	0.7766762850
0.0000000000	0.0000000000	0.0000000000	1.0000000000
7	 17	 60	
0.5161883210	-0.3930057130	0.7609836570	-1.0159894800
0.3429302510	0.9090136940	0.2368394940	-0.5831907190
-0.7848238400	0.1387105360	0.6039958010	0.6914034430
0.0000000000	0.0000000000	0.0000000000	1.0000000000
7	 18	 60	
0.7419898340	-0.3021559580	0.5984587400	-1.0123672700
0.2982441750	0.9482469160	0.1089871450	-0.4695248500
-0.6004177700	0.0976194793	0.7937058270	0.4579280410
0.0000000000	0.0000000000	0.0000000000	1.0000000000
7	 19	 60	
0.9236691210	-0.2486071480	0.2915987670	-0.7380795410
0.2543505840	0.9669314480	0.0186910539	-0.2213676120
-0.2866027470	0.0569039674	0.9563580940	0.0781281662
0.0000000000	0.0000000000	0.0000000000	1.0000000000
7	 20	 60	
0.9428861730	-0.1581341730	0.2931880770	-0.4801729520
0.1239996040	0.9835056090	0.1316845290	-0.2897252160
-0.3091759420	-0.0878083158	0.9469424150	-0.6126323350
0.0000000000	0.0000000000	0.0000000000	1.0000000000
7	 21	 60	
0.8124495510	-0.2697621490	0.5168695290	-0.4309759290
0.1868076040	0.9602280160	0.2075212670	-0.2908941920
-0.5522939850	-0.0720454018	0.8305304410	-0.4674797360
0.0000000000	0.0000000000	0.0000000000	1.0000000000
7	 24	 60	
0.9877800170	-0.0671522176	0.1406457170	1.0215661700
0.0528105164	0.9932438400	0.1033330700	-0.3791793210
-0.1466345370	-0.0946427683	0.9846527610	-0.0956326955
0.0000000000	0.0000000000	0.0000000000	1.0000000000
7	 25	 60	
0.8807175880	0.1525937460	-0.4483878660	1.4713398300
-0.0804930839	0.9811310820	0.1757915370	-0.5088119630
0.4667519610	-0.1187305760	0.8763821410	0.4358758440
0.0000000000	0.0000000000	0.0000000000	1.0000000000
7	 26	 60	
0.6410859810	0.3288736490	-0.6934341270	1.3345717200
-0.2237889230	0.9443736820	0.2409914240	-0.7964191420
0.7341166690	0.0006866531	0.6790230080	0.9180758270
0.0000000000	0.0000000000	0.0000000000	1.0000000000
7	 38	 60	
0.7833846290	-0.5193741860	0.3414073490	-1.3694331500
0.3308989800	0.8134895790	0.4782683030	-0.9277989640
-0.5261315310	-0.2616966940	0.8091356210	0.4041204340
0.0000000000	0.0000000000	0.0000000000	1.0000000000
7	 39	 60	
0.8187376810	-0.2973845910	0.4911527400	-1.3458129000
0.1350821050	0.9311723450	0.3386309050	-0.5697912190
-0.5580514620	-0.2109039350	0.8025572230	0.1387203220
0.0000000000	0.0000000000	0.0000000000	1.0000000000
7	 43	 60	
0.9056713270	-0.0398720797	-0.4221014860	0.8233106260
-0.1167440940	0.9336306990	-0.3386805800	0.5633300650
0.4075908040	0.3560111460	0.8409077240	0.5181889250
0.0000000000	0.0000000000	0.0000000000	1.0000000000
7	 48	 60	
0.7954816540	-0.1405193420	0.5894601370	-1.3472675300
0.2307046340	0.9697154240	-0.0801708679	-0.9034424470
-0.5603430290	0.1997656400	0.8038092930	1.6659937600
0.0000000000	0.0000000000	0.0000000000	1.0000000000
7	 52	 60	
