0	 1	 60	
 5.00000000e+03	  0.00000000e+00	  0.00000000e+00	  0.00000000e+00	  1.08436729e+04	  1.26195044e+03	
 0.00000000e+00	  5.00000000e+03	  0.00000000e+00	 -1.08436729e+04	  0.00000000e+00	 -1.24858826e+03	
 0.00000000e+00	  0.00000000e+00	  5.00000000e+03	 -1.26195044e+03	  1.24858826e+03	  0.00000000e+00	
 0.00000000e+00	 -1.08436729e+04	 -1.26195044e+03	  2.66481113e+04	 -3.41289291e+01	  2.59759790e+03	
 1.08436729e+04	  0.00000000e+00	  1.24858826e+03	 -3.41289291e+01	  2.71010840e+04	  3.71150854e+03	
 1.26195044e+03	 -1.24858826e+03	  0.00000000e+00	  2.59759790e+03	  3.71150854e+03	  3.56940430e+03	
0	 2	 60	
 5.00000000e+03	  0.00000000e+00	  0.00000000e+00	  0.00000000e+00	  1.22666123e+04	  1.83895142e+03	
 0.00000000e+00	  5.00000000e+03	  0.00000000e+00	 -1.22666123e+04	  0.00000000e+00	 -3.41276343e+03	
 0.00000000e+00	  0.00000000e+00	  5.00000000e+03	 -1.83895142e+03	  3.41276343e+03	  0.00000000e+00	
 0.00000000e+00	 -1.22666123e+04	 -1.83895142e+03	  3.30705273e+04	 -9.07681702e+02	  7.96352686e+03	
 1.22666123e+04	  0.00000000e+00	  3.41276343e+03	 -9.07681702e+02	  3.38528516e+04	  5.37001270e+03	
 1.83895142e+03	 -3.41276343e+03	  0.00000000e+00	  7.96352686e+03	  5.37001270e+03	  4.75491211e+03	
0	 3	 60	
 5.00000000e+03	  0.00000000e+00	  0.00000000e+00	  0.00000000e+00	  1.31874141e+04	  2.93930127e+03	
 0.00000000e+00	  5.00000000e+03	  0.00000000e+00	 -1.31874141e+04	  0.00000000e+00	 -1.88869446e+03	
 0.00000000e+00	  0.00000000e+00	  5.00000000e+03	 -2.93930127e+03	  1.88869446e+03	  0.00000000e+00	
 0.00000000e+00	 -1.31874141e+04	 -2.93930127e+03	  3.78481953e+04	 -8.94046936e+02	  4.64789062e+03	
 1.31874141e+04	  0.00000000e+00	  1.88869446e+03	 -8.94046936e+02	  3.73799297e+04	  8.14335693e+03	
 2.93930127e+03	 -1.88869446e+03	  0.00000000e+00	  4.64789062e+03	  8.14335693e+03	  4.10494482e+03	
0	 4	 60	
 5.00000000e+03	  0.00000000e+00	  0.00000000e+00	  0.00000000e+00	  1.27042383e+04	  3.07308618e+03	
 0.00000000e+00	  5.00000000e+03	  0.00000000e+00	 -1.27042383e+04	  0.00000000e+00	  1.17184534e+03	
 0.00000000e+00	  0.00000000e+00	  5.00000000e+03	 -3.07308618e+03	 -1.17184534e+03	  0.00000000e+00	
 0.00000000e+00	 -1.27042383e+04	 -3.07308618e+03	  3.63634258e+04	  7.10507935e+02	 -2.67778979e+03	
 1.27042383e+04	  0.00000000e+00	 -1.17184534e+03	  7.10507935e+02	  3.51978281e+04	  8.64933594e+03	
 3.07308618e+03	  1.17184534e+03	  0.00000000e+00	 -2.67778979e+03	  8.64933594e+03	  4.14952393e+03	
0	 5	 60	
 5.00000000e+03	  0.00000000e+00	  0.00000000e+00	  0.00000000e+00	  1.21459561e+04	  2.78991602e+03	
 0.00000000e+00	  5.00000000e+03	  0.00000000e+00	 -1.21459561e+04	  0.00000000e+00	  1.78187927e+03	
 0.00000000e+00	  0.00000000e+00	  5.00000000e+03	 -2.78991602e+03	 -1.78187927e+03	  0.00000000e+00	
 0.00000000e+00	 -1.21459561e+04	 -2.78991602e+03	  3.38710078e+04	  9.52546692e+02	 -4.10251904e+03	
 1.21459561e+04	  0.00000000e+00	 -1.78187927e+03	  9.52546692e+02	  3.29608086e+04	  7.92814160e+03	
 2.78991602e+03	  1.78187927e+03	  0.00000000e+00	 -4.10251904e+03	  7.92814160e+03	  4.03818701e+03	
0	 6	 60	
 5.00000000e+03	  0.00000000e+00	  0.00000000e+00	  0.00000000e+00	  1.13826045e+04	  2.45557617e+03	
 0.00000000e+00	  5.00000000e+03	  0.00000000e+00	 -1.13826045e+04	  0.00000000e+00	  2.31531152e+03	
 0.00000000e+00	  0.00000000e+00	  5.00000000e+03	 -2.45557617e+03	 -2.31531152e+03	  0.00000000e+00	
 0.00000000e+00	 -1.13826045e+04	 -2.45557617e+03	  3.05972695e+04	  1.11534302e+03	 -5.15996436e+03	
 1.13826045e+04	  0.00000000e+00	 -2.31531152e+03	  1.11534302e+03	  3.00310020e+04	  7.08891602e+03	
 2.45557617e+03	  2.31531152e+03	  0.00000000e+00	 -5.15996436e+03	  7.08891602e+03	  4.07043701e+03	
0	 10	 60	
 5.00000000e+03	  0.00000000e+00	  0.00000000e+00	  0.00000000e+00	  1.20592559e+04	  2.83579736e+03	
 0.00000000e+00	  5.00000000e+03	  0.00000000e+00	 -1.20592559e+04	  0.00000000e+00	  1.57046191e+03	
 0.00000000e+00	  0.00000000e+00	  5.00000000e+03	 -2.83579736e+03	 -1.57046191e+03	  0.00000000e+00	
 0.00000000e+00	 -1.20592559e+04	 -2.83579736e+03	  3.37762188e+04	  7.62324280e+02	 -3.48770752e+03	
 1.20592559e+04	  0.00000000e+00	 -1.57046191e+03	  7.62324280e+02	  3.26785273e+04	  8.12292432e+03	
 2.83579736e+03	  1.57046191e+03	  0.00000000e+00	 -3.48770752e+03	  8.12292432e+03	  4.16449414e+03	
0	 11	 60	
 5.00000000e+03	  0.00000000e+00	  0.00000000e+00	  0.00000000e+00	  1.24337832e+04	  2.87537622e+03	
 0.00000000e+00	  5.00000000e+03	  0.00000000e+00	 -1.24337832e+04	  0.00000000e+00	  4.18731476e+02	
 0.00000000e+00	  0.00000000e+00	  5.00000000e+03	 -2.87537622e+03	 -4.18731476e+02	  0.00000000e+00	
 0.00000000e+00	 -1.24337832e+04	 -2.87537622e+03	  3.47933750e+04	  2.74273621e+02	 -7.70467224e+02	
 1.24337832e+04	  0.00000000e+00	 -4.18731476e+02	  2.74273621e+02	  3.39113555e+04	  7.98990234e+03	
 2.87537622e+03	  4.18731476e+02	  0.00000000e+00	 -7.70467224e+02	  7.98990234e+03	  3.94598535e+03	
0	 12	 60	
 5.00000000e+03	  0.00000000e+00	  0.00000000e+00	  0.00000000e+00	  1.28077227e+04	  3.10923340e+03	
 0.00000000e+00	  5.00000000e+03	  0.00000000e+00	 -1.28077227e+04	  0.00000000e+00	 -7.80767212e+02	
 0.00000000e+00	  0.00000000e+00	  5.00000000e+03	 -3.10923340e+03	  7.80767212e+02	  0.00000000e+00	
 0.00000000e+00	 -1.28077227e+04	 -3.10923340e+03	  3.64079961e+04	 -1.26560722e+02	  1.71078467e+03	
 1.28077227e+04	  0.00000000e+00	  7.80767212e+02	 -1.26560722e+02	  3.58597070e+04	  8.52361816e+03	
 3.10923340e+03	 -7.80767212e+02	  0.00000000e+00	  1.71078467e+03	  8.52361816e+03	  4.60802197e+03	
0	 13	 60	
 5.00000000e+03	  0.00000000e+00	  0.00000000e+00	  0.00000000e+00	  1.30310322e+04	  2.99542334e+03	
 0.00000000e+00	  5.00000000e+03	  0.00000000e+00	 -1.30310322e+04	  0.00000000e+00	 -1.55509302e+03	
 0.00000000e+00	  0.00000000e+00	  5.00000000e+03	 -2.99542334e+03	  1.55509302e+03	  0.00000000e+00	
 0.00000000e+00	 -1.30310322e+04	 -2.99542334e+03	  3.71800078e+04	 -5.82528870e+02	  3.52503320e+03	
 1.30310322e+04	  0.00000000e+00	  1.55509302e+03	 -5.82528870e+02	  3.66450898e+04	  8.23001660e+03	
 2.99542334e+03	 -1.55509302e+03	  0.00000000e+00	  3.52503320e+03	  8.23001660e+03	  4.17323584e+03	
0	 14	 60	
 5.00000000e+03	  0.00000000e+00	  0.00000000e+00	  0.00000000e+00	  1.34850537e+04	  3.23106982e+03	
 0.00000000e+00	  5.00000000e+03	  0.00000000e+00	 -1.34850537e+04	  0.00000000e+00	 -1.16134583e+03	
 0.00000000e+00	  0.00000000e+00	  5.00000000e+03	 -3.23106982e+03	  1.16134583e+03	  0.00000000e+00	
 0.00000000e+00	 -1.34850537e+04	 -3.23106982e+03	  3.97095195e+04	 -5.93263794e+02	  2.94562622e+03	
 1.34850537e+04	  0.00000000e+00	  1.16134583e+03	 -5.93263794e+02	  3.85842031e+04	  9.08494531e+03	
 3.23106982e+03	 -1.16134583e+03	  0.00000000e+00	  2.94562622e+03	  9.08494531e+03	  4.09841699e+03	
0	 15	 60	
 5.00000000e+03	  0.00000000e+00	  0.00000000e+00	  0.00000000e+00	  1.28948574e+04	  2.89028345e+03	
 0.00000000e+00	  5.00000000e+03	  0.00000000e+00	 -1.28948574e+04	  0.00000000e+00	  1.34208826e+03	
 0.00000000e+00	  0.00000000e+00	  5.00000000e+03	 -2.89028345e+03	 -1.34208826e+03	  0.00000000e+00	
 0.00000000e+00	 -1.28948574e+04	 -2.89028345e+03	  3.68037539e+04	  6.90207764e+02	 -2.98229028e+03	
 1.28948574e+04	  0.00000000e+00	 -1.34208826e+03	  6.90207764e+02	  3.56287969e+04	  8.07702734e+03	
 2.89028345e+03	  1.34208826e+03	  0.00000000e+00	 -2.98229028e+03	  8.07702734e+03	  3.37485596e+03	
0	 19	 60	
 5.00000000e+03	  0.00000000e+00	  0.00000000e+00	  0.00000000e+00	  1.10559170e+04	  2.03393799e+03	
 0.00000000e+00	  5.00000000e+03	  0.00000000e+00	 -1.10559170e+04	  0.00000000e+00	  2.38735815e+03	
 0.00000000e+00	  0.00000000e+00	  5.00000000e+03	 -2.03393799e+03	 -2.38735815e+03	  0.00000000e+00	
 0.00000000e+00	 -1.10559170e+04	 -2.03393799e+03	  2.85843008e+04	  1.16790369e+03	 -5.50447803e+03	
 1.10559170e+04	  0.00000000e+00	 -2.38735815e+03	  1.16790369e+03	  2.85790195e+04	  5.83886670e+03	
 2.03393799e+03	  2.38735815e+03	  0.00000000e+00	 -5.50447803e+03	  5.83886670e+03	  3.64728687e+03	
0	 26	 60	
 5.00000000e+03	  0.00000000e+00	  0.00000000e+00	  0.00000000e+00	  1.13362373e+04	  2.29849341e+03	
 0.00000000e+00	  5.00000000e+03	  0.00000000e+00	 -1.13362373e+04	  0.00000000e+00	  6.18598999e+02	
 0.00000000e+00	  0.00000000e+00	  5.00000000e+03	 -2.29849341e+03	 -6.18598999e+02	  0.00000000e+00	
 0.00000000e+00	 -1.13362373e+04	 -2.29849341e+03	  2.91500137e+04	  7.00275879e+01	 -9.15166931e+02	
 1.13362373e+04	  0.00000000e+00	 -6.18598999e+02	  7.00275879e+01	  2.94508730e+04	  6.16545947e+03	
 2.29849341e+03	  6.18598999e+02	  0.00000000e+00	 -9.15166931e+02	  6.16545947e+03	  3.99402222e+03	
0	 27	 60	
 5.00000000e+03	  0.00000000e+00	  0.00000000e+00	  0.00000000e+00	  1.09713047e+04	  1.78452783e+03	
 0.00000000e+00	  5.00000000e+03	  0.00000000e+00	 -1.09713047e+04	  0.00000000e+00	 -9.13426086e+02	
 0.00000000e+00	  0.00000000e+00	  5.00000000e+03	 -1.78452783e+03	  9.13426086e+02	  0.00000000e+00	
 0.00000000e+00	 -1.09713047e+04	 -1.78452783e+03	  2.71395684e+04	 -5.16166809e+02	  2.44458203e+03	
 1.09713047e+04	  0.00000000e+00	  9.13426086e+02	 -5.16166809e+02	  2.77312324e+04	  4.64513672e+03	
 1.78452783e+03	 -9.13426086e+02	  0.00000000e+00	  2.44458203e+03	  4.64513672e+03	  3.27504907e+03	
0	 28	 60	
 5.00000000e+03	  0.00000000e+00	  0.00000000e+00	  0.00000000e+00	  1.21056602e+04	  1.78671240e+03	
 0.00000000e+00	  5.00000000e+03	  0.00000000e+00	 -1.21056602e+04	  0.00000000e+00	 -2.69019946e+03	
 0.00000000e+00	  0.00000000e+00	  5.00000000e+03	 -1.78671240e+03	  2.69019946e+03	  0.00000000e+00	
 0.00000000e+00	 -1.21056602e+04	 -1.78671240e+03	  3.22227832e+04	 -7.36185242e+02	  6.42737451e+03	
 1.21056602e+04	  0.00000000e+00	  2.69019946e+03	 -7.36185242e+02	  3.28930117e+04	  5.05237695e+03	
 1.78671240e+03	 -2.69019946e+03	  0.00000000e+00	  6.42737451e+03	  5.05237695e+03	  3.90419556e+03	
0	 29	 60	
 5.00000000e+03	  0.00000000e+00	  0.00000000e+00	  0.00000000e+00	  1.21978984e+04	  1.45802893e+03	
 0.00000000e+00	  5.00000000e+03	  0.00000000e+00	 -1.21978984e+04	  0.00000000e+00	 -3.98555566e+03	
 0.00000000e+00	  0.00000000e+00	  5.00000000e+03	 -1.45802893e+03	  3.98555566e+03	  0.00000000e+00	
 0.00000000e+00	 -1.21978984e+04	 -1.45802893e+03	  3.20081426e+04	 -7.53650085e+02	  9.32233105e+03	
 1.21978984e+04	  0.00000000e+00	  3.98555566e+03	 -7.53650085e+02	  3.40513203e+04	  4.19608154e+03	
 1.45802893e+03	 -3.98555566e+03	  0.00000000e+00	  9.32233105e+03	  4.19608154e+03	  4.94470850e+03	
0	 31	 60	
 5.00000000e+03	  0.00000000e+00	  0.00000000e+00	  0.00000000e+00	  1.03917744e+04	 -2.29911026e+02	
 0.00000000e+00	  5.00000000e+03	  0.00000000e+00	 -1.03917744e+04	  0.00000000e+00	 -4.08868848e+03	
 0.00000000e+00	  0.00000000e+00	  5.00000000e+03	  2.29911026e+02	  4.08868848e+03	  0.00000000e+00	
 0.00000000e+00	 -1.03917744e+04	  2.29911026e+02	  2.27986055e+04	  8.58617706e+01	  8.51640039e+03	
 1.03917744e+04	  0.00000000e+00	  4.08868848e+03	  8.58617706e+01	  2.55899746e+04	 -2.85032562e+02	
-2.29911026e+02	 -4.08868848e+03	  0.00000000e+00	  8.51640039e+03	 -2.85032562e+02	  4.43019238e+03	
0	 32	 60	
 5.00000000e+03	  0.00000000e+00	  0.00000000e+00	  0.00000000e+00	  9.61261328e+03	 -6.56424377e+02	
 0.00000000e+00	  5.00000000e+03	  0.00000000e+00	 -9.61261328e+03	  0.00000000e+00	 -3.41605103e+03	
 0.00000000e+00	  0.00000000e+00	  5.00000000e+03	  6.56424377e+02	  3.41605103e+03	  0.00000000e+00	
 0.00000000e+00	 -9.61261328e+03	  6.56424377e+02	  1.96396660e+04	  4.54167328e+02	  6.88558789e+03	
 9.61261328e+03	  0.00000000e+00	  3.41605103e+03	  4.54167328e+02	  2.20104336e+04	 -1.26204688e+03	
-6.56424377e+02	 -3.41605103e+03	  0.00000000e+00	  6.88558789e+03	 -1.26204688e+03	  3.71222925e+03	
0	 37	 60	
 5.00000000e+03	  0.00000000e+00	  0.00000000e+00	  0.00000000e+00	  1.04117246e+04	  1.64571692e+03	
 0.00000000e+00	  5.00000000e+03	  0.00000000e+00	 -1.04117246e+04	  0.00000000e+00	  1.95582336e+03	
 0.00000000e+00	  0.00000000e+00	  5.00000000e+03	 -1.64571692e+03	 -1.95582336e+03	  0.00000000e+00	
 0.00000000e+00	 -1.04117246e+04	 -1.64571692e+03	  2.45299102e+04	  9.64453064e+02	 -4.38740283e+03	
 1.04117246e+04	  0.00000000e+00	 -1.95582336e+03	  9.64453064e+02	  2.49646074e+04	  4.28426367e+03	
 1.64571692e+03	  1.95582336e+03	  0.00000000e+00	 -4.38740283e+03	  4.28426367e+03	  2.72219873e+03	
0	 38	 60	
 5.00000000e+03	  0.00000000e+00	  0.00000000e+00	  0.00000000e+00	  9.32935840e+03	  7.18045044e+02	
 0.00000000e+00	  5.00000000e+03	  0.00000000e+00	 -9.32935840e+03	  0.00000000e+00	  9.31715942e+02	
 0.00000000e+00	  0.00000000e+00	  5.00000000e+03	 -7.18045044e+02	 -9.31715942e+02	  0.00000000e+00	
 0.00000000e+00	 -9.32935840e+03	 -7.18045044e+02	  1.98238145e+04	  2.43192368e+02	 -1.66753723e+03	
 9.32935840e+03	  0.00000000e+00	 -9.31715942e+02	  2.43192368e+02	  1.99807383e+04	  2.07382739e+03	
 7.18045044e+02	  9.31715942e+02	  0.00000000e+00	 -1.66753723e+03	  2.07382739e+03	  1.28726172e+03	
0	 39	 60	
 5.00000000e+03	  0.00000000e+00	  0.00000000e+00	  0.00000000e+00	  9.69257910e+03	  9.82393188e+02	
 0.00000000e+00	  5.00000000e+03	  0.00000000e+00	 -9.69257910e+03	  0.00000000e+00	  1.64990515e+03	
 0.00000000e+00	  0.00000000e+00	  5.00000000e+03	 -9.82393188e+02	 -1.64990515e+03	  0.00000000e+00	
 0.00000000e+00	 -9.69257910e+03	 -9.82393188e+02	  2.18365977e+04	  6.16272156e+02	 -3.38047314e+03	
 9.69257910e+03	  0.00000000e+00	 -1.64990515e+03	  6.16272156e+02	  2.20590430e+04	  2.97973779e+03	
 9.82393188e+02	  1.64990515e+03	  0.00000000e+00	 -3.38047314e+03	  2.97973779e+03	  2.18761450e+03	
0	 41	 60	
 5.00000000e+03	  0.00000000e+00	  0.00000000e+00	  0.00000000e+00	  1.37955898e+04	  3.77424780e+03	
 0.00000000e+00	  5.00000000e+03	  0.00000000e+00	 -1.37955898e+04	  0.00000000e+00	 -1.72036450e+03	
 0.00000000e+00	  0.00000000e+00	  5.00000000e+03	 -3.77424780e+03	  1.72036450e+03	  0.00000000e+00	
 0.00000000e+00	 -1.37955898e+04	 -3.77424780e+03	  4.16536016e+04	 -1.25602881e+03	  4.49608594e+03	
 1.37955898e+04	  0.00000000e+00	  1.72036450e+03	 -1.25602881e+03	  3.96788164e+04	  1.05607627e+04	
 3.77424780e+03	 -1.72036450e+03	  0.00000000e+00	  4.49608594e+03	  1.05607627e+04	  4.27456006e+03	
1	 2	 60	
 5.00000000e+03	  0.00000000e+00	  0.00000000e+00	  0.00000000e+00	  1.12306885e+04	  1.37459241e+03	
 0.00000000e+00	  5.00000000e+03	  0.00000000e+00	 -1.12306885e+04	  0.00000000e+00	 -2.24776538e+03	
 0.00000000e+00	  0.00000000e+00	  5.00000000e+03	 -1.37459241e+03	  2.24776538e+03	  0.00000000e+00	
 0.00000000e+00	 -1.12306885e+04	 -1.37459241e+03	  2.80594727e+04	 -1.74534088e+02	  4.33662939e+03	
 1.12306885e+04	  0.00000000e+00	  2.24776538e+03	 -1.74534088e+02	  2.84270508e+04	  3.94631201e+03	
 1.37459241e+03	 -2.24776538e+03	  0.00000000e+00	  4.33662939e+03	  3.94631201e+03	  3.48386938e+03	
1	 3	 60	
 5.00000000e+03	  0.00000000e+00	  0.00000000e+00	  0.00000000e+00	  1.23062354e+04	  2.56526465e+03	
 0.00000000e+00	  5.00000000e+03	  0.00000000e+00	 -1.23062354e+04	  0.00000000e+00	 -1.31410791e+03	
 0.00000000e+00	  0.00000000e+00	  5.00000000e+03	 -2.56526465e+03	  1.31410791e+03	  0.00000000e+00	
 0.00000000e+00	 -1.23062354e+04	 -2.56526465e+03	  3.31233789e+04	 -5.33891846e+02	  2.90128882e+03	
 1.23062354e+04	  0.00000000e+00	  1.31410791e+03	 -5.33891846e+02	  3.26257324e+04	  6.61868701e+03	
 2.56526465e+03	 -1.31410791e+03	  0.00000000e+00	  2.90128882e+03	  6.61868701e+03	  3.09619507e+03	
1	 4	 60	
 5.00000000e+03	  0.00000000e+00	  0.00000000e+00	  0.00000000e+00	  1.15576045e+04	  2.59389526e+03	
 0.00000000e+00	  5.00000000e+03	  0.00000000e+00	 -1.15576045e+04	  0.00000000e+00	  1.80501709e+03	
 0.00000000e+00	  0.00000000e+00	  5.00000000e+03	 -2.59389526e+03	 -1.80501709e+03	  0.00000000e+00	
 0.00000000e+00	 -1.15576045e+04	 -2.59389526e+03	  3.06327930e+04	  1.16712695e+03	 -4.15013525e+03	
 1.15576045e+04	  0.00000000e+00	 -1.80501709e+03	  1.16712695e+03	  2.99285703e+04	  6.93441504e+03	
 2.59389526e+03	  1.80501709e+03	  0.00000000e+00	 -4.15013525e+03	  6.93441504e+03	  3.73000293e+03	
1	 5	 60	
 5.00000000e+03	  0.00000000e+00	  0.00000000e+00	  0.00000000e+00	  1.09713535e+04	  2.46467871e+03	
 0.00000000e+00	  5.00000000e+03	  0.00000000e+00	 -1.09713535e+04	  0.00000000e+00	  2.25876538e+03	
 0.00000000e+00	  0.00000000e+00	  5.00000000e+03	 -2.46467871e+03	 -2.25876538e+03	  0.00000000e+00	
 0.00000000e+00	 -1.09713535e+04	 -2.46467871e+03	  2.83000312e+04	  1.19316150e+03	 -4.85044873e+03	
 1.09713535e+04	  0.00000000e+00	 -2.25876538e+03	  1.19316150e+03	  2.79568594e+04	  6.67387207e+03	
 2.46467871e+03	  2.25876538e+03	  0.00000000e+00	 -4.85044873e+03	  6.67387207e+03	  3.95947974e+03	
1	 10	 60	
 5.00000000e+03	  0.00000000e+00	  0.00000000e+00	  0.00000000e+00	  1.08050000e+04	  2.36800903e+03	
 0.00000000e+00	  5.00000000e+03	  0.00000000e+00	 -1.08050000e+04	  0.00000000e+00	  2.29271729e+03	
 0.00000000e+00	  0.00000000e+00	  5.00000000e+03	 -2.36800903e+03	 -2.29271729e+03	  0.00000000e+00	
 0.00000000e+00	 -1.08050000e+04	 -2.36800903e+03	  2.76346328e+04	  1.25017395e+03	 -4.91606836e+03	
 1.08050000e+04	  0.00000000e+00	 -2.29271729e+03	  1.25017395e+03	  2.72972871e+04	  6.40657080e+03	
 2.36800903e+03	  2.29271729e+03	  0.00000000e+00	 -4.91606836e+03	  6.40657080e+03	  3.95179761e+03	
1	 11	 60	
 5.00000000e+03	  0.00000000e+00	  0.00000000e+00	  0.00000000e+00	  1.10679268e+04	  2.19277515e+03	
 0.00000000e+00	  5.00000000e+03	  0.00000000e+00	 -1.10679268e+04	  0.00000000e+00	  1.09620471e+03	
 0.00000000e+00	  0.00000000e+00	  5.00000000e+03	 -2.19277515e+03	 -1.09620471e+03	  0.00000000e+00	
 0.00000000e+00	 -1.10679268e+04	 -2.19277515e+03	  2.79321191e+04	  8.17108337e+02	 -2.35285181e+03	
 1.10679268e+04	  0.00000000e+00	 -1.09620471e+03	  8.17108337e+02	  2.76796309e+04	  5.71569043e+03	
 2.19277515e+03	  1.09620471e+03	  0.00000000e+00	 -2.35285181e+03	  5.71569043e+03	  3.30439380e+03	
1	 12	 60	
 5.00000000e+03	  0.00000000e+00	  0.00000000e+00	  0.00000000e+00	  1.13991367e+04	  2.43664771e+03	
 0.00000000e+00	  5.00000000e+03	  0.00000000e+00	 -1.13991367e+04	  0.00000000e+00	 -2.06840622e+02	
 0.00000000e+00	  0.00000000e+00	  5.00000000e+03	 -2.43664771e+03	  2.06840622e+02	  0.00000000e+00	
 0.00000000e+00	 -1.13991367e+04	 -2.43664771e+03	  2.89495098e+04	  3.04083862e+02	  1.40661774e+02	
 1.13991367e+04	  0.00000000e+00	  2.06840622e+02	  3.04083862e+02	  2.89618340e+04	  6.11952197e+03	
 2.43664771e+03	 -2.06840622e+02	  0.00000000e+00	  1.40661774e+02	  6.11952197e+03	  3.67676196e+03	
1	 13	 60	
 5.00000000e+03	  0.00000000e+00	  0.00000000e+00	  0.00000000e+00	  1.19220312e+04	  2.75402051e+03	
 0.00000000e+00	  5.00000000e+03	  0.00000000e+00	 -1.19220312e+04	  0.00000000e+00	 -5.13430420e+02	
 0.00000000e+00	  0.00000000e+00	  5.00000000e+03	 -2.75402051e+03	  5.13430420e+02	  0.00000000e+00	
 0.00000000e+00	 -1.19220312e+04	 -2.75402051e+03	  3.16361660e+04	  1.36878952e+02	  5.98203735e+02	
 1.19220312e+04	  0.00000000e+00	  5.13430420e+02	  1.36878952e+02	  3.11108027e+04	  7.03450439e+03	
 2.75402051e+03	 -5.13430420e+02	  0.00000000e+00	  5.98203735e+02	  7.03450439e+03	  3.74254736e+03	
1	 14	 60	
 5.00000000e+03	  0.00000000e+00	  0.00000000e+00	  0.00000000e+00	  1.25105176e+04	  2.78996094e+03	
 0.00000000e+00	  5.00000000e+03	  0.00000000e+00	 -1.25105176e+04	  0.00000000e+00	 -1.86083374e+02	
 0.00000000e+00	  0.00000000e+00	  5.00000000e+03	 -2.78996094e+03	  1.86083374e+02	  0.00000000e+00	
 0.00000000e+00	 -1.25105176e+04	 -2.78996094e+03	  3.43123555e+04	  7.01311493e+01	  2.78258270e+02	
 1.25105176e+04	  0.00000000e+00	  1.86083374e+02	  7.01311493e+01	  3.35635156e+04	  7.24747803e+03	
 2.78996094e+03	 -1.86083374e+02	  0.00000000e+00	  2.78258270e+02	  7.24747803e+03	  3.31361670e+03	
1	 26	 60	
 5.00000000e+03	  0.00000000e+00	  0.00000000e+00	  0.00000000e+00	  1.18025361e+04	  2.28258252e+03	
 0.00000000e+00	  5.00000000e+03	  0.00000000e+00	 -1.18025361e+04	  0.00000000e+00	  1.17110925e+03	
 0.00000000e+00	  0.00000000e+00	  5.00000000e+03	 -2.28258252e+03	 -1.17110925e+03	  0.00000000e+00	
 0.00000000e+00	 -1.18025361e+04	 -2.28258252e+03	  3.07009082e+04	  4.51912292e+02	 -2.50440796e+03	
 1.18025361e+04	  0.00000000e+00	 -1.17110925e+03	  4.51912292e+02	  3.05478340e+04	  5.89633008e+03	
 2.28258252e+03	  1.17110925e+03	  0.00000000e+00	 -2.50440796e+03	  5.89633008e+03	  3.06914453e+03	
1	 27	 60	
 5.00000000e+03	  0.00000000e+00	  0.00000000e+00	  0.00000000e+00	  1.03444668e+04	  1.27377393e+03	
 0.00000000e+00	  5.00000000e+03	  0.00000000e+00	 -1.03444668e+04	  0.00000000e+00	 -6.21005249e+02	
 0.00000000e+00	  0.00000000e+00	  5.00000000e+03	 -1.27377393e+03	  6.21005249e+02	  0.00000000e+00	
 0.00000000e+00	 -1.03444668e+04	 -1.27377393e+03	  2.38167246e+04	 -3.67642517e+01	  1.18124329e+03	
 1.03444668e+04	  0.00000000e+00	  6.21005249e+02	 -3.67642517e+01	  2.49602402e+04	  3.01840991e+03	
 1.27377393e+03	 -6.21005249e+02	  0.00000000e+00	  1.18124329e+03	  3.01840991e+03	  2.80071655e+03	
1	 28	 60	
 5.00000000e+03	  0.00000000e+00	  0.00000000e+00	  0.00000000e+00	  1.04260605e+04	  4.64181702e+02	
 0.00000000e+00	  5.00000000e+03	  0.00000000e+00	 -1.04260605e+04	  0.00000000e+00	 -2.21610059e+03	
 0.00000000e+00	  0.00000000e+00	  5.00000000e+03	 -4.64181702e+02	  2.21610059e+03	  0.00000000e+00	
 0.00000000e+00	 -1.04260605e+04	 -4.64181702e+02	  2.37637363e+04	  1.08120346e+02	  4.26719336e+03	
 1.04260605e+04	  0.00000000e+00	  2.21610059e+03	  1.08120346e+02	  2.53203945e+04	  1.31730603e+03	
 4.64181702e+02	 -2.21610059e+03	  0.00000000e+00	  4.26719336e+03	  1.31730603e+03	  2.89169775e+03	
1	 29	 60	
 5.00000000e+03	  0.00000000e+00	  0.00000000e+00	  0.00000000e+00	  1.08787207e+04	  5.77005554e+02	
 0.00000000e+00	  5.00000000e+03	  0.00000000e+00	 -1.08787207e+04	  0.00000000e+00	 -3.37314111e+03	
 0.00000000e+00	  0.00000000e+00	  5.00000000e+03	 -5.77005554e+02	  3.37314111e+03	  0.00000000e+00	
 0.00000000e+00	 -1.08787207e+04	 -5.77005554e+02	  2.54132070e+04	 -9.39794827e+00	  6.80936621e+03	
 1.08787207e+04	  0.00000000e+00	  3.37314111e+03	 -9.39794827e+00	  2.72999316e+04	  1.77031177e+03	
 5.77005554e+02	 -3.37314111e+03	  0.00000000e+00	  6.80936621e+03	  1.77031177e+03	  3.55662622e+03	
1	 31	 60	
 5.00000000e+03	  0.00000000e+00	  0.00000000e+00	  0.00000000e+00	  9.76743652e+03	 -1.62840515e+02	
 0.00000000e+00	  5.00000000e+03	  0.00000000e+00	 -9.76743652e+03	  0.00000000e+00	 -3.36521191e+03	
 0.00000000e+00	  0.00000000e+00	  5.00000000e+03	  1.62840515e+02	  3.36521191e+03	  0.00000000e+00	
 0.00000000e+00	 -9.76743652e+03	  1.62840515e+02	  2.02347383e+04	  1.96440308e+02	  6.47248975e+03	
 9.76743652e+03	  0.00000000e+00	  3.36521191e+03	  1.96440308e+02	  2.22073223e+04	 -1.00932770e+02	
-1.62840515e+02	 -3.36521191e+03	  0.00000000e+00	  6.47248975e+03	 -1.00932770e+02	  3.31205249e+03	
1	 32	 60	
 5.00000000e+03	  0.00000000e+00	  0.00000000e+00	  0.00000000e+00	  9.04808105e+03	 -4.37798523e+02	
 0.00000000e+00	  5.00000000e+03	  0.00000000e+00	 -9.04808105e+03	  0.00000000e+00	 -3.06014551e+03	
 0.00000000e+00	  0.00000000e+00	  5.00000000e+03	  4.37798523e+02	  3.06014551e+03	  0.00000000e+00	
 0.00000000e+00	 -9.04808105e+03	  4.37798523e+02	  1.74791074e+04	  3.66693756e+02	  5.70240479e+03	
 9.04808105e+03	  0.00000000e+00	  3.06014551e+03	  3.66693756e+02	  1.93921992e+04	 -6.37522583e+02	
-4.37798523e+02	 -3.06014551e+03	  0.00000000e+00	  5.70240479e+03	 -6.37522583e+02	  3.24440747e+03	
1	 40	 60	
 5.00000000e+03	  0.00000000e+00	  0.00000000e+00	  0.00000000e+00	  1.15124580e+04	  2.69422705e+03	
 0.00000000e+00	  5.00000000e+03	  0.00000000e+00	 -1.15124580e+04	  0.00000000e+00	 -1.41256445e+03	
 0.00000000e+00	  0.00000000e+00	  5.00000000e+03	 -2.69422705e+03	  1.41256445e+03	  0.00000000e+00	
 0.00000000e+00	 -1.15124580e+04	 -2.69422705e+03	  2.98477031e+04	 -3.91413788e+02	  2.31991284e+03	
 1.15124580e+04	  0.00000000e+00	  1.41256445e+03	 -3.91413788e+02	  2.94849492e+04	  6.71524512e+03	
 2.69422705e+03	 -1.41256445e+03	  0.00000000e+00	  2.31991284e+03	  6.71524512e+03	  3.71480054e+03	
1	 41	 60	
 5.00000000e+03	  0.00000000e+00	  0.00000000e+00	  0.00000000e+00	  1.28375371e+04	  3.70286304e+03	
 0.00000000e+00	  5.00000000e+03	  0.00000000e+00	 -1.28375371e+04	  0.00000000e+00	 -1.14194177e+03	
 0.00000000e+00	  0.00000000e+00	  5.00000000e+03	 -3.70286304e+03	  1.14194177e+03	  0.00000000e+00	
 0.00000000e+00	 -1.28375371e+04	 -3.70286304e+03	  3.66346367e+04	 -7.09055969e+02	  2.50506519e+03	
 1.28375371e+04	  0.00000000e+00	  1.14194177e+03	 -7.09055969e+02	  3.44757305e+04	  9.69797266e+03	
 3.70286304e+03	 -1.14194177e+03	  0.00000000e+00	  2.50506519e+03	  9.69797266e+03	  3.80152100e+03	
2	 3	 60	
 5.00000000e+03	  0.00000000e+00	  0.00000000e+00	  0.00000000e+00	  1.08432227e+04	  3.08741943e+03	
 0.00000000e+00	  5.00000000e+03	  0.00000000e+00	 -1.08432227e+04	  0.00000000e+00	  1.13866504e+03	
 0.00000000e+00	  0.00000000e+00	  5.00000000e+03	 -3.08741943e+03	 -1.13866504e+03	  0.00000000e+00	
 0.00000000e+00	 -1.08432227e+04	 -3.08741943e+03	  2.74546973e+04	  7.41144714e+02	 -3.10404126e+03	
 1.08432227e+04	  0.00000000e+00	 -1.13866504e+03	  7.41144714e+02	  2.56090410e+04	  6.98299658e+03	
 3.08741943e+03	  1.13866504e+03	  0.00000000e+00	 -3.10404126e+03	  6.98299658e+03	  4.37768115e+03	
2	 11	 60	
 5.00000000e+03	  0.00000000e+00	  0.00000000e+00	  0.00000000e+00	  1.13075625e+04	  2.68418384e+03	
 0.00000000e+00	  5.00000000e+03	  0.00000000e+00	 -1.13075625e+04	  0.00000000e+00	  2.65018115e+03	
 0.00000000e+00	  0.00000000e+00	  5.00000000e+03	 -2.68418384e+03	 -2.65018115e+03	  0.00000000e+00	
 0.00000000e+00	 -1.13075625e+04	 -2.68418384e+03	  2.88528926e+04	  1.77877820e+03	 -6.16233398e+03	
 1.13075625e+04	  0.00000000e+00	 -2.65018115e+03	  1.77877820e+03	  2.80731855e+04	  6.43517139e+03	
 2.68418384e+03	  2.65018115e+03	  0.00000000e+00	 -6.16233398e+03	  6.43517139e+03	  4.45221143e+03	
2	 12	 60	
 5.00000000e+03	  0.00000000e+00	  0.00000000e+00	  0.00000000e+00	  1.12010234e+04	  2.93945459e+03	
 0.00000000e+00	  5.00000000e+03	  0.00000000e+00	 -1.12010234e+04	  0.00000000e+00	  1.76024829e+03	
 0.00000000e+00	  0.00000000e+00	  5.00000000e+03	 -2.93945459e+03	 -1.76024829e+03	  0.00000000e+00	
 0.00000000e+00	 -1.12010234e+04	 -2.93945459e+03	  2.87963320e+04	  1.08499854e+03	 -4.20541748e+03	
 1.12010234e+04	  0.00000000e+00	 -1.76024829e+03	  1.08499854e+03	  2.69810820e+04	  7.01408838e+03	
 2.93945459e+03	  1.76024829e+03	  0.00000000e+00	 -4.20541748e+03	  7.01408838e+03	  4.25908105e+03	
2	 13	 60	
 5.00000000e+03	  0.00000000e+00	  0.00000000e+00	  0.00000000e+00	  1.13661826e+04	  2.67244507e+03	
 0.00000000e+00	  5.00000000e+03	  0.00000000e+00	 -1.13661826e+04	  0.00000000e+00	  1.88051562e+03	
 0.00000000e+00	  0.00000000e+00	  5.00000000e+03	 -2.67244507e+03	 -1.88051562e+03	  0.00000000e+00	
 0.00000000e+00	 -1.13661826e+04	 -2.67244507e+03	  2.92753281e+04	  1.04498914e+03	 -4.52656201e+03	
 1.13661826e+04	  0.00000000e+00	 -1.88051562e+03	  1.04498914e+03	  2.78033223e+04	  6.43877637e+03	
 2.67244507e+03	  1.88051562e+03	  0.00000000e+00	 -4.52656201e+03	  6.43877637e+03	  4.04266626e+03	
2	 14	 60	
 5.00000000e+03	  0.00000000e+00	  0.00000000e+00	  0.00000000e+00	  1.15192969e+04	  2.35289966e+03	
 0.00000000e+00	  5.00000000e+03	  0.00000000e+00	 -1.15192969e+04	  0.00000000e+00	  2.17277490e+03	
 0.00000000e+00	  0.00000000e+00	  5.00000000e+03	 -2.35289966e+03	 -2.17277490e+03	  0.00000000e+00	
 0.00000000e+00	 -1.15192969e+04	 -2.35289966e+03	  2.90041113e+04	  1.11360950e+03	 -5.22211426e+03	
 1.15192969e+04	  0.00000000e+00	 -2.17277490e+03	  1.11360950e+03	  2.85302969e+04	  5.55764062e+03	
 2.35289966e+03	  2.17277490e+03	  0.00000000e+00	 -5.22211426e+03	  5.55764062e+03	  3.27762769e+03	
2	 26	 60	
 5.00000000e+03	  0.00000000e+00	  0.00000000e+00	  0.00000000e+00	  1.15260615e+04	  2.75120679e+03	
 0.00000000e+00	  5.00000000e+03	  0.00000000e+00	 -1.15260615e+04	  0.00000000e+00	  3.27024683e+03	
 0.00000000e+00	  0.00000000e+00	  5.00000000e+03	 -2.75120679e+03	 -3.27024683e+03	  0.00000000e+00	
 0.00000000e+00	 -1.15260615e+04	 -2.75120679e+03	  2.87531172e+04	  1.88069031e+03	 -7.65603809e+03	
 1.15260615e+04	  0.00000000e+00	 -3.27024683e+03	  1.88069031e+03	  2.93449180e+04	  6.37317920e+03	
 2.75120679e+03	  3.27024683e+03	  0.00000000e+00	 -7.65603809e+03	  6.37317920e+03	  4.71654785e+03	
2	 27	 60	
 5.00000000e+03	  0.00000000e+00	  0.00000000e+00	  0.00000000e+00	  1.06532715e+04	  1.83821387e+03	
 0.00000000e+00	  5.00000000e+03	  0.00000000e+00	 -1.06532715e+04	  0.00000000e+00	  1.04198315e+03	
 0.00000000e+00	  0.00000000e+00	  5.00000000e+03	 -1.83821387e+03	 -1.04198315e+03	  0.00000000e+00	
 0.00000000e+00	 -1.06532715e+04	 -1.83821387e+03	  2.57290879e+04	  5.64129944e+02	 -2.88759692e+03	
 1.06532715e+04	  0.00000000e+00	 -1.04198315e+03	  5.64129944e+02	  2.47969863e+04	  4.26988916e+03	
 1.83821387e+03	  1.04198315e+03	  0.00000000e+00	 -2.88759692e+03	  4.26988916e+03	  3.27567676e+03	
2	 28	 60	
 5.00000000e+03	  0.00000000e+00	  0.00000000e+00	  0.00000000e+00	  1.00330293e+04	  1.36716504e+03	
 0.00000000e+00	  5.00000000e+03	  0.00000000e+00	 -1.00330293e+04	  0.00000000e+00	  2.61048126e+02	
 0.00000000e+00	  0.00000000e+00	  5.00000000e+03	 -1.36716504e+03	 -2.61048126e+02	  0.00000000e+00	
 0.00000000e+00	 -1.00330293e+04	 -1.36716504e+03	  2.31323047e+04	  2.23774063e+02	 -1.18441785e+03	
 1.00330293e+04	  0.00000000e+00	 -2.61048126e+02	  2.23774063e+02	  2.20590391e+04	  3.14714502e+03	
 1.36716504e+03	  2.61048126e+02	  0.00000000e+00	 -1.18441785e+03	  3.14714502e+03	  2.84623779e+03	
2	 29	 60	
 5.00000000e+03	  0.00000000e+00	  0.00000000e+00	  0.00000000e+00	  1.00455791e+04	  2.44763232e+03	
 0.00000000e+00	  5.00000000e+03	  0.00000000e+00	 -1.00455791e+04	  0.00000000e+00	 -7.16891937e+01	
 0.00000000e+00	  0.00000000e+00	  5.00000000e+03	 -2.44763232e+03	  7.16891937e+01	  0.00000000e+00	
 0.00000000e+00	 -1.00455791e+04	 -2.44763232e+03	  2.39472656e+04	  1.10879745e+02	 -4.21024231e+02	
 1.00455791e+04	  0.00000000e+00	  7.16891937e+01	  1.10879745e+02	  2.17999746e+04	  5.40322803e+03	
 2.44763232e+03	 -7.16891937e+01	  0.00000000e+00	 -4.21024231e+02	  5.40322803e+03	  3.53471069e+03	
2	 30	 60	
 5.00000000e+03	  0.00000000e+00	  0.00000000e+00	  0.00000000e+00	  9.56960156e+03	  2.95124512e+03	
 0.00000000e+00	  5.00000000e+03	  0.00000000e+00	 -9.56960156e+03	  0.00000000e+00	 -5.24550537e+02	
 0.00000000e+00	  0.00000000e+00	  5.00000000e+03	 -2.95124512e+03	  5.24550537e+02	  0.00000000e+00	
 0.00000000e+00	 -9.56960156e+03	 -2.95124512e+03	  2.17911758e+04	 -2.52711639e+02	  4.59367767e+02	
 9.56960156e+03	  0.00000000e+00	  5.24550537e+02	 -2.52711639e+02	  1.97058047e+04	  5.92379297e+03	
 2.95124512e+03	 -5.24550537e+02	  0.00000000e+00	  4.59367767e+02	  5.92379297e+03	  3.59227368e+03	
2	 31	 60	
 5.00000000e+03	  0.00000000e+00	  0.00000000e+00	  0.00000000e+00	  8.83149219e+03	  4.45769440e+02	
 0.00000000e+00	  5.00000000e+03	  0.00000000e+00	 -8.83149219e+03	  0.00000000e+00	 -3.80573486e+02	
 0.00000000e+00	  0.00000000e+00	  5.00000000e+03	 -4.45769440e+02	  3.80573486e+02	  0.00000000e+00	
 0.00000000e+00	 -8.83149219e+03	 -4.45769440e+02	  1.68095703e+04	  4.39146042e+01	  5.81930969e+02	
 8.83149219e+03	  0.00000000e+00	  3.80573486e+02	  4.39146042e+01	  1.64110137e+04	  9.67813477e+02	
 4.45769440e+02	 -3.80573486e+02	  0.00000000e+00	  5.81930969e+02	  9.67813477e+02	  1.36102563e+03	
2	 40	 60	
 5.00000000e+03	  0.00000000e+00	  0.00000000e+00	  0.00000000e+00	  1.01971992e+04	  2.45262305e+03	
 0.00000000e+00	  5.00000000e+03	  0.00000000e+00	 -1.01971992e+04	  0.00000000e+00	  1.21817383e+03	
 0.00000000e+00	  0.00000000e+00	  5.00000000e+03	 -2.45262305e+03	 -1.21817383e+03	  0.00000000e+00	
 0.00000000e+00	 -1.01971992e+04	 -2.45262305e+03	  2.34939062e+04	  5.71168579e+02	 -3.19102295e+03	
 1.01971992e+04	  0.00000000e+00	 -1.21817383e+03	  5.71168579e+02	  2.32157305e+04	  5.06822266e+03	
 2.45262305e+03	  1.21817383e+03	  0.00000000e+00	 -3.19102295e+03	  5.06822266e+03	  3.63311841e+03	
2	 41	 60	
 5.00000000e+03	  0.00000000e+00	  0.00000000e+00	  0.00000000e+00	  1.10871572e+04	  3.76487939e+03	
 0.00000000e+00	  5.00000000e+03	  0.00000000e+00	 -1.10871572e+04	  0.00000000e+00	  1.65027209e+03	
 0.00000000e+00	  0.00000000e+00	  5.00000000e+03	 -3.76487939e+03	 -1.65027209e+03	  0.00000000e+00	
 0.00000000e+00	 -1.10871572e+04	 -3.76487939e+03	  2.89491230e+04	  1.48294092e+03	 -4.47433057e+03	
 1.10871572e+04	  0.00000000e+00	 -1.65027209e+03	  1.48294092e+03	  2.71537910e+04	  8.68481738e+03	
 3.76487939e+03	  1.65027209e+03	  0.00000000e+00	 -4.47433057e+03	  8.68481738e+03	  5.20535352e+03	
2	 42	 60	
 5.00000000e+03	  0.00000000e+00	  0.00000000e+00	  0.00000000e+00	  1.10797852e+04	  4.23321631e+03	
 0.00000000e+00	  5.00000000e+03	  0.00000000e+00	 -1.10797852e+04	  0.00000000e+00	  1.42969763e+03	
 0.00000000e+00	  0.00000000e+00	  5.00000000e+03	 -4.23321631e+03	 -1.42969763e+03	  0.00000000e+00	
 0.00000000e+00	 -1.10797852e+04	 -4.23321631e+03	  2.92907012e+04	  1.27737268e+03	 -3.81800684e+03	
 1.10797852e+04	  0.00000000e+00	 -1.42969763e+03	  1.27737268e+03	  2.66874727e+04	  9.58471191e+03	
 4.23321631e+03	  1.42969763e+03	  0.00000000e+00	 -3.81800684e+03	  9.58471191e+03	  5.65711230e+03	
3	 4	 60	
 5.00000000e+03	  0.00000000e+00	  0.00000000e+00	  0.00000000e+00	  1.06394023e+04	  6.40589172e+02	
 0.00000000e+00	  5.00000000e+03	  0.00000000e+00	 -1.06394023e+04	  0.00000000e+00	  4.87685596e+03	
 0.00000000e+00	  0.00000000e+00	  5.00000000e+03	 -6.40589172e+02	 -4.87685596e+03	  0.00000000e+00	
 0.00000000e+00	 -1.06394023e+04	 -6.40589172e+02	  2.53947207e+04	  5.47802246e+02	 -1.00867012e+04	
 1.06394023e+04	  0.00000000e+00	 -4.87685596e+03	  5.47802246e+02	  2.88814355e+04	  2.13577539e+03	
 6.40589172e+02	  4.87685596e+03	  0.00000000e+00	 -1.00867012e+04	  2.13577539e+03	  7.05768457e+03	
3	 5	 60	
 5.00000000e+03	  0.00000000e+00	  0.00000000e+00	  0.00000000e+00	  1.02881182e+04	  7.53163513e+02	
 0.00000000e+00	  5.00000000e+03	  0.00000000e+00	 -1.02881182e+04	  0.00000000e+00	  5.40758643e+03	
 0.00000000e+00	  0.00000000e+00	  5.00000000e+03	 -7.53163513e+02	 -5.40758643e+03	  0.00000000e+00	
 0.00000000e+00	 -1.02881182e+04	 -7.53163513e+02	  2.31255312e+04	  8.85985657e+02	 -1.09603330e+04	
 1.02881182e+04	  0.00000000e+00	 -5.40758643e+03	  8.85985657e+02	  2.80323281e+04	  2.05996338e+03	
 7.53163513e+02	  5.40758643e+03	  0.00000000e+00	 -1.09603330e+04	  2.05996338e+03	  7.36561279e+03	
3	 10	 60	
 5.00000000e+03	  0.00000000e+00	  0.00000000e+00	  0.00000000e+00	  1.03845527e+04	  4.88949127e+02	
 0.00000000e+00	  5.00000000e+03	  0.00000000e+00	 -1.03845527e+04	  0.00000000e+00	  4.95980420e+03	
 0.00000000e+00	  0.00000000e+00	  5.00000000e+03	 -4.88949127e+02	 -4.95980420e+03	  0.00000000e+00	
 0.00000000e+00	 -1.03845527e+04	 -4.88949127e+02	  2.34693203e+04	  1.90401642e+02	 -9.95800586e+03	
 1.03845527e+04	  0.00000000e+00	 -4.95980420e+03	  1.90401642e+02	  2.78182793e+04	  1.68039197e+03	
 4.88949127e+02	  4.95980420e+03	  0.00000000e+00	 -9.95800586e+03	  1.68039197e+03	  6.49143018e+03	
3	 11	 60	
 5.00000000e+03	  0.00000000e+00	  0.00000000e+00	  0.00000000e+00	  9.98559375e+03	 -2.59580322e+02	
 0.00000000e+00	  5.00000000e+03	  0.00000000e+00	 -9.98559375e+03	  0.00000000e+00	  4.35548145e+03	
 0.00000000e+00	  0.00000000e+00	  5.00000000e+03	  2.59580322e+02	 -4.35548145e+03	  0.00000000e+00	
 0.00000000e+00	 -9.98559375e+03	  2.59580322e+02	  2.14911426e+04	 -1.74360092e+02	 -8.53926562e+03	
 9.98559375e+03	  0.00000000e+00	 -4.35548145e+03	 -1.74360092e+02	  2.52589434e+04	 -1.25235016e+02	
-2.59580322e+02	  4.35548145e+03	  0.00000000e+00	 -8.53926562e+03	 -1.25235016e+02	  5.55302490e+03	
3	 12	 60	
 5.00000000e+03	  0.00000000e+00	  0.00000000e+00	  0.00000000e+00	  1.01820811e+04	  4.03310013e+01	
 0.00000000e+00	  5.00000000e+03	  0.00000000e+00	 -1.01820811e+04	  0.00000000e+00	  3.01509717e+03	
 0.00000000e+00	  0.00000000e+00	  5.00000000e+03	 -4.03310013e+01	 -3.01509717e+03	  0.00000000e+00	
 0.00000000e+00	 -1.01820811e+04	 -4.03310013e+01	  2.25016543e+04	 -1.53843964e+02	 -6.16710254e+03	
 1.01820811e+04	  0.00000000e+00	 -3.01509717e+03	 -1.53843964e+02	  2.46175820e+04	  6.12149109e+02	
 4.03310013e+01	  3.01509717e+03	  0.00000000e+00	 -6.16710254e+03	  6.12149109e+02	  4.19800098e+03	
3	 13	 60	
 5.00000000e+03	  0.00000000e+00	  0.00000000e+00	  0.00000000e+00	  1.02642070e+04	 -2.95479370e+02	
 0.00000000e+00	  5.00000000e+03	  0.00000000e+00	 -1.02642070e+04	  0.00000000e+00	  2.99104443e+03	
 0.00000000e+00	  0.00000000e+00	  5.00000000e+03	  2.95479370e+02	 -2.99104443e+03	  0.00000000e+00	
 0.00000000e+00	 -1.02642070e+04	  2.95479370e+02	  2.26976504e+04	 -3.46795288e+02	 -6.20777295e+03	
 1.02642070e+04	  0.00000000e+00	 -2.99104443e+03	 -3.46795288e+02	  2.47043418e+04	 -2.49899887e+02	
-2.95479370e+02	  2.99104443e+03	  0.00000000e+00	 -6.20777295e+03	 -2.49899887e+02	  4.00376855e+03	
3	 14	 60	
 5.00000000e+03	  0.00000000e+00	  0.00000000e+00	  0.00000000e+00	  9.85695898e+03	 -1.01552118e+03	
 0.00000000e+00	  5.00000000e+03	  0.00000000e+00	 -9.85695898e+03	  0.00000000e+00	  3.36255811e+03	
 0.00000000e+00	  0.00000000e+00	  5.00000000e+03	  1.01552118e+03	 -3.36255811e+03	  0.00000000e+00	
 0.00000000e+00	 -9.85695898e+03	  1.01552118e+03	  2.09480098e+04	 -8.52395691e+02	 -6.50929834e+03	
 9.85695898e+03	  0.00000000e+00	 -3.36255811e+03	 -8.52395691e+02	  2.35448535e+04	 -1.78322974e+03	
-1.01552118e+03	  3.36255811e+03	  0.00000000e+00	 -6.50929834e+03	 -1.78322974e+03	  4.17109326e+03	
3	 26	 60	
 5.00000000e+03	  0.00000000e+00	  0.00000000e+00	  0.00000000e+00	  9.90793555e+03	 -2.17898270e+02	
 0.00000000e+00	  5.00000000e+03	  0.00000000e+00	 -9.90793555e+03	  0.00000000e+00	  3.57613281e+03	
 0.00000000e+00	  0.00000000e+00	  5.00000000e+03	  2.17898270e+02	 -3.57613281e+03	  0.00000000e+00	
 0.00000000e+00	 -9.90793555e+03	  2.17898270e+02	  2.11432871e+04	  1.00503441e+02	 -6.97885596e+03	
 9.90793555e+03	  0.00000000e+00	 -3.57613281e+03	  1.00503441e+02	  2.37678770e+04	 -5.02209015e+01	
-2.17898270e+02	  3.57613281e+03	  0.00000000e+00	 -6.97885596e+03	 -5.02209015e+01	  4.23442139e+03	
3	 27	 60	
 5.00000000e+03	  0.00000000e+00	  0.00000000e+00	  0.00000000e+00	  9.57310449e+03	 -3.80320587e+02	
 0.00000000e+00	  5.00000000e+03	  0.00000000e+00	 -9.57310449e+03	  0.00000000e+00	  1.79693933e+03	
 0.00000000e+00	  0.00000000e+00	  5.00000000e+03	  3.80320587e+02	 -1.79693933e+03	  0.00000000e+00	
 0.00000000e+00	 -9.57310449e+03	  3.80320587e+02	  2.09758984e+04	 -4.03457031e+02	 -3.41590356e+03	
 9.57310449e+03	  0.00000000e+00	 -1.79693933e+03	 -4.03457031e+02	  2.14953320e+04	 -1.79357147e+02	
-3.80320587e+02	  1.79693933e+03	  0.00000000e+00	 -3.41590356e+03	 -1.79357147e+02	  3.15499585e+03	
3	 28	 60	
 5.00000000e+03	  0.00000000e+00	  0.00000000e+00	  0.00000000e+00	  9.67044238e+03	 -1.02556274e+02	
 0.00000000e+00	  5.00000000e+03	  0.00000000e+00	 -9.67044238e+03	  0.00000000e+00	  1.24804956e+03	
 0.00000000e+00	  0.00000000e+00	  5.00000000e+03	  1.02556274e+02	 -1.24804956e+03	  0.00000000e+00	
 0.00000000e+00	 -9.67044238e+03	  1.02556274e+02	  2.14273535e+04	 -3.47009155e+02	 -2.61634985e+03	
 9.67044238e+03	  0.00000000e+00	 -1.24804956e+03	 -3.47009155e+02	  2.12543535e+04	  3.26928802e+02	
-1.02556274e+02	  1.24804956e+03	  0.00000000e+00	 -2.61634985e+03	  3.26928802e+02	  2.59332422e+03	
3	 29	 60	
 5.00000000e+03	  0.00000000e+00	  0.00000000e+00	  0.00000000e+00	  9.66517969e+03	  4.84399628e+02	
