0	 1	 60	
 9.96926560e-01	  6.68735757e-02	 -4.06664421e-02	 -1.15576939e-01	
-6.61289946e-02	  9.97617877e-01	  1.94008687e-02	 -3.87705398e-02	
 4.18675510e-02	 -1.66517807e-02	  9.98977765e-01	  1.14874890e-01	
 0.00000000e+00	  0.00000000e+00	  0.00000000e+00	  1.00000000e+00	
0	 2	 60	
 9.54999224e-01	  1.08859481e-01	 -2.75869135e-01	 -3.41060560e-01	
-9.89491703e-02	  9.93843326e-01	  4.96360476e-02	 -1.78254668e-01	
 2.79581388e-01	 -2.01060700e-02	  9.59896612e-01	  3.54627338e-01	
 0.00000000e+00	  0.00000000e+00	  0.00000000e+00	  1.00000000e+00	
0	 3	 60	
 9.31401204e-01	  9.94830665e-02	 -3.50082383e-01	 -2.76702865e-01	
-1.37798819e-01	  9.86681378e-01	 -8.62302392e-02	 -4.81820858e-01	
 3.36851796e-01	  1.28561345e-01	  9.32716185e-01	  6.02912319e-01	
 0.00000000e+00	  0.00000000e+00	  0.00000000e+00	  1.00000000e+00	
0	 4	 60	
 9.79957209e-01	 -8.09359517e-02	  1.81876614e-01	 -8.65004597e-02	
 9.80194727e-02	  9.91351448e-01	 -8.69879436e-02	 -4.58251665e-01	
-1.73272374e-01	  1.03077496e-01	  9.79441054e-01	  5.07580899e-01	
 0.00000000e+00	  0.00000000e+00	  0.00000000e+00	  1.00000000e+00	
0	 5	 60	
 9.44623900e-01	 -2.08489049e-01	  2.53287584e-01	  1.19213295e-01	
 2.42924983e-01	  9.63414180e-01	 -1.12973869e-01	 -2.06060451e-01	
-2.20479257e-01	  1.68256917e-01	  9.60741591e-01	  3.27209689e-01	
 0.00000000e+00	  0.00000000e+00	  0.00000000e+00	  1.00000000e+00	
0	 6	 60	
 9.55870957e-01	 -1.53546928e-01	  2.50321789e-01	  4.31465304e-01	
 1.74606982e-01	  9.82516407e-01	 -6.40877854e-02	  9.41346176e-03	
-2.36118994e-01	  1.04973654e-01	  9.66004212e-01	  2.97113475e-01	
 0.00000000e+00	  0.00000000e+00	  0.00000000e+00	  1.00000000e+00	
0	 10	 60	
 9.99525265e-01	 -2.32791434e-02	 -1.68723810e-02	  7.27110630e-01	
 2.19274402e-02	  9.96792266e-01	 -7.61880415e-02	 -1.55412179e-01	
 1.85902416e-02	  7.57881001e-02	  9.96887726e-01	  1.89760264e-01	
 0.00000000e+00	  0.00000000e+00	  0.00000000e+00	  1.00000000e+00	
0	 11	 60	
 9.74383819e-01	 -2.19509403e-01	  4.74921530e-02	  4.79261526e-01	
 2.21630674e-01	  9.74006303e-01	 -4.53637561e-02	 -2.06960790e-01	
-3.63068703e-02	  5.47309828e-02	  9.97770435e-01	  3.79140055e-01	
 0.00000000e+00	  0.00000000e+00	  0.00000000e+00	  1.00000000e+00	
0	 12	 60	
 9.83324089e-01	 -1.65592351e-01	 -7.41813864e-02	  1.84856260e-01	
 1.63088518e-01	  9.85780465e-01	 -3.86208773e-02	 -3.31460903e-01	
 7.95259998e-02	  2.58794955e-02	  9.96417611e-01	  6.62371471e-01	
 0.00000000e+00	  0.00000000e+00	  0.00000000e+00	  1.00000000e+00	
0	 13	 60	
 9.75017848e-01	 -1.32364146e-01	 -1.77919398e-01	 -1.00508198e-01	
 1.27377416e-01	  9.90997595e-01	 -3.91978032e-02	 -4.02750993e-01	
 1.81521559e-01	  1.55553149e-02	  9.83175433e-01	  6.87037890e-01	
 0.00000000e+00	  0.00000000e+00	  0.00000000e+00	  1.00000000e+00	
0	 14	 60	
 9.67332827e-01	 -2.42087936e-01	 -7.40302939e-02	 -2.36625655e-01	
 2.45653594e-01	  9.68285894e-01	  4.35432076e-02	 -5.64759497e-01	
 6.11446717e-02	 -6.03165588e-02	  9.96209357e-01	  9.47807803e-01	
 0.00000000e+00	  0.00000000e+00	  0.00000000e+00	  1.00000000e+00	
0	 15	 60	
 8.67976159e-01	 -4.40635375e-01	  2.28604126e-01	 -5.66767124e-02	
 3.98531994e-01	  8.93092077e-01	  2.08224928e-01	 -6.36666940e-01	
-2.95954636e-01	 -8.96425599e-02	  9.50882836e-01	  1.04762695e+00	
 0.00000000e+00	  0.00000000e+00	  0.00000000e+00	  1.00000000e+00	
0	 19	 60	
 8.07972296e-01	 -3.75443896e-01	  4.53830600e-01	  1.22371359e-01	
 4.13681516e-01	  9.10139571e-01	  1.64212174e-02	 -1.77571744e-01	
-4.19279616e-01	  1.74501752e-01	  8.90792094e-01	  2.83247386e-01	
 0.00000000e+00	  0.00000000e+00	  0.00000000e+00	  1.00000000e+00	
0	 26	 60	
 7.65099073e-01	  1.45824508e-01	 -6.26950566e-01	  2.45121049e+00	
-1.44664241e-01	  9.87938173e-01	  5.32293854e-02	 -3.44236991e-01	
 6.27255917e-01	  4.99825186e-02	  7.77041867e-01	  7.46640787e-01	
 0.00000000e+00	  0.00000000e+00	  0.00000000e+00	  1.00000000e+00	
0	 27	 60	
 2.69334070e-01	  3.20865041e-01	 -9.07845251e-01	  2.14974462e+00	
-3.15100509e-01	  9.20203698e-01	  2.31716497e-01	 -7.13092707e-01	
 9.09897816e-01	  2.23700151e-01	  3.48987916e-01	  1.37972172e+00	
 0.00000000e+00	  0.00000000e+00	  0.00000000e+00	  1.00000000e+00	
0	 28	 60	
 1.41206425e-01	  3.28374106e-01	 -9.33750045e-01	  1.59265131e+00	
-3.06703849e-01	  9.11343839e-01	  2.74075744e-01	 -9.75078366e-01	
 9.41125750e-01	  2.47737294e-01	  2.29432507e-01	  1.78517645e+00	
 0.00000000e+00	  0.00000000e+00	  0.00000000e+00	  1.00000000e+00	
0	 29	 60	
 2.15961456e-01	  2.94221871e-01	 -9.30823434e-01	  1.09711646e+00	
-3.12687910e-01	  9.23997885e-01	  2.19482291e-01	 -1.10261084e+00	
 9.24821143e-01	  2.43711179e-01	  2.91587793e-01	  1.88963094e+00	
 0.00000000e+00	  0.00000000e+00	  0.00000000e+00	  1.00000000e+00	
0	 31	 60	
-2.96677321e-01	  4.84204372e-01	 -8.22905605e-01	  4.10310503e-02	
-4.81886152e-01	  6.68012111e-01	  5.66733870e-01	 -1.27458433e+00	
 8.24278020e-01	  5.64818591e-01	  3.51569312e-02	  1.96371084e+00	
 0.00000000e+00	  0.00000000e+00	  0.00000000e+00	  1.00000000e+00	
0	 32	 60	
-7.01430493e-01	  5.29354241e-01	 -4.76903451e-01	  1.09745218e-03	
-3.45986255e-01	  3.31972707e-01	  8.77309286e-01	 -1.32090872e+00	
 6.22839420e-01	  7.80566101e-01	 -4.97105141e-02	  1.90776929e+00	
 0.00000000e+00	  0.00000000e+00	  0.00000000e+00	  1.00000000e+00	
0	 37	 60	
 3.39157811e-01	 -6.83610381e-01	  6.45929486e-01	 -2.34534509e-01	
 5.13540186e-01	  7.09869551e-01	  4.81586120e-01	 -1.10467134e+00	
-7.87913673e-01	  1.68423192e-01	  5.91918185e-01	  1.18353113e+00	
 0.00000000e+00	  0.00000000e+00	  0.00000000e+00	  1.00000000e+00	
0	 38	 60	
 6.25604329e-01	 -6.24490374e-01	  4.67120786e-01	 -4.24134771e-01	
 4.26635479e-01	  7.75363256e-01	  4.65131626e-01	 -8.76379695e-01	
-6.52794651e-01	 -9.17290747e-02	  7.51636119e-01	  7.16952446e-01	
 0.00000000e+00	  0.00000000e+00	  0.00000000e+00	  1.00000000e+00	
0	 39	 60	
 6.71710116e-01	 -5.05271520e-01	  5.41341947e-01	 -3.49363580e-01	
 3.29799750e-01	  8.58532310e-01	  3.92049444e-01	 -6.78959205e-01	
-6.62994661e-01	 -8.48368630e-02	  7.43463065e-01	  3.78841088e-01	
 0.00000000e+00	  0.00000000e+00	  0.00000000e+00	  1.00000000e+00	
0	 41	 60	
 9.54563310e-01	 -1.15327635e-01	 -2.74784817e-01	 -4.22482649e-01	
-1.53962052e-02	  9.01755843e-01	 -4.31960316e-01	 -1.17210197e-01	
 2.97610892e-01	  4.16572579e-01	  8.59011300e-01	  2.80122958e-02	
 0.00000000e+00	  0.00000000e+00	  0.00000000e+00	  1.00000000e+00	
1	 2	 60	
 9.70323942e-01	  4.19623324e-02	 -2.38118185e-01	 -2.05531357e-01	
-3.95046568e-02	  9.99099726e-01	  1.50850897e-02	 -1.58224735e-01	
 2.38542324e-01	 -5.23148841e-03	  9.71109933e-01	  2.45974262e-01	
 0.00000000e+00	  0.00000000e+00	  0.00000000e+00	  1.00000000e+00	
1	 3	 60	
 9.51765052e-01	  3.93126023e-02	 -3.04257454e-01	 -1.10901024e-01	
-8.07939125e-02	  9.88852074e-01	 -1.24969169e-01	 -4.60901176e-01	
 2.95960904e-01	  1.43528290e-01	  9.44339076e-01	  4.85502055e-01	
 0.00000000e+00	  0.00000000e+00	  0.00000000e+00	  1.00000000e+00	
1	 4	 60	
 9.63220195e-01	 -1.41929764e-01	  2.28079093e-01	  7.31690797e-02	
 1.66206698e-01	  9.81869942e-01	 -9.09285010e-02	 -4.23080678e-01	
-2.11048148e-01	  1.25497919e-01	  9.69368742e-01	  3.82989056e-01	
 0.00000000e+00	  0.00000000e+00	  0.00000000e+00	  1.00000000e+00	
1	 5	 60	
 9.16436150e-01	 -2.64515924e-01	  3.00206933e-01	  2.54024034e-01	
 3.09191546e-01	  9.44383493e-01	 -1.11765779e-01	 -1.54727247e-01	
-2.53959210e-01	  1.95256816e-01	  9.47279905e-01	  1.99326709e-01	
 0.00000000e+00	  0.00000000e+00	  0.00000000e+00	  1.00000000e+00	
1	 10	 60	
 9.95793082e-01	 -8.59518375e-02	  2.99549157e-02	  8.50956016e-01	
 8.84088874e-02	  9.91608067e-01	 -9.37360529e-02	 -6.12573032e-02	
-2.16511432e-02	  9.59968644e-02	  9.95089931e-01	  3.82770139e-02	
 0.00000000e+00	  0.00000000e+00	  0.00000000e+00	  1.00000000e+00	
1	 11	 60	
 9.55223993e-01	 -2.80956051e-01	  9.21209430e-02	  6.15203568e-01	
 2.86871064e-01	  9.56103965e-01	 -5.86952467e-02	 -1.32412057e-01	
-7.15960334e-02	  8.24990916e-02	  9.93952229e-01	  2.36545006e-01	
 0.00000000e+00	  0.00000000e+00	  0.00000000e+00	  1.00000000e+00	
1	 12	 60	
 9.72857887e-01	 -2.29190649e-01	 -2.96825820e-02	  3.41791081e-01	
 2.27136822e-01	  9.71936322e-01	 -6.00827344e-02	 -2.81021479e-01	
 4.26206234e-02	  5.17124795e-02	  9.97679727e-01	  5.29047928e-01	
 0.00000000e+00	  0.00000000e+00	  0.00000000e+00	  1.00000000e+00	
1	 13	 60	
 9.71208943e-01	 -1.96841441e-01	 -1.33619223e-01	  6.30474674e-02	
 1.89256525e-01	  9.79535123e-01	 -6.73752372e-02	 -3.71636843e-01	
 1.44158241e-01	  4.01486294e-02	  9.88658467e-01	  5.63911391e-01	
 0.00000000e+00	  0.00000000e+00	  0.00000000e+00	  1.00000000e+00	
1	 14	 60	
 9.50686046e-01	 -3.07903939e-01	 -3.49741139e-02	 -5.10218874e-02	
 3.08742652e-01	  9.50803000e-01	  2.18999491e-02	 -5.46706149e-01	
 2.65099895e-02	 -3.16251403e-02	  9.99059584e-01	  8.26810638e-01	
 0.00000000e+00	  0.00000000e+00	  0.00000000e+00	  1.00000000e+00	
1	 26	 60	
 7.98584679e-01	  8.21391254e-02	 -5.96017961e-01	  2.60557894e+00	
-1.03600359e-01	  9.94513479e-01	 -1.76364850e-03	 -1.43608545e-01	
 5.92701883e-01	  6.31685480e-02	  8.02786948e-01	  5.20817748e-01	
 0.00000000e+00	  0.00000000e+00	  0.00000000e+00	  1.00000000e+00	
1	 27	 60	
 3.27442041e-01	  2.68396077e-01	 -9.05777401e-01	  2.35593389e+00	
-3.11493006e-01	  9.35752740e-01	  1.64643222e-01	 -5.42291694e-01	
 8.91913452e-01	  2.28278368e-01	  3.90050924e-01	  1.15836365e+00	
 0.00000000e+00	  0.00000000e+00	  0.00000000e+00	  1.00000000e+00	
1	 28	 60	
 2.00458891e-01	  2.77474426e-01	 -9.39409567e-01	  1.83484671e+00	
-3.12204798e-01	  9.27015798e-01	  2.07160445e-01	 -8.47662921e-01	
 9.28483390e-01	  2.51813996e-01	  2.72491425e-01	  1.58098206e+00	
 0.00000000e+00	  0.00000000e+00	  0.00000000e+00	  1.00000000e+00	
1	 29	 60	
 2.74698112e-01	  2.42421396e-01	 -9.30279399e-01	  1.35363603e+00	
-3.12903923e-01	  9.37422937e-01	  1.51857230e-01	 -1.00977096e+00	
 9.09039050e-01	  2.49426323e-01	  3.33405825e-01	  1.70300902e+00	
 0.00000000e+00	  0.00000000e+00	  0.00000000e+00	  1.00000000e+00	
1	 31	 60	
-2.29391573e-01	  4.62194337e-01	 -8.56391632e-01	  3.15258292e-01	
-5.14309003e-01	  6.89402478e-01	  5.09771933e-01	 -1.25319546e+00	
 8.26162455e-01	  5.57517339e-01	  7.95819134e-02	  1.81662594e+00	
 0.00000000e+00	  0.00000000e+00	  0.00000000e+00	  1.00000000e+00	
1	 32	 60	
-6.50326137e-01	  5.38460817e-01	 -5.35540208e-01	  2.76168217e-01	
-4.02444965e-01	  3.53587186e-01	  8.44162423e-01	 -1.30114892e+00	
 6.44023901e-01	  7.64691616e-01	 -1.32454896e-02	  1.76146610e+00	
 0.00000000e+00	  0.00000000e+00	  0.00000000e+00	  1.00000000e+00	
1	 40	 60	
 9.75612830e-01	 -1.24699210e-01	 -1.80704111e-01	 -2.65508150e-01	
 3.97513428e-02	  9.09773614e-01	 -4.13212280e-01	  5.47683830e-02	
 2.15930154e-01	  3.95953550e-01	  8.92538433e-01	 -3.73754558e-01	
 0.00000000e+00	  0.00000000e+00	  0.00000000e+00	  1.00000000e+00	
1	 41	 60	
 9.65118928e-01	 -1.57165946e-01	 -2.09413454e-01	 -3.04415575e-01	
 4.35206548e-02	  8.84966596e-01	 -4.63615972e-01	 -9.73313178e-02	
 2.58192356e-01	  4.38337085e-01	  8.60938979e-01	 -7.58157010e-02	
 0.00000000e+00	  0.00000000e+00	  0.00000000e+00	  1.00000000e+00	
2	 3	 60	
 9.97319537e-01	  3.33190654e-02	 -6.50302056e-02	  1.60917444e-01	
-4.23316813e-02	  9.88872142e-01	 -1.42565130e-01	 -2.99689415e-01	
 5.95571354e-02	  1.44940909e-01	  9.87638652e-01	  2.05511593e-01	
 0.00000000e+00	  0.00000000e+00	  0.00000000e+00	  1.00000000e+00	
2	 11	 60	
 8.98473722e-01	 -2.90712389e-01	  3.28805393e-01	  7.93117038e-01	
 3.27074280e-01	  9.43033064e-01	 -5.99765595e-02	  6.02792197e-02	
-2.92664041e-01	  1.61443892e-01	  9.42431364e-01	 -2.04205395e-01	
 0.00000000e+00	  0.00000000e+00	  0.00000000e+00	  1.00000000e+00	
2	 12	 60	
 9.45189663e-01	 -2.48452058e-01	  2.11559410e-01	  6.03460782e-01	
 2.67535652e-01	  9.61184598e-01	 -6.64935025e-02	 -1.01201231e-01	
-1.86845484e-01	  1.19458398e-01	  9.75034815e-01	  1.42716382e-01	
 0.00000000e+00	  0.00000000e+00	  0.00000000e+00	  1.00000000e+00	
2	 13	 60	
 9.69307018e-01	 -2.20121206e-01	  1.08842424e-01	  3.44882846e-01	
 2.29088709e-01	  9.70194589e-01	 -7.80937864e-02	 -2.03615226e-01	
-8.84184477e-02	  1.00639909e-01	  9.90913966e-01	  2.41582085e-01	
 0.00000000e+00	  0.00000000e+00	  0.00000000e+00	  1.00000000e+00	
2	 14	 60	
 9.16608702e-01	 -3.43874737e-01	  2.03515285e-01	  3.03826060e-01	
 3.48222838e-01	  9.37202962e-01	  1.51870558e-02	 -3.84690745e-01	
-1.95980136e-01	  5.69518478e-02	  9.78871695e-01	  5.21412128e-01	
 0.00000000e+00	  0.00000000e+00	  0.00000000e+00	  1.00000000e+00	
2	 26	 60	
 9.20369544e-01	  5.54822748e-02	 -3.86768273e-01	  2.79269670e+00	
-7.30978796e-02	  9.96745968e-01	 -3.09717094e-02	  1.31127021e-01	
 3.83862186e-01	  5.67887737e-02	  9.21507949e-01	 -4.02268447e-01	
 0.00000000e+00	  0.00000000e+00	  0.00000000e+00	  1.00000000e+00	
2	 27	 60	
 5.42791509e-01	  2.77920367e-01	 -7.92366529e-01	  2.71828895e+00	
-3.02141227e-01	  9.44989628e-01	  1.24447878e-01	 -2.81012394e-01	
 7.83489108e-01	  1.71892280e-01	  5.96961173e-01	  2.70301334e-01	
 0.00000000e+00	  0.00000000e+00	  0.00000000e+00	  1.00000000e+00	
2	 28	 60	
 4.28327150e-01	  2.92688759e-01	 -8.54723365e-01	  2.32553661e+00	
-3.08372216e-01	  9.36518293e-01	  1.66130946e-01	 -6.10189001e-01	
 8.49230311e-01	  1.92454755e-01	  4.91446147e-01	  8.00194362e-01	
 0.00000000e+00	  0.00000000e+00	  0.00000000e+00	  1.00000000e+00	
2	 29	 60	
 4.95753244e-01	  2.57694961e-01	 -8.29148706e-01	  1.89411465e+00	
-3.05853741e-01	  9.45457756e-01	  1.10941379e-01	 -7.92984108e-01	
 8.12658610e-01	  1.98640043e-01	  5.47593279e-01	  1.03084082e+00	
 0.00000000e+00	  0.00000000e+00	  0.00000000e+00	  1.00000000e+00	
2	 30	 60	
 3.24439485e-01	  3.19907869e-01	 -8.89971328e-01	  1.40325580e+00	
-3.78040796e-01	  9.06358655e-01	  1.87943493e-01	 -9.85070712e-01	
 8.66913994e-01	  2.75527825e-01	  4.15049699e-01	  1.29426897e+00	
 0.00000000e+00	  0.00000000e+00	  0.00000000e+00	  1.00000000e+00	
2	 31	 60	
-5.19449220e-03	  5.54238356e-01	 -8.32139912e-01	  9.23261481e-01	
-5.27799225e-01	  7.05268418e-01	  4.72966199e-01	 -1.08035958e+00	
 8.49173052e-01	  4.41760116e-01	  2.88903253e-01	  1.38476892e+00	
 0.00000000e+00	  0.00000000e+00	  0.00000000e+00	  1.00000000e+00	
2	 40	 60	
 9.96607032e-01	 -6.24891292e-02	  5.38881293e-02	 -2.14442678e-01	
 7.95257757e-02	  9.01661230e-01	 -4.25096495e-01	  2.13528685e-01	
-2.20230111e-02	  4.27940101e-01	  9.03563970e-01	 -5.84339706e-01	
 0.00000000e+00	  0.00000000e+00	  0.00000000e+00	  1.00000000e+00	
2	 41	 60	
 9.96356829e-01	 -8.29024424e-02	  2.04839376e-02	 -1.75116397e-01	
 8.26303237e-02	  8.75292173e-01	 -4.76494820e-01	  5.83730631e-02	
 2.15746555e-02	  4.76456776e-01	  8.78952925e-01	 -2.88033211e-01	
 0.00000000e+00	  0.00000000e+00	  0.00000000e+00	  1.00000000e+00	
2	 42	 60	
 9.89442110e-01	 -7.48667706e-02	  1.24115348e-01	 -7.89007665e-02	
 1.23287711e-01	  8.85010548e-01	 -4.48947950e-01	 -1.85535734e-01	
-7.62354123e-02	  4.59517865e-01	  8.84903985e-01	  1.45414230e-01	
 0.00000000e+00	  0.00000000e+00	  0.00000000e+00	  1.00000000e+00	
3	 4	 60	
 8.40888979e-01	 -1.77276428e-01	  5.11328748e-01	  1.41799565e-01	
 1.71933108e-01	  9.83382549e-01	  5.81820263e-02	  2.99224846e-02	
-5.13158554e-01	  3.89919212e-02	  8.57408824e-01	 -1.57543887e-01	
 0.00000000e+00	  0.00000000e+00	  0.00000000e+00	  1.00000000e+00	
3	 5	 60	
 7.72107552e-01	 -2.70277404e-01	  5.75125194e-01	  2.37895191e-01	
 3.05329476e-01	  9.51506310e-01	  3.72416299e-02	  2.76040192e-01	
-5.57317059e-01	  1.46854335e-01	  8.17206578e-01	 -4.19555442e-01	
 0.00000000e+00	  0.00000000e+00	  0.00000000e+00	  1.00000000e+00	
3	 10	 60	
 9.34232168e-01	 -1.33515432e-01	  3.30596057e-01	  7.50830372e-01	
 1.23465118e-01	  9.90978731e-01	  5.13086931e-02	  3.68822077e-01	
-3.34485870e-01	 -7.11743339e-03	  9.42333317e-01	 -7.64956038e-01	
 0.00000000e+00	  0.00000000e+00	  0.00000000e+00	  1.00000000e+00	
3	 11	 60	
 8.64801874e-01	 -3.20244225e-01	  3.86596978e-01	  5.90873638e-01	
 3.10956558e-01	  9.46266082e-01	  8.82403802e-02	  3.17647973e-01	
-3.94111236e-01	  4.39068020e-02	  9.17964393e-01	 -4.97092651e-01	
 0.00000000e+00	  0.00000000e+00	  0.00000000e+00	  1.00000000e+00	
3	 12	 60	
 9.20216084e-01	 -2.81365535e-01	  2.71881227e-01	  4.29220916e-01	
 2.68973358e-01	  9.59538595e-01	  8.26149312e-02	  2.01925623e-01	
-2.84148621e-01	 -2.89647693e-03	  9.58719126e-01	 -1.19097874e-01	
 0.00000000e+00	  0.00000000e+00	  0.00000000e+00	  1.00000000e+00	
3	 13	 60	
 9.51758840e-01	 -2.54612422e-01	  1.70874876e-01	  1.81556085e-01	
 2.46023171e-01	  9.66664857e-01	  7.00227135e-02	  1.06363916e-01	
-1.83023720e-01	 -2.46095952e-02	  9.82735933e-01	  9.96422011e-03	
 0.00000000e+00	  0.00000000e+00	  0.00000000e+00	  1.00000000e+00	
3	 14	 60	
 8.87751490e-01	 -3.79241353e-01	  2.60629223e-01	  1.64940392e-01	
 3.46487584e-01	  9.23584510e-01	  1.63675825e-01	 -3.35088504e-02	
-3.02815505e-01	 -5.50067594e-02	  9.51386462e-01	  3.14825629e-01	
 0.00000000e+00	  0.00000000e+00	  0.00000000e+00	  1.00000000e+00	
3	 26	 60	
 9.43872468e-01	  1.65206549e-02	 -3.29543126e-01	  2.57032733e+00	
 1.40163465e-02	  9.95748074e-01	  9.00485084e-02	  4.25624082e-01	
 3.29691738e-01	 -8.96276990e-02	  9.39698825e-01	 -8.32846824e-01	
 0.00000000e+00	  0.00000000e+00	  0.00000000e+00	  1.00000000e+00	
3	 27	 60	
 6.00798121e-01	  2.47412108e-01	 -7.59968886e-01	  2.55362205e+00	
-1.67140251e-01	  9.68661202e-01	  1.83187449e-01	  1.13067491e-01	
 7.81594312e-01	  1.69682390e-02	  6.23377170e-01	 -1.04982504e-01	
 0.00000000e+00	  0.00000000e+00	  0.00000000e+00	  1.00000000e+00	
3	 28	 60	
 4.90818084e-01	  2.63724408e-01	 -8.30208325e-01	  2.20741122e+00	
-1.67587289e-01	  9.63756379e-01	  2.07036392e-01	 -1.48734464e-01	
 8.54856019e-01	  3.75242091e-02	  5.17277177e-01	  4.90840843e-01	
 0.00000000e+00	  0.00000000e+00	  0.00000000e+00	  1.00000000e+00	
3	 29	 60	
 5.55779687e-01	  2.28813838e-01	 -7.99021469e-01	  1.79861454e+00	
-1.68150943e-01	  9.72327046e-01	  1.61450195e-01	 -3.10442666e-01	
 8.13991952e-01	  4.46343213e-02	  5.78936406e-01	  7.72757055e-01	
 0.00000000e+00	  0.00000000e+00	  0.00000000e+00	  1.00000000e+00	
3	 30	 60	
 3.91209894e-01	  2.97095370e-01	 -8.70835729e-01	  1.33288515e+00	
-2.37379916e-01	  9.46879352e-01	  2.16359289e-01	 -4.78568098e-01	
 8.89010078e-01	  1.22101461e-01	  4.41006301e-01	  1.09224021e+00	
 0.00000000e+00	  0.00000000e+00	  0.00000000e+00	  1.00000000e+00	
3	 40	 60	
 9.89271989e-01	 -7.50060313e-02	  1.25554612e-01	 -4.43127657e-01	
 1.08655298e-01	  9.51583776e-01	 -2.87614978e-01	  3.80527723e-01	
-9.78999904e-02	  2.98169606e-01	  9.49510706e-01	 -8.28859743e-01	
 0.00000000e+00	  0.00000000e+00	  0.00000000e+00	  1.00000000e+00	
3	 41	 60	
 9.91487605e-01	 -9.13590828e-02	  9.29495724e-02	 -3.79690555e-01	
 1.18036012e-01	  9.31859596e-01	 -3.43122161e-01	  2.71353106e-01	
-5.52669266e-02	  3.51174272e-01	  9.34703751e-01	 -5.16648157e-01	
 0.00000000e+00	  0.00000000e+00	  0.00000000e+00	  1.00000000e+00	
3	 42	 60	
 9.77044795e-01	 -8.47650907e-02	  1.95492990e-01	 -2.47590706e-01	
 1.43834664e-01	  9.39282592e-01	 -3.11566063e-01	  9.61842186e-02	
-1.57216334e-01	  3.32536356e-01	  9.29914650e-01	 -6.00347086e-02	
 0.00000000e+00	  0.00000000e+00	  0.00000000e+00	  1.00000000e+00	
3	 43	 60	
 9.89357789e-01	 -1.07124931e-01	  9.85271960e-02	 -8.66477073e-02	
 1.32671456e-01	  9.42166909e-01	 -3.07772856e-01	 -7.42007465e-02	
-5.98648282e-02	  3.17573956e-01	  9.46355941e-01	  3.21970411e-01	
 0.00000000e+00	  0.00000000e+00	  0.00000000e+00	  1.00000000e+00	
3	 44	 60	
 9.22218643e-01	 -1.06721480e-01	  3.71642326e-01	 -7.08210761e-02	
 1.94466688e-01	  9.58766916e-01	 -2.07228507e-01	 -2.33312402e-01	
-3.34215552e-01	  2.63388428e-01	  9.04960463e-01	  6.73180686e-01	
 0.00000000e+00	  0.00000000e+00	  0.00000000e+00	  1.00000000e+00	
3	 45	 60	
 8.43356651e-01	 -1.19077327e-01	  5.23971972e-01	  8.58645495e-02	
 2.24958264e-01	  9.63802067e-01	 -1.43039957e-01	 -3.23734492e-01	
-4.87991093e-01	  2.38513661e-01	  8.39640122e-01	  9.04872171e-01	
 0.00000000e+00	  0.00000000e+00	  0.00000000e+00	  1.00000000e+00	
4	 5	 60	
 9.87757444e-01	 -1.39035898e-01	  7.06762956e-02	  2.57576944e-01	
 1.41652794e-01	  9.89345564e-01	 -3.34697719e-02	  2.14779330e-01	
-6.52713044e-02	  4.30720906e-02	  9.96933728e-01	 -1.61193118e-01	
 0.00000000e+00	  0.00000000e+00	  0.00000000e+00	  1.00000000e+00	
4	 6	 60	
 9.94792675e-01	 -7.23540864e-02	  7.16500416e-02	  5.89924069e-01	
 7.14000024e-02	  9.97313376e-01	  1.57783165e-02	  4.00024515e-01	
-7.26012449e-02	 -1.05814190e-02	  9.97296153e-01	 -1.52621135e-01	
 0.00000000e+00	  0.00000000e+00	  0.00000000e+00	  1.00000000e+00	
4	 7	 60	
 9.98327053e-01	 -5.62841730e-02	 -1.20339427e-02	  1.03599302e+00	
 5.67103067e-02	  9.97623468e-01	  3.87038291e-02	  5.07549701e-01	
 9.82728143e-03	 -3.93241897e-02	  9.99161306e-01	 -2.96079597e-01	
 0.00000000e+00	  0.00000000e+00	  0.00000000e+00	  1.00000000e+00	
4	 9	 60	
 9.88691703e-01	  1.18875399e-01	  9.10946632e-02	  1.39825111e+00	
-1.21794177e-01	  9.92154878e-01	  2.71689934e-02	  2.17549038e-01	
-8.71554744e-02	 -3.79577859e-02	  9.95442401e-01	 -2.69737585e-01	
 0.00000000e+00	  0.00000000e+00	  0.00000000e+00	  1.00000000e+00	
4	 10	 60	
 9.78472635e-01	  6.17661732e-02	 -1.96740346e-01	  8.82103776e-01	
-5.72441812e-02	  9.97914428e-01	  2.85916865e-02	  2.01621893e-01	
 1.98105954e-01	 -1.67157062e-02	  9.79998640e-01	 -1.89658274e-01	
 0.00000000e+00	  0.00000000e+00	  0.00000000e+00	  1.00000000e+00	
4	 11	 60	
 9.82922374e-01	 -1.29126312e-01	 -1.30793831e-01	  6.01341138e-01	
 1.37117366e-01	  9.89036333e-01	  5.40322993e-02	  1.90098219e-01	
 1.22388895e-01	 -7.10511655e-02	  9.89889038e-01	 -4.47601062e-02	
 0.00000000e+00	  0.00000000e+00	  0.00000000e+00	  1.00000000e+00	
4	 12	 60	
 9.65874167e-01	 -7.01336267e-02	 -2.49139680e-01	  2.51539577e-01	
 9.02951753e-02	  9.93371295e-01	  7.04257057e-02	  1.19692890e-01	
 2.42564785e-01	 -9.05281127e-02	  9.65846060e-01	  1.89942812e-01	
 0.00000000e+00	  0.00000000e+00	  0.00000000e+00	  1.00000000e+00	
4	 13	 60	
 9.36559941e-01	 -3.52693139e-02	 -3.48565934e-01	 -3.93827758e-02	
 6.60772007e-02	  9.94789921e-01	  7.68850608e-02	  7.46553706e-02	
 3.44064045e-01	 -9.50504745e-02	  9.34056688e-01	  1.68399879e-01	
 0.00000000e+00	  0.00000000e+00	  0.00000000e+00	  1.00000000e+00	
4	 14	 60	
 9.61481200e-01	 -1.31879259e-01	 -2.40901251e-01	 -2.33845537e-01	
 1.71549600e-01	  9.73333532e-01	  1.51849336e-01	 -4.80624829e-02	
 2.14469158e-01	 -1.87348053e-01	  9.58521774e-01	  4.13156148e-01	
 0.00000000e+00	  0.00000000e+00	  0.00000000e+00	  1.00000000e+00	
4	 15	 60	
 9.40973631e-01	 -3.28747170e-01	  7.96806017e-02	 -8.18389523e-02	
 2.94345028e-01	  9.11833579e-01	  2.85947725e-01	 -1.23626732e-01	
-1.66676952e-01	 -2.45645089e-01	  9.54845118e-01	  5.49914413e-01	
 0.00000000e+00	  0.00000000e+00	  0.00000000e+00	  1.00000000e+00	
4	 18	 60	
 7.31974730e-01	 -3.57361892e-01	  5.79915373e-01	  4.80525641e-02	
 3.17932966e-01	  9.32084715e-01	  1.73061320e-01	 -1.82588773e-03	
-6.02447693e-01	  5.77057657e-02	  7.95960339e-01	  1.53514362e-01	
 0.00000000e+00	  0.00000000e+00	  0.00000000e+00	  1.00000000e+00	
4	 19	 60	
 9.05023592e-01	 -3.08957672e-01	  2.92015130e-01	  2.71082145e-01	
 3.01508525e-01	  9.50685870e-01	  7.13704282e-02	  2.38235761e-01	
-2.99704380e-01	  2.34558313e-02	  9.53639384e-01	 -2.06157594e-01	
 0.00000000e+00	  0.00000000e+00	  0.00000000e+00	  1.00000000e+00	
4	 20	 60	
 9.22598384e-01	 -2.25363599e-01	  3.12870437e-01	  5.06440675e-01	
 1.74231304e-01	  9.67475078e-01	  1.83083106e-01	  1.68959243e-01	
-3.43967688e-01	 -1.14417144e-01	  9.31895355e-01	 -8.82888592e-01	
 0.00000000e+00	  0.00000000e+00	  0.00000000e+00	  1.00000000e+00	
4	 25	 60	
 8.77367277e-01	  7.00323414e-02	 -4.74453457e-01	  2.52378438e+00	
 1.94814209e-02	  9.83186583e-01	  1.81123504e-01	  1.14826938e-01	
 4.79233254e-01	 -1.68181561e-01	  8.61306357e-01	  1.63851969e-01	
 0.00000000e+00	  0.00000000e+00	  0.00000000e+00	  1.00000000e+00	
4	 26	 60	
 6.26935080e-01	  2.31092936e-01	 -7.43842468e-01	  2.45673434e+00	
-1.40687958e-01	  9.72789606e-01	  1.83612601e-01	 -6.77203633e-02	
 7.66139224e-01	 -1.04632907e-02	  6.42435996e-01	  6.85824351e-01	
 0.00000000e+00	  0.00000000e+00	  0.00000000e+00	  1.00000000e+00	
4	 27	 60	
 7.53982154e-02	  3.65893453e-01	 -9.27453967e-01	  2.01543940e+00	
-2.40397480e-01	  9.09377130e-01	  3.39175755e-01	 -3.43745589e-01	
 9.67635378e-01	  1.97421846e-01	  1.56542732e-01	  1.28317393e+00	
 0.00000000e+00	  0.00000000e+00	  0.00000000e+00	  1.00000000e+00	
4	 37	 60	
 5.19245147e-01	 -6.29542334e-01	  5.77660153e-01	 -3.25567163e-01	
 4.00454357e-01	  7.76454243e-01	  4.86178239e-01	 -5.59201104e-01	
-7.54737269e-01	 -2.11284404e-02	  6.55370421e-01	  6.91393812e-01	
 0.00000000e+00	  0.00000000e+00	  0.00000000e+00	  1.00000000e+00	
4	 38	 60	
 7.68033627e-01	 -5.20105865e-01	  3.73137627e-01	 -4.08151660e-01	
 3.05040875e-01	  8.09783162e-01	  5.00801306e-01	 -3.65622101e-01	
-5.62727577e-01	 -2.70888659e-01	  7.80719998e-01	  1.80038963e-01	
 0.00000000e+00	  0.00000000e+00	  0.00000000e+00	  1.00000000e+00	
4	 39	 60	
 8.05492677e-01	 -3.96311707e-01	  4.40127273e-01	 -2.56936090e-01	
 2.04254998e-01	  8.83297960e-01	  4.21497996e-01	 -2.10803966e-01	
-5.55908009e-01	 -2.49688201e-01	  7.92572459e-01	 -1.54711293e-01	
 0.00000000e+00	  0.00000000e+00	  0.00000000e+00	  1.00000000e+00	
4	 41	 60	
 8.82403171e-01	 -9.68081369e-02	 -4.60481507e-01	 -2.12736866e-01	
-6.18463290e-02	  9.46273601e-01	 -3.17457711e-01	  3.15867799e-01	
 4.66472124e-01	  3.08603452e-01	  8.28988451e-01	 -5.60512431e-01	
 0.00000000e+00	  0.00000000e+00	  0.00000000e+00	  1.00000000e+00	
5	 6	 60	
 9.97475893e-01	  7.04967487e-02	  7.91444633e-03	  3.53962903e-01	
-7.07988050e-02	  9.96300876e-01	  4.86040609e-02	  1.37434335e-01	
-4.45891195e-03	 -4.90431455e-02	  9.98781798e-01	  2.58352367e-02	
 0.00000000e+00	  0.00000000e+00	  0.00000000e+00	  1.00000000e+00	
5	 7	 60	
 9.93505993e-01	  8.82900570e-02	 -7.16200082e-02	  8.19170074e-01	
-8.22731636e-02	  9.93135364e-01	  8.30009225e-02	  1.75616355e-01	
 7.84589672e-02	 -7.65725913e-02	  9.93959301e-01	 -8.92560275e-02	
 0.00000000e+00	  0.00000000e+00	  0.00000000e+00	  1.00000000e+00	
5	 8	 60	
 9.86710724e-01	  1.42391396e-01	  7.80510825e-02	  1.15805196e+00	
-1.55372687e-01	  9.67589333e-01	  1.98982175e-01	  1.32545818e-01	
-4.71902291e-02	 -2.08473921e-01	  9.76870664e-01	 -8.48381975e-02	
 0.00000000e+00	  0.00000000e+00	  0.00000000e+00	  1.00000000e+00	
5	 9	 60	
 9.65032481e-01	  2.60442985e-01	  2.88557426e-02	  1.13419692e+00	
-2.61715035e-01	  9.63430415e-01	  5.70901417e-02	 -1.60529400e-01	
-1.29335898e-02	 -6.26473886e-02	  9.97926776e-01	 -2.76845060e-02	
 0.00000000e+00	  0.00000000e+00	  0.00000000e+00	  1.00000000e+00	
5	 10	 60	
 9.45463101e-01	  2.03461789e-01	 -2.54248501e-01	  6.16880844e-01	
-1.84144565e-01	  9.77983814e-01	  9.78518262e-02	 -1.01074930e-01	
 2.68572572e-01	 -4.56994241e-02	  9.62139006e-01	  1.62026512e-02	
 0.00000000e+00	  0.00000000e+00	  0.00000000e+00	  1.00000000e+00	
5	 11	 60	
 9.82332909e-01	  1.71934511e-02	 -1.86150486e-01	  3.28462905e-01	
 4.26801433e-03	  9.93400749e-01	  1.14278703e-01	 -6.71988484e-02	
 1.86896288e-01	 -1.13063457e-01	  9.75808626e-01	  1.41199565e-01	
 0.00000000e+00	  0.00000000e+00	  0.00000000e+00	  1.00000000e+00	
5	 12	 60	
 9.51016677e-01	  7.73497983e-02	 -2.99157041e-01	 -4.23519033e-02	
-3.45092142e-02	  9.88648565e-01	  1.45916312e-01	 -7.81106688e-02	
 3.07066819e-01	 -1.28456433e-01	  9.42926037e-01	  3.52817791e-01	
 0.00000000e+00	  0.00000000e+00	  0.00000000e+00	  1.00000000e+00	
5	 15	 60	
 9.82037037e-01	 -1.79525707e-01	  5.68885853e-02	 -4.29615239e-01	
 1.53203670e-01	  9.37254124e-01	  3.12952491e-01	 -2.56983891e-01	
-1.09512712e-01	 -2.98648197e-01	  9.47985574e-01	  6.96269769e-01	
 0.00000000e+00	  0.00000000e+00	  0.00000000e+00	  1.00000000e+00	
5	 16	 60	
 8.23303774e-01	 -3.48792609e-01	  4.47612923e-01	 -3.61890115e-01	
 2.23830760e-01	  9.24398860e-01	  3.08594716e-01	 -2.44720609e-01	
-5.21460196e-01	 -1.53895347e-01	  8.39198860e-01	  6.66004356e-01	
 0.00000000e+00	  0.00000000e+00	  0.00000000e+00	  1.00000000e+00	
5	 17	 60	
 5.94942940e-01	 -3.19713681e-01	  7.37319697e-01	 -3.17115679e-01	
 2.37262520e-01	  9.46374710e-01	  2.18900676e-01	 -2.56325851e-01	
-7.67846684e-01	  4.47112736e-02	  6.38957271e-01	  5.60709238e-01	
 0.00000000e+00	  0.00000000e+00	  0.00000000e+00	  1.00000000e+00	
5	 18	 60	
 8.07379307e-01	 -2.24721590e-01	  5.45383290e-01	 -2.58185683e-01	
 1.86829261e-01	  9.74334102e-01	  1.24873807e-01	 -1.71612961e-01	
-5.59511735e-01	  1.07458266e-03	  8.28720725e-01	  3.06185942e-01	
 0.00000000e+00	  0.00000000e+00	  0.00000000e+00	  1.00000000e+00	
5	 19	 60	
 9.56224325e-01	 -1.72039046e-01	  2.36308154e-01	  1.95975818e-02	
 1.59559482e-01	  9.84532116e-01	  7.10853934e-02	  1.93923154e-02	
-2.44913904e-01	 -3.02720605e-02	  9.68972864e-01	 -4.46575167e-02	
 0.00000000e+00	  0.00000000e+00	  0.00000000e+00	  1.00000000e+00	
5	 20	 60	
 9.58443679e-01	 -7.80902717e-02	  2.74152305e-01	  2.86434127e-01	
 2.92871078e-02	  9.83581568e-01	  1.77772683e-01	 -1.11018184e-01	
-2.83539686e-01	 -1.62377005e-01	  9.45030313e-01	 -7.00365271e-01	
 0.00000000e+00	  0.00000000e+00	  0.00000000e+00	  1.00000000e+00	
5	 21	 60	
 8.46188659e-01	 -1.96609026e-01	  4.95143859e-01	  3.32298209e-01	
 8.33755252e-02	  9.66780370e-01	  2.41379136e-01	 -1.18502053e-01	
-5.26183989e-01	 -1.62992109e-01	  8.34504778e-01	 -5.74204684e-01	
 0.00000000e+00	  0.00000000e+00	  0.00000000e+00	  1.00000000e+00	
5	 25	 60	
 8.38113862e-01	  2.19426825e-01	 -4.99210120e-01	  2.20310924e+00	
-8.20697298e-02	  9.55739507e-01	  2.82259625e-01	 -3.99971671e-01	
 5.39126061e-01	 -1.95624824e-01	  8.19076260e-01	  4.87567531e-01	
 0.00000000e+00	  0.00000000e+00	  0.00000000e+00	  1.00000000e+00	
5	 26	 60	
 5.49329881e-01	  3.66749934e-01	 -7.50665178e-01	  2.07695113e+00	
-1.93357442e-01	  9.29853295e-01	  3.12749704e-01	 -5.48770949e-01	
 8.12815325e-01	 -2.66575087e-02	  5.81752128e-01	  1.00931432e+00	
 0.00000000e+00	  0.00000000e+00	  0.00000000e+00	  1.00000000e+00	
5	 36	 60	
 4.43091465e-01	 -5.42876034e-01	  7.13157166e-01	 -4.46694437e-01	
 4.06169994e-01	  8.30807440e-01	  3.80036580e-01	 -7.71374473e-01	
-7.98954231e-01	  1.21301209e-01	  5.88703215e-01	  1.29796245e+00	
 0.00000000e+00	  0.00000000e+00	  0.00000000e+00	  1.00000000e+00	
5	 37	 60	
 6.18881792e-01	 -5.10472704e-01	  5.96686823e-01	 -7.41297825e-01	
 2.91489771e-01	  8.54807573e-01	  4.28915610e-01	 -6.47940790e-01	
-7.29132841e-01	 -9.15467160e-02	  6.77921347e-01	  8.34668940e-01	
 0.00000000e+00	  0.00000000e+00	  0.00000000e+00	  1.00000000e+00	
5	 38	 60	
 8.38578286e-01	 -3.81351780e-01	  3.88556100e-01	 -7.62074020e-01	
 1.70771763e-01	  8.61808437e-01	  4.77218004e-01	 -4.66965389e-01	
-5.16933033e-01	 -3.33923779e-01	  7.87942831e-01	  3.12562091e-01	
 0.00000000e+00	  0.00000000e+00	  0.00000000e+00	  1.00000000e+00	
5	 39	 60	
 8.60857080e-01	 -2.50042032e-01	  4.42718856e-01	 -5.68928113e-01	
 6.61443551e-02	  9.18242005e-01	  3.89955449e-01	 -3.49238059e-01	
-5.04113470e-01	 -3.06499184e-01	  8.07148035e-01	 -1.56584552e-02	
 0.00000000e+00	  0.00000000e+00	  0.00000000e+00	  1.00000000e+00	
6	 7	 60	
 9.96482753e-01	  1.80954307e-02	 -8.17482476e-02	  4.61847205e-01	
-1.57783829e-02	  9.99450650e-01	  2.88995317e-02	  7.64811454e-02	
 8.22285455e-02	 -2.75092135e-02	  9.96225721e-01	 -1.09414341e-01	
 0.00000000e+00	  0.00000000e+00	  0.00000000e+00	  1.00000000e+00	
6	 8	 60	
 9.95440267e-01	  7.44575044e-02	  5.94111853e-02	  8.02906610e-01	
-8.29251085e-02	  9.84281607e-01	  1.55842279e-01	  5.72429642e-02	
-4.68756608e-02	 -1.60064647e-01	  9.85979691e-01	 -1.04413166e-01	
 0.00000000e+00	  0.00000000e+00	  0.00000000e+00	  1.00000000e+00	
6	 9	 60	
 9.81192837e-01	  1.91856471e-01	  2.02916330e-02	  7.99606461e-01	
-1.92083381e-01	  9.81308613e-01	  9.97299918e-03	 -2.39235608e-01	
-1.80008392e-02	 -1.36821240e-02	  9.99724228e-01	 -6.17624738e-02	
 0.00000000e+00	  0.00000000e+00	  0.00000000e+00	  1.00000000e+00	
6	 10	 60	
 9.54925494e-01	  1.33912616e-01	 -2.64827053e-01	  2.79186202e-01	
-1.29984433e-01	  9.90960152e-01	  3.23814522e-02	 -2.18621987e-01	
 2.66780648e-01	  3.50174917e-03	  9.63720259e-01	 -1.91329365e-02	
 0.00000000e+00	  0.00000000e+00	  0.00000000e+00	  1.00000000e+00	
6	 11	 60	
 9.78727146e-01	 -5.26784735e-02	 -1.98124256e-01	 -1.14622228e-02	
 6.43378037e-02	  9.96492570e-01	  5.28780265e-02	 -2.11333601e-01	
 1.94652800e-01	 -6.45057966e-02	  9.78710779e-01	  1.05076759e-01	
 0.00000000e+00	  0.00000000e+00	  0.00000000e+00	  1.00000000e+00	
6	 12	 60	
 9.49699277e-01	  7.73168878e-03	 -3.12939962e-01	 -3.81515558e-01	
 1.76024945e-02	  9.96753661e-01	  7.80449427e-02	 -2.58724711e-01	
 3.12545469e-01	 -7.96350352e-02	  9.46511276e-01	  3.12974002e-01	
 0.00000000e+00	  0.00000000e+00	  0.00000000e+00	  1.00000000e+00	
6	 15	 60	
 9.69208998e-01	 -2.44100276e-01	  3.03615948e-02	 -7.56672203e-01	
 2.27239716e-01	  9.35786541e-01	  2.69316804e-01	 -4.81082543e-01	
-9.41612516e-02	 -2.54152312e-01	  9.62501618e-01	  6.44251625e-01	
 0.00000000e+00	  0.00000000e+00	  0.00000000e+00	  1.00000000e+00	
6	 16	 60	
 8.07711290e-01	 -4.12676797e-01	  4.20896975e-01	 -6.89850680e-01	
 3.06618933e-01	  9.03946892e-01	  2.97855110e-01	 -4.62605808e-01	
-5.03434410e-01	 -1.11538915e-01	  8.56727020e-01	  6.15154874e-01	
 0.00000000e+00	  0.00000000e+00	  0.00000000e+00	  1.00000000e+00	
6	 17	 60	
 5.80072331e-01	 -3.86112433e-01	  7.17118409e-01	 -6.43897695e-01	
 3.15985805e-01	  9.18151485e-01	  2.38735747e-01	 -4.65847848e-01	
-7.50677732e-01	  8.81260244e-02	  6.54660699e-01	  5.09777286e-01	
 0.00000000e+00	  0.00000000e+00	  0.00000000e+00	  1.00000000e+00	
6	 18	 60	
 7.94616241e-01	 -2.93144176e-01	  5.31475649e-01	 -5.89978695e-01	
 2.70497466e-01	  9.54844413e-01	  1.22218419e-01	 -3.64810689e-01	
-5.43364492e-01	  4.66528847e-02	  8.38105485e-01	  2.60145488e-01	
 0.00000000e+00	  0.00000000e+00	  0.00000000e+00	  1.00000000e+00	
6	 19	 60	
 9.43614932e-01	 -2.41176362e-01	  2.26360604e-01	 -3.24852806e-01	
 2.38392765e-01	  9.70256071e-01	  3.99613282e-02	 -1.37721070e-01	
-2.29294204e-01	  1.62567690e-02	  9.73127481e-01	 -7.87915019e-02	
 0.00000000e+00	  0.00000000e+00	  0.00000000e+00	  1.00000000e+00	
6	 20	 60	
 9.55224219e-01	 -1.46807510e-01	  2.56662879e-01	 -4.65305266e-02	
 1.10651793e-01	  9.82410870e-01	  1.50097087e-01	 -2.16681783e-01	
-2.74187729e-01	 -1.14991170e-01	  9.54699000e-01	 -7.37933692e-01	
 0.00000000e+00	  0.00000000e+00	  0.00000000e+00	  1.00000000e+00	
6	 21	 60	
 8.40503927e-01	 -2.63835959e-01	  4.73088182e-01	 -8.14445173e-04	
 1.68526888e-01	  9.57346626e-01	  2.34468513e-01	 -2.27091988e-01	
-5.14798296e-01	 -1.17360209e-01	  8.49147743e-01	 -6.11926307e-01	
 0.00000000e+00	  0.00000000e+00	  0.00000000e+00	  1.00000000e+00	
6	 24	 60	
 9.99084292e-01	 -3.47043951e-02	  2.14601759e-02	  1.55936080e+00	
 3.16106046e-02	  9.90836511e-01	  1.30817374e-01	 -2.99018556e-01	
-2.57848202e-02	 -1.30038263e-01	  9.91074960e-01	 -9.21137555e-02	
 0.00000000e+00	  0.00000000e+00	  0.00000000e+00	  1.00000000e+00	
6	 25	 60	
 8.39412955e-01	  1.52080891e-01	 -5.21590863e-01	  1.88048592e+00	
-4.91225868e-02	  9.77276106e-01	  2.05855995e-01	 -4.27708701e-01	
 5.41118996e-01	 -1.47197330e-01	  8.27854852e-01	  4.49688848e-01	
 0.00000000e+00	  0.00000000e+00	  0.00000000e+00	  1.00000000e+00	
6	 26	 60	
 5.58014021e-01	  3.00112882e-01	 -7.73514108e-01	  1.76285368e+00	
-1.93780448e-01	  9.53584651e-01	  2.30145739e-01	 -6.10440459e-01	
 8.06782681e-01	  2.14736182e-02	  5.90309284e-01	  9.62574184e-01	
 0.00000000e+00	  0.00000000e+00	  0.00000000e+00	  1.00000000e+00	
6	 35	 60	
-2.18103901e-01	 -6.41257135e-01	  7.35434370e-01	 -7.18895370e-01	
 6.01605837e-01	  5.04943625e-01	  6.18660814e-01	 -1.02862823e+00	
-7.68218090e-01	  5.77512075e-01	  2.75683691e-01	  1.39762174e+00	
 0.00000000e+00	  0.00000000e+00	  0.00000000e+00	  1.00000000e+00	
6	 36	 60	
 4.16782761e-01	 -6.00872936e-01	  6.81832284e-01	 -7.39972408e-01	
 4.75090630e-01	  7.83522202e-01	  4.00038336e-01	 -1.02428777e+00	
-7.74739684e-01	  1.57239913e-01	  6.12108255e-01	  1.22007975e+00	
 0.00000000e+00	  0.00000000e+00	  0.00000000e+00	  1.00000000e+00	
6	 37	 60	
 5.99939075e-01	 -5.69301253e-01	  5.61796382e-01	 -1.04050834e+00	
 3.69801977e-01	  8.20156696e-01	  4.36150759e-01	 -8.99357073e-01	
-7.09185444e-01	 -5.39278109e-02	  7.02672550e-01	  7.61013937e-01	
 0.00000000e+00	  0.00000000e+00	  0.00000000e+00	  1.00000000e+00	
6	 38	 60	
 8.26683785e-01	 -4.39919976e-01	  3.50278665e-01	 -1.07171738e+00	
 2.54610480e-01	  8.48121109e-01	  4.64206658e-01	 -6.94908655e-01	
-5.01370794e-01	 -2.94649759e-01	  8.13261564e-01	  2.48169976e-01	
 0.00000000e+00	  0.00000000e+00	  0.00000000e+00	  1.00000000e+00	
6	 39	 60	
 8.56257021e-01	 -3.13058210e-01	  4.10397780e-01	 -8.85928802e-01	
 1.51310979e-01	  9.12258420e-01	  3.80142495e-01	 -5.47902772e-01	
-4.93475882e-01	 -2.63476027e-01	  8.28630786e-01	 -7.24030473e-02	
 0.00000000e+00	  0.00000000e+00	  0.00000000e+00	  1.00000000e+00	
6	 53	 60	
 7.43906010e-01	 -2.54241994e-01	  6.17927511e-01	 -8.72996695e-01	
 2.11273498e-01	  9.66781422e-01	  1.43430720e-01	 -7.98496841e-01	
-6.33925159e-01	  2.38568178e-02	  7.72976976e-01	  1.55719368e+00	
 0.00000000e+00	  0.00000000e+00	  0.00000000e+00	  1.00000000e+00	
6	 54	 60	
 4.11034718e-01	 -3.48734721e-01	  8.42191594e-01	 -7.63774184e-01	
 2.85051111e-01	  9.26699665e-01	  2.44605298e-01	 -7.73526696e-01	
-8.65841577e-01	  1.39538853e-01	  4.80371583e-01	  1.45111925e+00	
 0.00000000e+00	  0.00000000e+00	  0.00000000e+00	  1.00000000e+00	
6	 59	 60	
 4.13618928e-01	 -5.21372842e-01	  7.46234048e-01	 -1.02397501e+00	
 2.86035906e-01	  8.52580493e-01	  4.37132261e-01	 -4.32427898e-01	
-8.64244397e-01	  3.26474716e-02	  5.01849596e-01	  9.30413086e-01	
 0.00000000e+00	  0.00000000e+00	  0.00000000e+00	  1.00000000e+00	
7	 8	 60	
 9.89404668e-01	  4.55040700e-02	  1.37819099e-01	  3.40578598e-01	
-6.35781804e-02	  9.89505394e-01	  1.29711032e-01	 -1.31937941e-02	
-1.30474400e-01	 -1.37103331e-01	  9.81921321e-01	 -2.34555863e-02	
 0.00000000e+00	  0.00000000e+00	  0.00000000e+00	  1.00000000e+00	
7	 9	 60	
 9.79303871e-01	  1.74575146e-01	  1.02268486e-01	  3.45475127e-01	
-1.73730160e-01	  9.84631614e-01	 -1.71661726e-02	 -3.10746690e-01	
-1.03698138e-01	 -9.54344987e-04	  9.94596496e-01	  1.07360738e-02	
 0.00000000e+00	  0.00000000e+00	  0.00000000e+00	  1.00000000e+00	
7	 10	 60	
 9.75565791e-01	  1.18095122e-01	 -1.85164816e-01	 -1.69940692e-01	
-1.19973709e-01	  9.92756756e-01	  1.06132035e-03	 -3.00734085e-01	
 1.83955208e-01	  2.11808590e-02	  9.82684214e-01	  9.63460592e-02	
 0.00000000e+00	  0.00000000e+00	  0.00000000e+00	  1.00000000e+00	
7	 11	 60	
 9.90286936e-01	 -7.35212853e-02	 -1.17786615e-01	 -4.49471721e-01	
 7.66593809e-02	  9.96780532e-01	  2.23415836e-02	 -3.02125888e-01	
 1.15768729e-01	 -3.11571958e-02	  9.92757746e-01	  2.44060413e-01	
 0.00000000e+00	  0.00000000e+00	  0.00000000e+00	  1.00000000e+00	
7	 15	 60	
 9.54483175e-01	 -2.78908451e-01	  1.05150314e-01	 -1.14347779e+00	
 2.47246756e-01	  9.37860013e-01	  2.43245014e-01	 -6.00047436e-01	
-1.66473770e-01	 -2.06196528e-01	  9.64185846e-01	  8.34334661e-01	
 0.00000000e+00	  0.00000000e+00	  0.00000000e+00	  1.00000000e+00	
7	 16	 60	
 7.58645385e-01	 -4.34664818e-01	  4.85168727e-01	 -1.07957462e+00	
