0	 1	 60	
 5.00000000e+03	  0.00000000e+00	  0.00000000e+00	  0.00000000e+00	  1.32937168e+04	 -2.98717255e+02	
 0.00000000e+00	  5.00000000e+03	  0.00000000e+00	 -1.32937168e+04	  0.00000000e+00	  2.45179370e+03	
 0.00000000e+00	  0.00000000e+00	  5.00000000e+03	  2.98717255e+02	 -2.45179370e+03	  0.00000000e+00	
 0.00000000e+00	 -1.32937168e+04	  2.98717255e+02	  3.73795742e+04	  2.94881229e+01	 -6.78982080e+03	
 1.32937168e+04	  0.00000000e+00	 -2.45179370e+03	  2.94881229e+01	  3.91170742e+04	 -5.24549072e+02	
-2.98717255e+02	  2.45179370e+03	  0.00000000e+00	 -6.78982080e+03	 -5.24549072e+02	  3.59088428e+03	
0	 2	 60	
 5.00000000e+03	  0.00000000e+00	  0.00000000e+00	  0.00000000e+00	  1.26041055e+04	 -2.59821991e+02	
 0.00000000e+00	  5.00000000e+03	  0.00000000e+00	 -1.26041055e+04	  0.00000000e+00	  2.43310132e+03	
 0.00000000e+00	  0.00000000e+00	  5.00000000e+03	  2.59821991e+02	 -2.43310132e+03	  0.00000000e+00	
 0.00000000e+00	 -1.26041055e+04	  2.59821991e+02	  3.38064414e+04	 -9.51521492e+00	 -6.40143262e+03	
 1.26041055e+04	  0.00000000e+00	 -2.43310132e+03	 -9.51521492e+00	  3.51078984e+04	 -2.75765503e+02	
-2.59821991e+02	  2.43310132e+03	  0.00000000e+00	 -6.40143262e+03	 -2.75765503e+02	  3.26882910e+03	
1	 2	 60	
 5.00000000e+03	  0.00000000e+00	  0.00000000e+00	  0.00000000e+00	  1.12622920e+04	 -6.90518555e+02	
 0.00000000e+00	  5.00000000e+03	  0.00000000e+00	 -1.12622920e+04	  0.00000000e+00	  2.58075317e+03	
 0.00000000e+00	  0.00000000e+00	  5.00000000e+03	  6.90518555e+02	 -2.58075317e+03	  0.00000000e+00	
 0.00000000e+00	 -1.12622920e+04	  6.90518555e+02	  2.80900625e+04	  1.67517090e+02	 -5.82601074e+03	
 1.12622920e+04	  0.00000000e+00	 -2.58075317e+03	  1.67517090e+02	  3.01808027e+04	 -1.03337683e+03	
-6.90518555e+02	  2.58075317e+03	  0.00000000e+00	 -5.82601074e+03	 -1.03337683e+03	  4.37868457e+03	
1	 34	 60	
 5.00000000e+03	  0.00000000e+00	  0.00000000e+00	  0.00000000e+00	  1.13711377e+04	  1.66523849e+02	
 0.00000000e+00	  5.00000000e+03	  0.00000000e+00	 -1.13711377e+04	  0.00000000e+00	  2.35479395e+03	
 0.00000000e+00	  0.00000000e+00	  5.00000000e+03	 -1.66523849e+02	 -2.35479395e+03	  0.00000000e+00	
 0.00000000e+00	 -1.13711377e+04	 -1.66523849e+02	  2.73759570e+04	  7.55053711e+02	 -5.18423730e+03	
 1.13711377e+04	  0.00000000e+00	 -2.35479395e+03	  7.55053711e+02	  3.02159941e+04	  6.10843079e+02	
 1.66523849e+02	  2.35479395e+03	  0.00000000e+00	 -5.18423730e+03	  6.10843079e+02	  4.27475293e+03	
1	 37	 60	
 5.00000000e+03	  0.00000000e+00	  0.00000000e+00	  0.00000000e+00	  1.15166006e+04	 -6.27145264e+02	
 0.00000000e+00	  5.00000000e+03	  0.00000000e+00	 -1.15166006e+04	  0.00000000e+00	  1.17426184e+03	
 0.00000000e+00	  0.00000000e+00	  5.00000000e+03	  6.27145264e+02	 -1.17426184e+03	  0.00000000e+00	
 0.00000000e+00	 -1.15166006e+04	  6.27145264e+02	  2.84456250e+04	 -3.08272369e+02	 -2.21827637e+03	
 1.15166006e+04	  0.00000000e+00	 -1.17426184e+03	 -3.08272369e+02	  3.05168027e+04	 -9.96774353e+02	
-6.27145264e+02	  1.17426184e+03	  0.00000000e+00	 -2.21827637e+03	 -9.96774353e+02	  2.74849243e+03	
1	 38	 60	
 5.00000000e+03	  0.00000000e+00	  0.00000000e+00	  0.00000000e+00	  1.07583408e+04	 -3.03740845e+02	
 0.00000000e+00	  5.00000000e+03	  0.00000000e+00	 -1.07583408e+04	  0.00000000e+00	  1.51316284e+03	
 0.00000000e+00	  0.00000000e+00	  5.00000000e+03	  3.03740845e+02	 -1.51316284e+03	  0.00000000e+00	
 0.00000000e+00	 -1.07583408e+04	  3.03740845e+02	  2.46164316e+04	  3.19526703e+02	 -3.49757812e+03	
 1.07583408e+04	  0.00000000e+00	 -1.51316284e+03	  3.19526703e+02	  2.69283145e+04	 -3.15557495e+02	
-3.03740845e+02	  1.51316284e+03	  0.00000000e+00	 -3.49757812e+03	 -3.15557495e+02	  3.24224048e+03	
1	 50	 60	
 5.00000000e+03	  0.00000000e+00	  0.00000000e+00	  0.00000000e+00	  1.46898516e+04	  1.17998486e+03	
 0.00000000e+00	  5.00000000e+03	  0.00000000e+00	 -1.46898516e+04	  0.00000000e+00	  3.74636938e+03	
 0.00000000e+00	  0.00000000e+00	  5.00000000e+03	 -1.17998486e+03	 -3.74636938e+03	  0.00000000e+00	
 0.00000000e+00	 -1.46898516e+04	 -1.17998486e+03	  4.47293281e+04	  1.42644092e+03	 -1.08087656e+04	
 1.46898516e+04	  0.00000000e+00	 -3.74636938e+03	  1.42644092e+03	  4.72772422e+04	  3.29027051e+03	
 1.17998486e+03	  3.74636938e+03	  0.00000000e+00	 -1.08087656e+04	  3.29027051e+03	  4.89440967e+03	
2	 34	 60	
 5.00000000e+03	  0.00000000e+00	  0.00000000e+00	  0.00000000e+00	  1.21353486e+04	  1.77644104e+03	
 0.00000000e+00	  5.00000000e+03	  0.00000000e+00	 -1.21353486e+04	  0.00000000e+00	 -5.03671112e+02	
 0.00000000e+00	  0.00000000e+00	  5.00000000e+03	 -1.77644104e+03	  5.03671112e+02	  0.00000000e+00	
 0.00000000e+00	 -1.21353486e+04	 -1.77644104e+03	  3.15800879e+04	  5.14007629e+02	  1.19551953e+03	
 1.21353486e+04	  0.00000000e+00	  5.03671112e+02	  5.14007629e+02	  3.22814043e+04	  4.62985352e+03	
 1.77644104e+03	 -5.03671112e+02	  0.00000000e+00	  1.19551953e+03	  4.62985352e+03	  3.68506689e+03	
2	 36	 60	
 5.00000000e+03	  0.00000000e+00	  0.00000000e+00	  0.00000000e+00	  1.19598789e+04	  9.33117798e+02	
 0.00000000e+00	  5.00000000e+03	  0.00000000e+00	 -1.19598789e+04	  0.00000000e+00	 -2.35073315e+03	
 0.00000000e+00	  0.00000000e+00	  5.00000000e+03	 -9.33117798e+02	  2.35073315e+03	  0.00000000e+00	
 0.00000000e+00	 -1.19598789e+04	 -9.33117798e+02	  2.99615469e+04	  7.38584518e+00	  5.42717676e+03	
 1.19598789e+04	  0.00000000e+00	  2.35073315e+03	  7.38584518e+00	  3.24748125e+04	  2.57486572e+03	
 9.33117798e+02	 -2.35073315e+03	  0.00000000e+00	  5.42717676e+03	  2.57486572e+03	  3.74456323e+03	
2	 37	 60	
 5.00000000e+03	  0.00000000e+00	  0.00000000e+00	  0.00000000e+00	  1.18165430e+04	  7.94717102e+02	
 0.00000000e+00	  5.00000000e+03	  0.00000000e+00	 -1.18165430e+04	  0.00000000e+00	 -1.53043213e+03	
 0.00000000e+00	  0.00000000e+00	  5.00000000e+03	 -7.94717102e+02	  1.53043213e+03	  0.00000000e+00	
 0.00000000e+00	 -1.18165430e+04	 -7.94717102e+02	  2.95061602e+04	 -3.33456848e+02	  3.93887671e+03	
 1.18165430e+04	  0.00000000e+00	  1.53043213e+03	 -3.33456848e+02	  3.17428750e+04	  2.37681592e+03	
 7.94717102e+02	 -1.53043213e+03	  0.00000000e+00	  3.93887671e+03	  2.37681592e+03	  3.28691992e+03	
2	 38	 60	
 5.00000000e+03	  0.00000000e+00	  0.00000000e+00	  0.00000000e+00	  1.13532090e+04	  1.02559265e+03	
 0.00000000e+00	  5.00000000e+03	  0.00000000e+00	 -1.13532090e+04	  0.00000000e+00	 -1.55244080e+03	
 0.00000000e+00	  0.00000000e+00	  5.00000000e+03	 -1.02559265e+03	  1.55244080e+03	  0.00000000e+00	
 0.00000000e+00	 -1.13532090e+04	 -1.02559265e+03	  2.76340781e+04	  1.47913452e+02	  3.10597095e+03	
 1.13532090e+04	  0.00000000e+00	  1.55244080e+03	  1.47913452e+02	  2.93589160e+04	  2.91576636e+03	
 1.02559265e+03	 -1.55244080e+03	  0.00000000e+00	  3.10597095e+03	  2.91576636e+03	  3.35338574e+03	
3	 4	 60	
 5.00000000e+03	  0.00000000e+00	  0.00000000e+00	  0.00000000e+00	  1.23917754e+04	 -3.18744092e+03	
 0.00000000e+00	  5.00000000e+03	  0.00000000e+00	 -1.23917754e+04	  0.00000000e+00	 -5.35041992e+03	
 0.00000000e+00	  0.00000000e+00	  5.00000000e+03	  3.18744092e+03	  5.35041992e+03	  0.00000000e+00	
 0.00000000e+00	 -1.23917754e+04	  3.18744092e+03	  3.64150195e+04	  3.29730664e+03	  1.32030449e+04	
 1.23917754e+04	  0.00000000e+00	  5.35041992e+03	  3.29730664e+03	  3.89255312e+04	 -7.57493359e+03	
-3.18744092e+03	 -5.35041992e+03	  0.00000000e+00	  1.32030449e+04	 -7.57493359e+03	  9.16555469e+03	
3	 6	 60	
 4.94800000e+03	  0.00000000e+00	  0.00000000e+00	  0.00000000e+00	  1.33087373e+04	 -3.19395288e+03	
 0.00000000e+00	  4.94800000e+03	  0.00000000e+00	 -1.33087373e+04	  0.00000000e+00	 -5.22402197e+03	
 0.00000000e+00	  0.00000000e+00	  4.94800000e+03	  3.19395288e+03	  5.22402197e+03	  0.00000000e+00	
 0.00000000e+00	 -1.33087373e+04	  3.19395288e+03	  4.19778438e+04	  3.17037915e+03	  1.40499492e+04	
 1.33087373e+04	  0.00000000e+00	  5.22402197e+03	  3.17037915e+03	  4.39641797e+04	 -8.26262012e+03	
-3.19395288e+03	 -5.22402197e+03	  0.00000000e+00	  1.40499492e+04	 -8.26262012e+03	  9.76490332e+03	
3	 31	 60	
 5.00000000e+03	  0.00000000e+00	  0.00000000e+00	  0.00000000e+00	  1.30115547e+04	 -3.49127612e+03	
 0.00000000e+00	  5.00000000e+03	  0.00000000e+00	 -1.30115547e+04	  0.00000000e+00	 -8.15467468e+02	
 0.00000000e+00	  0.00000000e+00	  5.00000000e+03	  3.49127612e+03	  8.15467468e+02	  0.00000000e+00	
 0.00000000e+00	 -1.30115547e+04	  3.49127612e+03	  3.77052695e+04	  1.36643152e+03	  2.31623193e+03	
 1.30115547e+04	  0.00000000e+00	  8.15467468e+02	  1.36643152e+03	  3.66991484e+04	 -9.27229297e+03	
-3.49127612e+03	 -8.15467468e+02	  0.00000000e+00	  2.31623193e+03	 -9.27229297e+03	  5.09709961e+03	
3	 47	 60	
 4.33600000e+03	  0.00000000e+00	  0.00000000e+00	  0.00000000e+00	  9.86612207e+03	 -2.67789771e+03	
 0.00000000e+00	  4.33600000e+03	  0.00000000e+00	 -9.86612207e+03	  0.00000000e+00	 -1.24960535e+03	
 0.00000000e+00	  0.00000000e+00	  4.33600000e+03	  2.67789771e+03	  1.24960535e+03	  0.00000000e+00	
 0.00000000e+00	 -9.86612207e+03	  2.67789771e+03	  2.56692070e+04	  1.05961658e+03	  3.01842554e+03	
 9.86612207e+03	  0.00000000e+00	  1.24960535e+03	  1.05961658e+03	  2.54237676e+04	 -6.52225195e+03	
-2.67789771e+03	 -1.24960535e+03	  0.00000000e+00	  3.01842554e+03	 -6.52225195e+03	  3.93767725e+03	
4	 6	 60	
 5.00000000e+03	  0.00000000e+00	  0.00000000e+00	  0.00000000e+00	  1.31735098e+04	 -1.45532886e+03	
 0.00000000e+00	  5.00000000e+03	  0.00000000e+00	 -1.31735098e+04	  0.00000000e+00	  1.89637976e+03	
 0.00000000e+00	  0.00000000e+00	  5.00000000e+03	  1.45532886e+03	 -1.89637976e+03	  0.00000000e+00	
 0.00000000e+00	 -1.31735098e+04	  1.45532886e+03	  3.82882109e+04	  3.06803246e+01	 -6.62510010e+03	
 1.31735098e+04	  0.00000000e+00	 -1.89637976e+03	  3.06803246e+01	  4.06834805e+04	 -3.29128296e+03	
-1.45532886e+03	  1.89637976e+03	  0.00000000e+00	 -6.62510010e+03	 -3.29128296e+03	  5.23553613e+03	
4	 7	 60	
 5.00000000e+03	  0.00000000e+00	  0.00000000e+00	  0.00000000e+00	  1.40714424e+04	 -1.75517493e+03	
 0.00000000e+00	  5.00000000e+03	  0.00000000e+00	 -1.40714424e+04	  0.00000000e+00	  3.99795117e+03	
 0.00000000e+00	  0.00000000e+00	  5.00000000e+03	  1.75517493e+03	 -3.99795117e+03	  0.00000000e+00	
 0.00000000e+00	 -1.40714424e+04	  1.75517493e+03	  4.24751211e+04	 -1.40538904e+03	 -1.23039404e+04	
 1.40714424e+04	  0.00000000e+00	 -3.99795117e+03	 -1.40538904e+03	  4.56076367e+04	 -4.77311621e+03	
-1.75517493e+03	  3.99795117e+03	  0.00000000e+00	 -1.23039404e+04	 -4.77311621e+03	  5.71761035e+03	
6	 7	 60	
 5.00000000e+03	  0.00000000e+00	  0.00000000e+00	  0.00000000e+00	  1.48996123e+04	 -2.43879175e+03	
 0.00000000e+00	  5.00000000e+03	  0.00000000e+00	 -1.48996123e+04	  0.00000000e+00	  4.54402783e+03	
 0.00000000e+00	  0.00000000e+00	  5.00000000e+03	  2.43879175e+03	 -4.54402783e+03	  0.00000000e+00	
 0.00000000e+00	 -1.48996123e+04	  2.43879175e+03	  4.74253672e+04	 -2.17627051e+03	 -1.42339189e+04	
 1.48996123e+04	  0.00000000e+00	 -4.54402783e+03	 -2.17627051e+03	  5.07803086e+04	 -7.09492627e+03	
-2.43879175e+03	  4.54402783e+03	  0.00000000e+00	 -1.42339189e+04	 -7.09492627e+03	  7.30895459e+03	
8	 9	 60	
 5.00000000e+03	  0.00000000e+00	  0.00000000e+00	  0.00000000e+00	  1.23702314e+04	 -2.58815405e+03	
 0.00000000e+00	  5.00000000e+03	  0.00000000e+00	 -1.23702314e+04	  0.00000000e+00	 -2.81078418e+03	
 0.00000000e+00	  0.00000000e+00	  5.00000000e+03	  2.58815405e+03	  2.81078418e+03	  0.00000000e+00	
 0.00000000e+00	 -1.23702314e+04	  2.58815405e+03	  3.36168789e+04	  1.93335144e+03	  8.18904150e+03	
 1.23702314e+04	  0.00000000e+00	  2.81078418e+03	  1.93335144e+03	  3.54568008e+04	 -6.65069189e+03	
-2.58815405e+03	 -2.81078418e+03	  0.00000000e+00	  8.18904150e+03	 -6.65069189e+03	  5.28463330e+03	
8	 10	 60	
 4.43200000e+03	  0.00000000e+00	  0.00000000e+00	  0.00000000e+00	  1.08708740e+04	 -2.34586792e+03	
 0.00000000e+00	  4.43200000e+03	  0.00000000e+00	 -1.08708740e+04	  0.00000000e+00	 -3.81233594e+03	
 0.00000000e+00	  0.00000000e+00	  4.43200000e+03	  2.34586792e+03	  3.81233594e+03	  0.00000000e+00	
 0.00000000e+00	 -1.08708740e+04	  2.34586792e+03	  2.96286992e+04	  2.13853564e+03	  1.02511221e+04	
 1.08708740e+04	  0.00000000e+00	  3.81233594e+03	  2.13853564e+03	  3.23429922e+04	 -5.56909766e+03	
-2.34586792e+03	 -3.81233594e+03	  0.00000000e+00	  1.02511221e+04	 -5.56909766e+03	  6.60578027e+03	
8	 24	 60	
 4.60800000e+03	  0.00000000e+00	  0.00000000e+00	  0.00000000e+00	  9.37341211e+03	 -3.04151520e+02	
 0.00000000e+00	  4.60800000e+03	  0.00000000e+00	 -9.37341211e+03	  0.00000000e+00	  5.21741516e+02	
 0.00000000e+00	  0.00000000e+00	  4.60800000e+03	  3.04151520e+02	 -5.21741516e+02	  0.00000000e+00	
 0.00000000e+00	 -9.37341211e+03	  3.04151520e+02	  2.03320137e+04	  3.92851471e+02	 -1.02437012e+03	
 9.37341211e+03	  0.00000000e+00	 -5.21741516e+02	  3.92851471e+02	  1.98779141e+04	 -7.62283264e+02	
-3.04151520e+02	  5.21741516e+02	  0.00000000e+00	 -1.02437012e+03	 -7.62283264e+02	  1.32526001e+03	
8	 26	 60	
 4.97400000e+03	  0.00000000e+00	  0.00000000e+00	  0.00000000e+00	  1.15289121e+04	 -1.50761816e+03	
 0.00000000e+00	  4.97400000e+03	  0.00000000e+00	 -1.15289121e+04	  0.00000000e+00	 -1.81527435e+02	
 0.00000000e+00	  0.00000000e+00	  4.97400000e+03	  1.50761816e+03	  1.81527435e+02	  0.00000000e+00	
 0.00000000e+00	 -1.15289121e+04	  1.50761816e+03	  2.86924355e+04	  6.30991638e+02	  9.07429871e+02	
 1.15289121e+04	  0.00000000e+00	  1.81527435e+02	  6.30991638e+02	  2.79170488e+04	 -3.96293579e+03	
-1.50761816e+03	 -1.81527435e+02	  0.00000000e+00	  9.07429871e+02	 -3.96293579e+03	  1.92065662e+03	
8	 28	 60	
 5.00000000e+03	  0.00000000e+00	  0.00000000e+00	  0.00000000e+00	  1.19940498e+04	 -2.50098145e+03	
 0.00000000e+00	  5.00000000e+03	  0.00000000e+00	 -1.19940498e+04	  0.00000000e+00	 -9.59700867e+02	
 0.00000000e+00	  0.00000000e+00	  5.00000000e+03	  2.50098145e+03	  9.59700867e+02	  0.00000000e+00	
 0.00000000e+00	 -1.19940498e+04	  2.50098145e+03	  3.11264062e+04	  8.85184875e+02	  2.72797949e+03	
 1.19940498e+04	  0.00000000e+00	  9.59700867e+02	  8.85184875e+02	  3.02011191e+04	 -6.23297314e+03	
-2.50098145e+03	 -9.59700867e+02	  0.00000000e+00	  2.72797949e+03	 -6.23297314e+03	  2.74395361e+03	
8	 29	 60	
 5.00000000e+03	  0.00000000e+00	  0.00000000e+00	  0.00000000e+00	  1.14521387e+04	 -1.56392957e+03	
 0.00000000e+00	  5.00000000e+03	  0.00000000e+00	 -1.14521387e+04	  0.00000000e+00	 -6.65929382e+02	
 0.00000000e+00	  0.00000000e+00	  5.00000000e+03	  1.56392957e+03	  6.65929382e+02	  0.00000000e+00	
 0.00000000e+00	 -1.14521387e+04	  1.56392957e+03	  2.84916875e+04	  8.57011841e+02	  2.08584399e+03	
 1.14521387e+04	  0.00000000e+00	  6.65929382e+02	  8.57011841e+02	  2.82023398e+04	 -4.05011108e+03	
-1.56392957e+03	 -6.65929382e+02	  0.00000000e+00	  2.08584399e+03	 -4.05011108e+03	  2.21819336e+03	
9	 10	 60	
 5.00000000e+03	  0.00000000e+00	  0.00000000e+00	  0.00000000e+00	  1.12986250e+04	 -1.34771948e+03	
 0.00000000e+00	  5.00000000e+03	  0.00000000e+00	 -1.12986250e+04	  0.00000000e+00	 -4.38163965e+03	
 0.00000000e+00	  0.00000000e+00	  5.00000000e+03	  1.34771948e+03	  4.38163965e+03	  0.00000000e+00	
 0.00000000e+00	 -1.12986250e+04	  1.34771948e+03	  2.94635566e+04	  1.11853088e+03	  1.04962480e+04	
 1.12986250e+04	  0.00000000e+00	  4.38163965e+03	  1.11853088e+03	  3.23760625e+04	 -2.05213623e+03	
-1.34771948e+03	 -4.38163965e+03	  0.00000000e+00	  1.04962480e+04	 -2.05213623e+03	  6.54617432e+03	
9	 29	 60	
 5.00000000e+03	  0.00000000e+00	  0.00000000e+00	  0.00000000e+00	  7.90589160e+03	 -9.69282776e+02	
 0.00000000e+00	  5.00000000e+03	  0.00000000e+00	 -7.90589160e+03	  0.00000000e+00	  8.50933228e+01	
 0.00000000e+00	  0.00000000e+00	  5.00000000e+03	  9.69282776e+02	 -8.50933228e+01	  0.00000000e+00	
 0.00000000e+00	 -7.90589160e+03	  9.69282776e+02	  1.37766621e+04	  4.17593018e+02	  3.45109444e+01	
 7.90589160e+03	  0.00000000e+00	 -8.50933228e+01	  4.17593018e+02	  1.42523770e+04	 -1.70239221e+03	
-9.69282776e+02	  8.50933228e+01	  0.00000000e+00	  3.45109444e+01	 -1.70239221e+03	  1.65270886e+03	
10	 11	 60	
 5.00000000e+03	  0.00000000e+00	  0.00000000e+00	  0.00000000e+00	  1.33404404e+04	 -9.51453369e+02	
 0.00000000e+00	  5.00000000e+03	  0.00000000e+00	 -1.33404404e+04	  0.00000000e+00	 -3.77924097e+03	
 0.00000000e+00	  0.00000000e+00	  5.00000000e+03	  9.51453369e+02	  3.77924097e+03	  0.00000000e+00	
 0.00000000e+00	 -1.33404404e+04	  9.51453369e+02	  3.71202891e+04	  4.04132111e+02	  1.00787705e+04	
 1.33404404e+04	  0.00000000e+00	  3.77924097e+03	  4.04132111e+02	  4.05715742e+04	 -2.27091089e+03	
-9.51453369e+02	 -3.77924097e+03	  0.00000000e+00	  1.00787705e+04	 -2.27091089e+03	  4.44400732e+03	
11	 12	 60	
 5.00000000e+03	  0.00000000e+00	  0.00000000e+00	  0.00000000e+00	  1.37654941e+04	  4.23423691e+01	
 0.00000000e+00	  5.00000000e+03	  0.00000000e+00	 -1.37654941e+04	  0.00000000e+00	 -1.12562268e+03	
 0.00000000e+00	  0.00000000e+00	  5.00000000e+03	 -4.23423691e+01	  1.12562268e+03	  0.00000000e+00	
 0.00000000e+00	 -1.37654941e+04	 -4.23423691e+01	  3.93972617e+04	 -3.02042480e+02	  3.10366284e+03	
 1.37654941e+04	  0.00000000e+00	  1.12562268e+03	 -3.02042480e+02	  4.04985273e+04	  6.59490540e+02	
 4.23423691e+01	 -1.12562268e+03	  0.00000000e+00	  3.10366284e+03	  6.59490540e+02	  2.39302612e+03	
11	 15	 60	
 5.00000000e+03	  0.00000000e+00	  0.00000000e+00	  0.00000000e+00	  1.43906748e+04	  1.67025610e+03	
 0.00000000e+00	  5.00000000e+03	  0.00000000e+00	 -1.43906748e+04	  0.00000000e+00	 -3.49435522e+03	
 0.00000000e+00	  0.00000000e+00	  5.00000000e+03	 -1.67025610e+03	  3.49435522e+03	  0.00000000e+00	
 0.00000000e+00	 -1.43906748e+04	 -1.67025610e+03	  4.38328789e+04	 -1.47193433e+03	  9.99003418e+03	
 1.43906748e+04	  0.00000000e+00	  3.49435522e+03	 -1.47193433e+03	  4.54204844e+04	  5.45904248e+03	
 1.67025610e+03	 -3.49435522e+03	  0.00000000e+00	  9.99003418e+03	  5.45904248e+03	  5.02809521e+03	
11	 17	 60	
 5.00000000e+03	  0.00000000e+00	  0.00000000e+00	  0.00000000e+00	  1.33879854e+04	  5.83545268e-01	
 0.00000000e+00	  5.00000000e+03	  0.00000000e+00	 -1.33879854e+04	  0.00000000e+00	 -2.34226587e+03	
 0.00000000e+00	  0.00000000e+00	  5.00000000e+03	 -5.83545268e-01	  2.34226587e+03	  0.00000000e+00	
 0.00000000e+00	 -1.33879854e+04	 -5.83545268e-01	  3.69894883e+04	 -2.82052673e+02	  6.33666992e+03	
 1.33879854e+04	  0.00000000e+00	  2.34226587e+03	 -2.82052673e+02	  3.89060312e+04	  3.98430267e+02	
 5.83545268e-01	 -2.34226587e+03	  0.00000000e+00	  6.33666992e+03	  3.98430267e+02	  3.03431152e+03	
12	 13	 60	
 5.00000000e+03	  0.00000000e+00	  0.00000000e+00	  0.00000000e+00	  1.10834697e+04	  1.16240820e+03	
 0.00000000e+00	  5.00000000e+03	  0.00000000e+00	 -1.10834697e+04	  0.00000000e+00	  3.62246765e+02	
 0.00000000e+00	  0.00000000e+00	  5.00000000e+03	 -1.16240820e+03	 -3.62246765e+02	  0.00000000e+00	
 0.00000000e+00	 -1.10834697e+04	 -1.16240820e+03	  2.64255488e+04	 -6.50736389e+01	 -1.02094330e+03	
 1.10834697e+04	  0.00000000e+00	 -3.62246765e+02	 -6.50736389e+01	  2.69188730e+04	  3.12527490e+03	
 1.16240820e+03	  3.62246765e+02	  0.00000000e+00	 -1.02094330e+03	  3.12527490e+03	  2.17319507e+03	
12	 14	 60	
 5.00000000e+03	  0.00000000e+00	  0.00000000e+00	  0.00000000e+00	  1.11207451e+04	  1.80992896e+03	
 0.00000000e+00	  5.00000000e+03	  0.00000000e+00	 -1.11207451e+04	  0.00000000e+00	 -1.21778076e+03	
 0.00000000e+00	  0.00000000e+00	  5.00000000e+03	 -1.80992896e+03	  1.21778076e+03	  0.00000000e+00	
 0.00000000e+00	 -1.11207451e+04	 -1.80992896e+03	  2.66589883e+04	 -5.02884644e+02	  2.52731909e+03	
 1.11207451e+04	  0.00000000e+00	  1.21778076e+03	 -5.02884644e+02	  2.67504668e+04	  4.52127637e+03	
 1.80992896e+03	 -1.21778076e+03	  0.00000000e+00	  2.52731909e+03	  4.52127637e+03	  2.66064917e+03	
12	 15	 60	
 5.00000000e+03	  0.00000000e+00	  0.00000000e+00	  0.00000000e+00	  1.06260293e+04	  1.43674878e+03	
 0.00000000e+00	  5.00000000e+03	  0.00000000e+00	 -1.06260293e+04	  0.00000000e+00	 -2.40713574e+03	
 0.00000000e+00	  0.00000000e+00	  5.00000000e+03	 -1.43674878e+03	  2.40713574e+03	  0.00000000e+00	
 0.00000000e+00	 -1.06260293e+04	 -1.43674878e+03	  2.44506719e+04	 -6.07758118e+02	  4.97796338e+03	
 1.06260293e+04	  0.00000000e+00	  2.40713574e+03	 -6.07758118e+02	  2.49029121e+04	  3.65720947e+03	
 1.43674878e+03	 -2.40713574e+03	  0.00000000e+00	  4.97796338e+03	  3.65720947e+03	  3.07148999e+03	
12	 16	 60	
 5.00000000e+03	  0.00000000e+00	  0.00000000e+00	  0.00000000e+00	  1.14986885e+04	  2.19639990e+03	
 0.00000000e+00	  5.00000000e+03	  0.00000000e+00	 -1.14986885e+04	  0.00000000e+00	 -2.08708838e+03	
 0.00000000e+00	  0.00000000e+00	  5.00000000e+03	 -2.19639990e+03	  2.08708838e+03	  0.00000000e+00	
 0.00000000e+00	 -1.14986885e+04	 -2.19639990e+03	  2.87442109e+04	 -7.82490479e+02	  4.45376318e+03	
 1.14986885e+04	  0.00000000e+00	  2.08708838e+03	 -7.82490479e+02	  2.84595547e+04	  5.56250195e+03	
 2.19639990e+03	 -2.08708838e+03	  0.00000000e+00	  4.45376318e+03	  5.56250195e+03	  3.25436768e+03	
12	 17	 60	
 5.00000000e+03	  0.00000000e+00	  0.00000000e+00	  0.00000000e+00	  1.00177402e+04	  7.92677612e+02	
 0.00000000e+00	  5.00000000e+03	  0.00000000e+00	 -1.00177402e+04	  0.00000000e+00	 -1.97765637e+03	
 0.00000000e+00	  0.00000000e+00	  5.00000000e+03	 -7.92677612e+02	  1.97765637e+03	  0.00000000e+00	
 0.00000000e+00	 -1.00177402e+04	 -7.92677612e+02	  2.15535410e+04	 -4.55142456e+02	  3.96073730e+03	
 1.00177402e+04	  0.00000000e+00	  1.97765637e+03	 -4.55142456e+02	  2.24773594e+04	  2.12612500e+03	
 7.92677612e+02	 -1.97765637e+03	  0.00000000e+00	  3.96073730e+03	  2.12612500e+03	  2.74478613e+03	
12	 18	 60	
 5.00000000e+03	  0.00000000e+00	  0.00000000e+00	  0.00000000e+00	  1.19027822e+04	  2.40940991e+03	
 0.00000000e+00	  5.00000000e+03	  0.00000000e+00	 -1.19027822e+04	  0.00000000e+00	 -1.52117273e+03	
 0.00000000e+00	  0.00000000e+00	  5.00000000e+03	 -2.40940991e+03	  1.52117273e+03	  0.00000000e+00	
 0.00000000e+00	 -1.19027822e+04	 -2.40940991e+03	  3.04075762e+04	 -7.30778076e+02	  3.26437549e+03	
 1.19027822e+04	  0.00000000e+00	  1.52117273e+03	 -7.30778076e+02	  3.00839082e+04	  6.01510986e+03	
 2.40940991e+03	 -1.52117273e+03	  0.00000000e+00	  3.26437549e+03	  6.01510986e+03	  2.98643848e+03	
12	 21	 60	
 5.00000000e+03	  0.00000000e+00	  0.00000000e+00	  0.00000000e+00	  1.07264854e+04	  1.45142249e+03	
 0.00000000e+00	  5.00000000e+03	  0.00000000e+00	 -1.07264854e+04	  0.00000000e+00	 -1.96290796e+03	
 0.00000000e+00	  0.00000000e+00	  5.00000000e+03	 -1.45142249e+03	  1.96290796e+03	  0.00000000e+00	
 0.00000000e+00	 -1.07264854e+04	 -1.45142249e+03	  2.45721309e+04	 -6.02869690e+02	  4.11815430e+03	
 1.07264854e+04	  0.00000000e+00	  1.96290796e+03	 -6.02869690e+02	  2.46012285e+04	  3.59834888e+03	
 1.45142249e+03	 -1.96290796e+03	  0.00000000e+00	  4.11815430e+03	  3.59834888e+03	  2.36477979e+03	
13	 14	 60	
 5.00000000e+03	  0.00000000e+00	  0.00000000e+00	  0.00000000e+00	  9.41698926e+03	  1.42377820e+03	
 0.00000000e+00	  5.00000000e+03	  0.00000000e+00	 -9.41698926e+03	  0.00000000e+00	 -1.11205176e+03	
 0.00000000e+00	  0.00000000e+00	  5.00000000e+03	 -1.42377820e+03	  1.11205176e+03	  0.00000000e+00	
 0.00000000e+00	 -9.41698926e+03	 -1.42377820e+03	  1.93177656e+04	 -3.80942657e+02	  1.88731372e+03	
 9.41698926e+03	  0.00000000e+00	  1.11205176e+03	 -3.80942657e+02	  1.98197676e+04	  3.10245923e+03	
 1.42377820e+03	 -1.11205176e+03	  0.00000000e+00	  1.88731372e+03	  3.10245923e+03	  2.34049219e+03	
13	 15	 60	
 5.00000000e+03	  0.00000000e+00	  0.00000000e+00	  0.00000000e+00	  9.16594141e+03	  1.40358740e+03	
 0.00000000e+00	  5.00000000e+03	  0.00000000e+00	 -9.16594141e+03	  0.00000000e+00	 -2.43449048e+03	
 0.00000000e+00	  0.00000000e+00	  5.00000000e+03	 -1.40358740e+03	  2.43449048e+03	  0.00000000e+00	
 0.00000000e+00	 -9.16594141e+03	 -1.40358740e+03	  1.80167207e+04	 -7.74548645e+02	  4.42724609e+03	
 9.16594141e+03	  0.00000000e+00	  2.43449048e+03	 -7.74548645e+02	  1.91350078e+04	  2.87875317e+03	
 1.40358740e+03	 -2.43449048e+03	  0.00000000e+00	  4.42724609e+03	  2.87875317e+03	  2.70448657e+03	
13	 16	 60	
 5.00000000e+03	  0.00000000e+00	  0.00000000e+00	  0.00000000e+00	  9.84118652e+03	  2.00930005e+03	
 0.00000000e+00	  5.00000000e+03	  0.00000000e+00	 -9.84118652e+03	  0.00000000e+00	 -2.43129565e+03	
 0.00000000e+00	  0.00000000e+00	  5.00000000e+03	 -2.00930005e+03	  2.43129565e+03	  0.00000000e+00	
 0.00000000e+00	 -9.84118652e+03	 -2.00930005e+03	  2.08865137e+04	 -8.27689026e+02	  4.45447998e+03	
 9.84118652e+03	  0.00000000e+00	  2.43129565e+03	 -8.27689026e+02	  2.16478457e+04	  4.22360352e+03	
 2.00930005e+03	 -2.43129565e+03	  0.00000000e+00	  4.45447998e+03	  4.22360352e+03	  3.05872070e+03	
13	 17	 60	
 5.00000000e+03	  0.00000000e+00	  0.00000000e+00	  0.00000000e+00	  8.59784570e+03	  6.42173096e+02	
 0.00000000e+00	  5.00000000e+03	  0.00000000e+00	 -8.59784570e+03	  0.00000000e+00	 -1.51191821e+03	
 0.00000000e+00	  0.00000000e+00	  5.00000000e+03	 -6.42173096e+02	  1.51191821e+03	  0.00000000e+00	
 0.00000000e+00	 -8.59784570e+03	 -6.42173096e+02	  1.59292002e+04	 -5.54145020e+02	  2.61090381e+03	
 8.59784570e+03	  0.00000000e+00	  1.51191821e+03	 -5.54145020e+02	  1.69215820e+04	  1.45157166e+03	
 6.42173096e+02	 -1.51191821e+03	  0.00000000e+00	  2.61090381e+03	  1.45157166e+03	  2.06245850e+03	
13	 18	 60	
 5.00000000e+03	  0.00000000e+00	  0.00000000e+00	  0.00000000e+00	  1.05649707e+04	  1.94328955e+03	
 0.00000000e+00	  5.00000000e+03	  0.00000000e+00	 -1.05649707e+04	  0.00000000e+00	 -8.62383972e+02	
 0.00000000e+00	  0.00000000e+00	  5.00000000e+03	 -1.94328955e+03	  8.62383972e+02	  0.00000000e+00	
 0.00000000e+00	 -1.05649707e+04	 -1.94328955e+03	  2.38474434e+04	 -3.41807556e+02	  1.24614783e+03	
 1.05649707e+04	  0.00000000e+00	  8.62383972e+02	 -3.41807556e+02	  2.45189023e+04	  4.24150293e+03	
 1.94328955e+03	 -8.62383972e+02	  0.00000000e+00	  1.24614783e+03	  4.24150293e+03	  2.83959155e+03	
14	 15	 60	
 5.00000000e+03	  0.00000000e+00	  0.00000000e+00	  0.00000000e+00	  9.60843555e+03	  8.19496460e+02	
 0.00000000e+00	  5.00000000e+03	  0.00000000e+00	 -9.60843555e+03	  0.00000000e+00	 -2.63271704e+03	
 0.00000000e+00	  0.00000000e+00	  5.00000000e+03	 -8.19496460e+02	  2.63271704e+03	  0.00000000e+00	
 0.00000000e+00	 -9.60843555e+03	 -8.19496460e+02	  1.98843125e+04	 -7.93652100e+02	  5.15937207e+03	
 9.60843555e+03	  0.00000000e+00	  2.63271704e+03	 -7.93652100e+02	  2.16868789e+04	  2.03287341e+03	
 8.19496460e+02	 -2.63271704e+03	  0.00000000e+00	  5.15937207e+03	  2.03287341e+03	  3.70605298e+03	
14	 16	 60	
 5.00000000e+03	  0.00000000e+00	  0.00000000e+00	  0.00000000e+00	  1.04621572e+04	  1.44021423e+03	
 0.00000000e+00	  5.00000000e+03	  0.00000000e+00	 -1.04621572e+04	  0.00000000e+00	 -1.19727979e+03	
 0.00000000e+00	  0.00000000e+00	  5.00000000e+03	 -1.44021423e+03	  1.19727979e+03	  0.00000000e+00	
 0.00000000e+00	 -1.04621572e+04	 -1.44021423e+03	  2.31420957e+04	 -2.95020782e+02	  2.10155933e+03	
 1.04621572e+04	  0.00000000e+00	  1.19727979e+03	 -2.95020782e+02	  2.47360039e+04	  3.24845142e+03	
 1.44021423e+03	 -1.19727979e+03	  0.00000000e+00	  2.10155933e+03	  3.24845142e+03	  3.49592651e+03	
14	 17	 60	
 5.00000000e+03	  0.00000000e+00	  0.00000000e+00	  0.00000000e+00	  8.87839551e+03	 -3.02390900e+02	
 0.00000000e+00	  5.00000000e+03	  0.00000000e+00	 -8.87839551e+03	  0.00000000e+00	 -1.72748682e+03	
 0.00000000e+00	  0.00000000e+00	  5.00000000e+03	  3.02390900e+02	  1.72748682e+03	  0.00000000e+00	
 0.00000000e+00	 -8.87839551e+03	  3.02390900e+02	  1.68926211e+04	 -2.55258011e+02	  3.14154175e+03	
 8.87839551e+03	  0.00000000e+00	  1.72748682e+03	 -2.55258011e+02	  1.81353438e+04	 -1.74444550e+02	
-3.02390900e+02	 -1.72748682e+03	  0.00000000e+00	  3.14154175e+03	 -1.74444550e+02	  2.52453442e+03	
14	 18	 60	
 5.00000000e+03	  0.00000000e+00	  0.00000000e+00	  0.00000000e+00	  1.02115869e+04	  6.13254272e+02	
 0.00000000e+00	  5.00000000e+03	  0.00000000e+00	 -1.02115869e+04	  0.00000000e+00	  2.96834167e+02	
 0.00000000e+00	  0.00000000e+00	  5.00000000e+03	 -6.13254272e+02	 -2.96834167e+02	  0.00000000e+00	
 0.00000000e+00	 -1.02115869e+04	 -6.13254272e+02	  2.19017832e+04	 -5.92286186e+01	 -8.55352966e+02	
 1.02115869e+04	  0.00000000e+00	 -2.96834167e+02	 -5.92286186e+01	  2.26507852e+04	  1.52564148e+03	
 6.13254272e+02	  2.96834167e+02	  0.00000000e+00	 -8.55352966e+02	  1.52564148e+03	  2.18988916e+03	
14	 20	 60	
 5.00000000e+03	  0.00000000e+00	  0.00000000e+00	  0.00000000e+00	  1.09310547e+04	  2.33073779e+03	
 0.00000000e+00	  5.00000000e+03	  0.00000000e+00	 -1.09310547e+04	  0.00000000e+00	 -4.59400238e+02	
 0.00000000e+00	  0.00000000e+00	  5.00000000e+03	 -2.33073779e+03	  4.59400238e+02	  0.00000000e+00	
 0.00000000e+00	 -1.09310547e+04	 -2.33073779e+03	  2.54937402e+04	 -8.74051132e+01	  7.28932922e+02	
 1.09310547e+04	  0.00000000e+00	  4.59400238e+02	 -8.74051132e+01	  2.56927695e+04	  5.24211035e+03	
 2.33073779e+03	 -4.59400238e+02	  0.00000000e+00	  7.28932922e+02	  5.24211035e+03	  3.07740088e+03	
14	 21	 60	
 5.00000000e+03	  0.00000000e+00	  0.00000000e+00	  0.00000000e+00	  9.59318066e+03	  9.29424744e+02	
 0.00000000e+00	  5.00000000e+03	  0.00000000e+00	 -9.59318066e+03	  0.00000000e+00	 -2.69344434e+03	
 0.00000000e+00	  0.00000000e+00	  5.00000000e+03	 -9.29424744e+02	  2.69344434e+03	  0.00000000e+00	
 0.00000000e+00	 -9.59318066e+03	 -9.29424744e+02	  1.91869922e+04	 -6.09543579e+02	  5.27600830e+03	
 9.59318066e+03	  0.00000000e+00	  2.69344434e+03	 -6.09543579e+02	  2.08314180e+04	  2.04330029e+03	
 9.29424744e+02	 -2.69344434e+03	  0.00000000e+00	  5.27600830e+03	  2.04330029e+03	  2.77064722e+03	
15	 16	 60	
 5.00000000e+03	  0.00000000e+00	  0.00000000e+00	  0.00000000e+00	  1.02527529e+04	  1.44351978e+03	
 0.00000000e+00	  5.00000000e+03	  0.00000000e+00	 -1.02527529e+04	  0.00000000e+00	  2.36430405e+02	
 0.00000000e+00	  0.00000000e+00	  5.00000000e+03	 -1.44351978e+03	 -2.36430405e+02	  0.00000000e+00	
 0.00000000e+00	 -1.02527529e+04	 -1.44351978e+03	  2.28342812e+04	 -1.93588043e+02	 -1.29327126e+01	
 1.02527529e+04	  0.00000000e+00	 -2.36430405e+02	 -1.93588043e+02	  2.28824766e+04	  3.43851245e+03	
 1.44351978e+03	  2.36430405e+02	  0.00000000e+00	 -1.29327126e+01	  3.43851245e+03	  2.69873511e+03	
15	 17	 60	
 5.00000000e+03	  0.00000000e+00	  0.00000000e+00	  0.00000000e+00	  9.66262891e+03	  3.43432098e+02	
 0.00000000e+00	  5.00000000e+03	  0.00000000e+00	 -9.66262891e+03	  0.00000000e+00	 -1.96669601e+02	
 0.00000000e+00	  0.00000000e+00	  5.00000000e+03	 -3.43432098e+02	  1.96669601e+02	  0.00000000e+00	
 0.00000000e+00	 -9.66262891e+03	 -3.43432098e+02	  1.99293672e+04	 -1.53730179e+02	  7.21424988e+02	
 9.66262891e+03	  0.00000000e+00	  1.96669601e+02	 -1.53730179e+02	  2.11526504e+04	  1.07916602e+03	
 3.43432098e+02	 -1.96669601e+02	  0.00000000e+00	  7.21424988e+02	  1.07916602e+03	  2.41241187e+03	
15	 18	 60	
 5.00000000e+03	  0.00000000e+00	  0.00000000e+00	  0.00000000e+00	  9.39954590e+03	  2.90081482e+02	
 0.00000000e+00	  5.00000000e+03	  0.00000000e+00	 -9.39954590e+03	  0.00000000e+00	  8.36761902e+02	
 0.00000000e+00	  0.00000000e+00	  5.00000000e+03	 -2.90081482e+02	 -8.36761902e+02	  0.00000000e+00	
 0.00000000e+00	 -9.39954590e+03	 -2.90081482e+02	  1.85896094e+04	  4.68566093e+01	 -1.41987793e+03	
 9.39954590e+03	  0.00000000e+00	 -8.36761902e+02	  4.68566093e+01	  1.87981660e+04	  8.48634155e+02	
 2.90081482e+02	  8.36761902e+02	  0.00000000e+00	 -1.41987793e+03	  8.48634155e+02	  1.37794458e+03	
15	 21	 60	
 5.00000000e+03	  0.00000000e+00	  0.00000000e+00	  0.00000000e+00	  1.04764717e+04	  1.36481897e+03	
 0.00000000e+00	  5.00000000e+03	  0.00000000e+00	 -1.04764717e+04	  0.00000000e+00	 -5.24387695e+02	
 0.00000000e+00	  0.00000000e+00	  5.00000000e+03	 -1.36481897e+03	  5.24387695e+02	  0.00000000e+00	
 0.00000000e+00	 -1.04764717e+04	 -1.36481897e+03	  2.30490664e+04	 -9.49427719e+01	  1.55246582e+03	
 1.04764717e+04	  0.00000000e+00	  5.24387695e+02	 -9.49427719e+01	  2.38596055e+04	  3.09096680e+03	
 1.36481897e+03	 -5.24387695e+02	  0.00000000e+00	  1.55246582e+03	  3.09096680e+03	  2.24664429e+03	
16	 17	 60	
 5.00000000e+03	  0.00000000e+00	  0.00000000e+00	  0.00000000e+00	  9.29380078e+03	 -1.13039441e+03	
 0.00000000e+00	  5.00000000e+03	  0.00000000e+00	 -9.29380078e+03	  0.00000000e+00	 -1.88920764e+03	
 0.00000000e+00	  0.00000000e+00	  5.00000000e+03	  1.13039441e+03	  1.88920764e+03	  0.00000000e+00	
 0.00000000e+00	 -9.29380078e+03	  1.13039441e+03	  1.81686621e+04	  2.74401245e+02	  3.71198535e+03	
 9.29380078e+03	  0.00000000e+00	  1.88920764e+03	  2.74401245e+02	  1.97333965e+04	 -1.93181934e+03	
-1.13039441e+03	 -1.88920764e+03	  0.00000000e+00	  3.71198535e+03	 -1.93181934e+03	  2.91140186e+03	
16	 18	 60	
 5.00000000e+03	  0.00000000e+00	  0.00000000e+00	  0.00000000e+00	  9.23800293e+03	 -7.60044250e+02	
 0.00000000e+00	  5.00000000e+03	  0.00000000e+00	 -9.23800293e+03	  0.00000000e+00	 -3.27877625e+02	
 0.00000000e+00	  0.00000000e+00	  5.00000000e+03	  7.60044250e+02	  3.27877625e+02	  0.00000000e+00	
 0.00000000e+00	 -9.23800293e+03	  7.60044250e+02	  1.78796660e+04	  1.17420189e+02	  5.88818237e+02	
 9.23800293e+03	  0.00000000e+00	  3.27877625e+02	  1.17420189e+02	  1.84845664e+04	 -1.20126331e+03	
-7.60044250e+02	 -3.27877625e+02	  0.00000000e+00	  5.88818237e+02	 -1.20126331e+03	  1.80504663e+03	
16	 19	 60	
 5.00000000e+03	  0.00000000e+00	  0.00000000e+00	  0.00000000e+00	  9.83794043e+03	  1.50117627e+03	
 0.00000000e+00	  5.00000000e+03	  0.00000000e+00	 -9.83794043e+03	  0.00000000e+00	  2.46374951e+03	
 0.00000000e+00	  0.00000000e+00	  5.00000000e+03	 -1.50117627e+03	 -2.46374951e+03	  0.00000000e+00	
 0.00000000e+00	 -9.83794043e+03	 -1.50117627e+03	  2.03222969e+04	  7.62522339e+02	 -4.85196680e+03	
 9.83794043e+03	  0.00000000e+00	 -2.46374951e+03	  7.62522339e+02	  2.08887168e+04	  2.94013281e+03	
 1.50117627e+03	  2.46374951e+03	  0.00000000e+00	 -4.85196680e+03	  2.94013281e+03	  2.36740967e+03	
16	 20	 60	
 5.00000000e+03	  0.00000000e+00	  0.00000000e+00	  0.00000000e+00	  9.94435156e+03	  1.10546814e+03	
 0.00000000e+00	  5.00000000e+03	  0.00000000e+00	 -9.94435156e+03	  0.00000000e+00	  1.91564392e+02	
 0.00000000e+00	  0.00000000e+00	  5.00000000e+03	 -1.10546814e+03	 -1.91564392e+02	  0.00000000e+00	
 0.00000000e+00	 -9.94435156e+03	 -1.10546814e+03	  2.06053574e+04	  1.53657700e+02	 -2.94397552e+02	
 9.94435156e+03	  0.00000000e+00	 -1.91564392e+02	  1.53657700e+02	  2.10735918e+04	  2.28307788e+03	
 1.10546814e+03	  1.91564392e+02	  0.00000000e+00	 -2.94397552e+02	  2.28307788e+03	  1.94301501e+03	
16	 21	 60	
 5.00000000e+03	  0.00000000e+00	  0.00000000e+00	  0.00000000e+00	  9.68100195e+03	 -3.29447906e+02	
 0.00000000e+00	  5.00000000e+03	  0.00000000e+00	 -9.68100195e+03	  0.00000000e+00	 -2.46431860e+03	
 0.00000000e+00	  0.00000000e+00	  5.00000000e+03	  3.29447906e+02	  2.46431860e+03	  0.00000000e+00	
 0.00000000e+00	 -9.68100195e+03	  3.29447906e+02	  1.93826426e+04	  2.38201385e+02	  4.99118799e+03	
 9.68100195e+03	  0.00000000e+00	  2.46431860e+03	  2.38201385e+02	  2.12923457e+04	 -4.51034332e+02	
-3.29447906e+02	 -2.46431860e+03	  0.00000000e+00	  4.99118799e+03	 -4.51034332e+02	  2.83462061e+03	
17	 18	 60	
 5.00000000e+03	  0.00000000e+00	  0.00000000e+00	  0.00000000e+00	  9.35660449e+03	  2.21129349e+02	
 0.00000000e+00	  5.00000000e+03	  0.00000000e+00	 -9.35660449e+03	  0.00000000e+00	  8.93812256e+02	
 0.00000000e+00	  0.00000000e+00	  5.00000000e+03	 -2.21129349e+02	 -8.93812256e+02	  0.00000000e+00	
 0.00000000e+00	 -9.35660449e+03	 -2.21129349e+02	  1.84664902e+04	 -1.45674683e+02	 -1.47167151e+03	
 9.35660449e+03	  0.00000000e+00	 -8.93812256e+02	 -1.45674683e+02	  1.84699336e+04	  6.45130005e+02	
 2.21129349e+02	  8.93812256e+02	  0.00000000e+00	 -1.47167151e+03	  6.45130005e+02	  1.51009290e+03	
17	 21	 60	
 5.00000000e+03	  0.00000000e+00	  0.00000000e+00	  0.00000000e+00	  1.01827695e+04	  1.37997021e+03	
 0.00000000e+00	  5.00000000e+03	  0.00000000e+00	 -1.01827695e+04	  0.00000000e+00	 -8.91004333e+02	
 0.00000000e+00	  0.00000000e+00	  5.00000000e+03	 -1.37997021e+03	  8.91004333e+02	  0.00000000e+00	
 0.00000000e+00	 -1.01827695e+04	 -1.37997021e+03	  2.20091328e+04	 -2.48965469e+02	  2.15481470e+03	
 1.01827695e+04	  0.00000000e+00	  8.91004333e+02	 -2.48965469e+02	  2.22023359e+04	  3.03776758e+03	
 1.37997021e+03	 -8.91004333e+02	  0.00000000e+00	  2.15481470e+03	  3.03776758e+03	  2.22795117e+03	
17	 22	 60	
 5.00000000e+03	  0.00000000e+00	  0.00000000e+00	  0.00000000e+00	  1.01927881e+04	  8.32533630e+02	
 0.00000000e+00	  5.00000000e+03	  0.00000000e+00	 -1.01927881e+04	  0.00000000e+00	 -2.29814575e+03	
 0.00000000e+00	  0.00000000e+00	  5.00000000e+03	 -8.32533630e+02	  2.29814575e+03	  0.00000000e+00	
 0.00000000e+00	 -1.01927881e+04	 -8.32533630e+02	  2.20400723e+04	 -8.04979797e+02	  5.09084424e+03	
 1.01927881e+04	  0.00000000e+00	  2.29814575e+03	 -8.04979797e+02	  2.30044590e+04	  2.13413477e+03	
 8.32533630e+02	 -2.29814575e+03	  0.00000000e+00	  5.09084424e+03	  2.13413477e+03	  2.54595239e+03	
18	 19	 60	
 5.00000000e+03	  0.00000000e+00	  0.00000000e+00	  0.00000000e+00	  8.69427832e+03	  2.04537573e+03	
 0.00000000e+00	  5.00000000e+03	  0.00000000e+00	 -8.69427832e+03	  0.00000000e+00	  2.89712402e+03	
 0.00000000e+00	  0.00000000e+00	  5.00000000e+03	 -2.04537573e+03	 -2.89712402e+03	  0.00000000e+00	
 0.00000000e+00	 -8.69427832e+03	 -2.04537573e+03	  1.63384834e+04	  1.08764526e+03	 -5.03940967e+03	
 8.69427832e+03	  0.00000000e+00	 -2.89712402e+03	  1.08764526e+03	  1.73131973e+04	  3.56207642e+03	
 2.04537573e+03	  2.89712402e+03	  0.00000000e+00	 -5.03940967e+03	  3.56207642e+03	  3.21291846e+03	
18	 20	 60	
 5.00000000e+03	  0.00000000e+00	  0.00000000e+00	  0.00000000e+00	  8.67730273e+03	  2.17329980e+03	
 0.00000000e+00	  5.00000000e+03	  0.00000000e+00	 -8.67730273e+03	  0.00000000e+00	  5.78363953e+02	
 0.00000000e+00	  0.00000000e+00	  5.00000000e+03	 -2.17329980e+03	 -5.78363953e+02	  0.00000000e+00	
 0.00000000e+00	 -8.67730273e+03	 -2.17329980e+03	  1.63310186e+04	  2.05024612e+02	 -1.04409705e+03	
 8.67730273e+03	  0.00000000e+00	 -5.78363953e+02	  2.05024612e+02	  1.63275967e+04	  3.78939868e+03	
 2.17329980e+03	  5.78363953e+02	  0.00000000e+00	 -1.04409705e+03	  3.78939868e+03	  2.40112329e+03	
18	 21	 60	
 5.00000000e+03	  0.00000000e+00	  0.00000000e+00	  0.00000000e+00	  8.64954492e+03	  1.84540979e+03	
 0.00000000e+00	  5.00000000e+03	  0.00000000e+00	 -8.64954492e+03	  0.00000000e+00	 -1.82877502e+03	
 0.00000000e+00	  0.00000000e+00	  5.00000000e+03	 -1.84540979e+03	  1.82877502e+03	  0.00000000e+00	
 0.00000000e+00	 -8.64954492e+03	 -1.84540979e+03	  1.62388428e+04	 -6.67300964e+02	  3.25973145e+03	
 8.64954492e+03	  0.00000000e+00	  1.82877502e+03	 -6.67300964e+02	  1.61466807e+04	  3.27065210e+03	
 1.84540979e+03	 -1.82877502e+03	  0.00000000e+00	  3.25973145e+03	  3.27065210e+03	  2.32048633e+03	
19	 20	 60	
 5.00000000e+03	  0.00000000e+00	  0.00000000e+00	  0.00000000e+00	  6.15543359e+03	  6.29240479e+02	
 0.00000000e+00	  5.00000000e+03	  0.00000000e+00	 -6.15543359e+03	  0.00000000e+00	 -8.93088379e+02	
 0.00000000e+00	  0.00000000e+00	  5.00000000e+03	 -6.29240479e+02	  8.93088379e+02	  0.00000000e+00	
 0.00000000e+00	 -6.15543359e+03	 -6.29240479e+02	  8.11558496e+03	 -2.26334579e+02	  9.69958679e+02	
 6.15543359e+03	  0.00000000e+00	  8.93088379e+02	 -2.26334579e+02	  8.26771777e+03	  6.59009216e+02	
 6.29240479e+02	 -8.93088379e+02	  0.00000000e+00	  9.69958679e+02	  6.59009216e+02	  9.45931396e+02	
20	 21	 60	
