0	 1	 55	
 5.00000000e+03	  0.00000000e+00	  0.00000000e+00	  0.00000000e+00	  1.17500537e+04	 -8.65815582e+01	
 0.00000000e+00	  5.00000000e+03	  0.00000000e+00	 -1.17500537e+04	  0.00000000e+00	  9.58685181e+02	
 0.00000000e+00	  0.00000000e+00	  5.00000000e+03	  8.65815582e+01	 -9.58685181e+02	  0.00000000e+00	
 0.00000000e+00	 -1.17500537e+04	  8.65815582e+01	  2.97484062e+04	 -3.69586517e+02	 -1.61495007e+03	
 1.17500537e+04	  0.00000000e+00	 -9.58685181e+02	 -3.69586517e+02	  3.14136641e+04	  2.13779922e+02	
-8.65815582e+01	  9.58685181e+02	  0.00000000e+00	 -1.61495007e+03	  2.13779922e+02	  4.36642285e+03	
0	 2	 55	
 5.00000000e+03	  0.00000000e+00	  0.00000000e+00	  0.00000000e+00	  1.21716914e+04	 -1.30564972e+02	
 0.00000000e+00	  5.00000000e+03	  0.00000000e+00	 -1.21716914e+04	  0.00000000e+00	 -6.43666077e+02	
 0.00000000e+00	  0.00000000e+00	  5.00000000e+03	  1.30564972e+02	  6.43666077e+02	  0.00000000e+00	
 0.00000000e+00	 -1.21716914e+04	  1.30564972e+02	  3.14671582e+04	 -2.56495209e+02	  1.75078503e+03	
 1.21716914e+04	  0.00000000e+00	  6.43666077e+02	 -2.56495209e+02	  3.17954883e+04	  1.87132965e+02	
-1.30564972e+02	 -6.43666077e+02	  0.00000000e+00	  1.75078503e+03	  1.87132965e+02	  2.49169824e+03	
0	 3	 55	
 5.00000000e+03	  0.00000000e+00	  0.00000000e+00	  0.00000000e+00	  1.22923848e+04	  4.92277527e+02	
 0.00000000e+00	  5.00000000e+03	  0.00000000e+00	 -1.22923848e+04	  0.00000000e+00	 -7.99746460e+02	
 0.00000000e+00	  0.00000000e+00	  5.00000000e+03	 -4.92277527e+02	  7.99746460e+02	  0.00000000e+00	
 0.00000000e+00	 -1.22923848e+04	 -4.92277527e+02	  3.24891523e+04	 -6.15654053e+02	  2.83276489e+03	
 1.22923848e+04	  0.00000000e+00	  7.99746460e+02	 -6.15654053e+02	  3.34394727e+04	  1.77226062e+03	
 4.92277527e+02	 -7.99746460e+02	  0.00000000e+00	  2.83276489e+03	  1.77226062e+03	  3.37288403e+03	
0	 10	 55	
 5.00000000e+03	  0.00000000e+00	  0.00000000e+00	  0.00000000e+00	  1.08346055e+04	 -4.70876556e+02	
 0.00000000e+00	  5.00000000e+03	  0.00000000e+00	 -1.08346055e+04	  0.00000000e+00	  2.37498340e+03	
 0.00000000e+00	  0.00000000e+00	  5.00000000e+03	  4.70876556e+02	 -2.37498340e+03	  0.00000000e+00	
 0.00000000e+00	 -1.08346055e+04	  4.70876556e+02	  2.51147871e+04	 -2.16521698e+02	 -4.88651221e+03	
 1.08346055e+04	  0.00000000e+00	 -2.37498340e+03	 -2.16521698e+02	  2.69283555e+04	 -8.23241638e+02	
-4.70876556e+02	  2.37498340e+03	  0.00000000e+00	 -4.88651221e+03	 -8.23241638e+02	  3.46060522e+03	
0	 19	 55	
 5.00000000e+03	  0.00000000e+00	  0.00000000e+00	  0.00000000e+00	  1.03934082e+04	 -1.13848694e+02	
 0.00000000e+00	  5.00000000e+03	  0.00000000e+00	 -1.03934082e+04	  0.00000000e+00	  2.37464526e+03	
 0.00000000e+00	  0.00000000e+00	  5.00000000e+03	  1.13848694e+02	 -2.37464526e+03	  0.00000000e+00	
 0.00000000e+00	 -1.03934082e+04	  1.13848694e+02	  2.40683750e+04	 -6.17376221e+02	 -3.49290991e+03	
 1.03934082e+04	  0.00000000e+00	 -2.37464526e+03	 -6.17376221e+02	  2.65554336e+04	  2.51847076e+02	
-1.13848694e+02	  2.37464526e+03	  0.00000000e+00	 -3.49290991e+03	  2.51847076e+02	  4.21559229e+03	
0	 35	 55	
 5.00000000e+03	  0.00000000e+00	  0.00000000e+00	  0.00000000e+00	  1.34260186e+04	  1.16305286e+03	
 0.00000000e+00	  5.00000000e+03	  0.00000000e+00	 -1.34260186e+04	  0.00000000e+00	 -3.07337964e+03	
 0.00000000e+00	  0.00000000e+00	  5.00000000e+03	 -1.16305286e+03	  3.07337964e+03	  0.00000000e+00	
 0.00000000e+00	 -1.34260186e+04	 -1.16305286e+03	  3.81349258e+04	 -8.50413757e+02	  8.85162012e+03	
 1.34260186e+04	  0.00000000e+00	  3.07337964e+03	 -8.50413757e+02	  4.00294531e+04	  3.64957471e+03	
 1.16305286e+03	 -3.07337964e+03	  0.00000000e+00	  8.85162012e+03	  3.64957471e+03	  4.17591064e+03	
0	 36	 55	
 5.00000000e+03	  0.00000000e+00	  0.00000000e+00	  0.00000000e+00	  9.33930957e+03	 -7.26975769e+02	
 0.00000000e+00	  5.00000000e+03	  0.00000000e+00	 -9.33930957e+03	  0.00000000e+00	  2.62631494e+03	
 0.00000000e+00	  0.00000000e+00	  5.00000000e+03	  7.26975769e+02	 -2.62631494e+03	  0.00000000e+00	
 0.00000000e+00	 -9.33930957e+03	  7.26975769e+02	  1.89210117e+04	 -7.54717255e+00	 -5.17712109e+03	
 9.33930957e+03	  0.00000000e+00	 -2.62631494e+03	 -7.54717255e+00	  2.13375996e+04	 -1.23163904e+03	
-7.26975769e+02	  2.62631494e+03	  0.00000000e+00	 -5.17712109e+03	 -1.23163904e+03	  3.73625244e+03	
0	 43	 55	
 5.00000000e+03	  0.00000000e+00	  0.00000000e+00	  0.00000000e+00	  1.07247314e+04	 -2.35069580e+03	
 0.00000000e+00	  5.00000000e+03	  0.00000000e+00	 -1.07247314e+04	  0.00000000e+00	  6.22704102e+02	
 0.00000000e+00	  0.00000000e+00	  5.00000000e+03	  2.35069580e+03	 -6.22704102e+02	  0.00000000e+00	
 0.00000000e+00	 -1.07247314e+04	  2.35069580e+03	  2.48827012e+04	 -5.81438721e+02	 -1.69822607e+03	
 1.07247314e+04	  0.00000000e+00	 -6.22704102e+02	 -5.81438721e+02	  2.50316328e+04	 -5.05687988e+03	
-2.35069580e+03	  6.22704102e+02	  0.00000000e+00	 -1.69822607e+03	 -5.05687988e+03	  2.84990771e+03	
0	 44	 55	
 5.00000000e+03	  0.00000000e+00	  0.00000000e+00	  0.00000000e+00	  1.15386650e+04	 -1.07998389e+03	
 0.00000000e+00	  5.00000000e+03	  0.00000000e+00	 -1.15386650e+04	  0.00000000e+00	  8.18381042e+02	
 0.00000000e+00	  0.00000000e+00	  5.00000000e+03	  1.07998389e+03	 -8.18381042e+02	  0.00000000e+00	
 0.00000000e+00	 -1.15386650e+04	  1.07998389e+03	  2.83872383e+04	 -6.18186340e+02	 -1.86767517e+03	
 1.15386650e+04	  0.00000000e+00	 -8.18381042e+02	 -6.18186340e+02	  2.85431523e+04	 -2.09325293e+03	
-1.07998389e+03	  8.18381042e+02	  0.00000000e+00	 -1.86767517e+03	 -2.09325293e+03	  2.34436157e+03	
0	 45	 55	
 5.00000000e+03	  0.00000000e+00	  0.00000000e+00	  0.00000000e+00	  1.13901836e+04	 -1.20792517e+03	
 0.00000000e+00	  5.00000000e+03	  0.00000000e+00	 -1.13901836e+04	  0.00000000e+00	  5.94235046e+02	
 0.00000000e+00	  0.00000000e+00	  5.00000000e+03	  1.20792517e+03	 -5.94235046e+02	  0.00000000e+00	
 0.00000000e+00	 -1.13901836e+04	  1.20792517e+03	  2.79330020e+04	 -4.61476715e+02	 -1.25567957e+03	
 1.13901836e+04	  0.00000000e+00	 -5.94235046e+02	 -4.61476715e+02	  2.82023750e+04	 -2.36636816e+03	
-1.20792517e+03	  5.94235046e+02	  0.00000000e+00	 -1.25567957e+03	 -2.36636816e+03	  2.73479175e+03	
0	 54	 55	
 5.00000000e+03	  0.00000000e+00	  0.00000000e+00	  0.00000000e+00	  1.26922578e+04	  1.58122238e+02	
 0.00000000e+00	  5.00000000e+03	  0.00000000e+00	 -1.26922578e+04	  0.00000000e+00	 -2.99627246e+03	
 0.00000000e+00	  0.00000000e+00	  5.00000000e+03	 -1.58122238e+02	  2.99627246e+03	  0.00000000e+00	
 0.00000000e+00	 -1.26922578e+04	 -1.58122238e+02	  3.42810078e+04	 -5.55741821e+02	  8.28953809e+03	
 1.26922578e+04	  0.00000000e+00	  2.99627246e+03	 -5.55741821e+02	  3.62381484e+04	  1.25720618e+03	
 1.58122238e+02	 -2.99627246e+03	  0.00000000e+00	  8.28953809e+03	  1.25720618e+03	  3.58874194e+03	
1	 2	 55	
 5.00000000e+03	  0.00000000e+00	  0.00000000e+00	  0.00000000e+00	  1.22449307e+04	 -6.76312500e+02	
 0.00000000e+00	  5.00000000e+03	  0.00000000e+00	 -1.22449307e+04	  0.00000000e+00	 -1.88850098e+03	
 0.00000000e+00	  0.00000000e+00	  5.00000000e+03	  6.76312500e+02	  1.88850098e+03	  0.00000000e+00	
 0.00000000e+00	 -1.22449307e+04	  6.76312500e+02	  3.28688906e+04	 -1.21048759e+02	  4.53845020e+03	
 1.22449307e+04	  0.00000000e+00	  1.88850098e+03	 -1.21048759e+02	  3.42770977e+04	 -8.58848877e+02	
-6.76312500e+02	 -1.88850098e+03	  0.00000000e+00	  4.53845020e+03	 -8.58848877e+02	  3.57503296e+03	
1	 3	 55	
 5.00000000e+03	  0.00000000e+00	  0.00000000e+00	  0.00000000e+00	  1.34582549e+04	  2.38817017e+02	
 0.00000000e+00	  5.00000000e+03	  0.00000000e+00	 -1.34582549e+04	  0.00000000e+00	 -1.13826038e+03	
 0.00000000e+00	  0.00000000e+00	  5.00000000e+03	 -2.38817017e+02	  1.13826038e+03	  0.00000000e+00	
 0.00000000e+00	 -1.34582549e+04	 -2.38817017e+02	  3.82029414e+04	 -6.19759583e+02	  3.40656299e+03	
 1.34582549e+04	  0.00000000e+00	  1.13826038e+03	 -6.19759583e+02	  4.01348828e+04	  1.19313232e+03	
 2.38817017e+02	 -1.13826038e+03	  0.00000000e+00	  3.40656299e+03	  1.19313232e+03	  4.29334082e+03	
1	 10	 55	
 5.00000000e+03	  0.00000000e+00	  0.00000000e+00	  0.00000000e+00	  1.13985332e+04	 -1.29518127e+03	
 0.00000000e+00	  5.00000000e+03	  0.00000000e+00	 -1.13985332e+04	  0.00000000e+00	  1.19898474e+03	
 0.00000000e+00	  0.00000000e+00	  5.00000000e+03	  1.29518127e+03	 -1.19898474e+03	  0.00000000e+00	
 0.00000000e+00	 -1.13985332e+04	  1.29518127e+03	  2.84337598e+04	 -2.41304565e+02	 -3.71371021e+03	
 1.13985332e+04	  0.00000000e+00	 -1.19898474e+03	 -2.41304565e+02	  2.97730957e+04	 -2.64063647e+03	
-1.29518127e+03	  1.19898474e+03	  0.00000000e+00	 -3.71371021e+03	 -2.64063647e+03	  3.48318970e+03	
1	 11	 55	
 5.00000000e+03	  0.00000000e+00	  0.00000000e+00	  0.00000000e+00	  1.18471768e+04	 -7.24729614e+02	
 0.00000000e+00	  5.00000000e+03	  0.00000000e+00	 -1.18471768e+04	  0.00000000e+00	 -3.56649121e+03	
 0.00000000e+00	  0.00000000e+00	  5.00000000e+03	  7.24729614e+02	  3.56649121e+03	  0.00000000e+00	
 0.00000000e+00	 -1.18471768e+04	  7.24729614e+02	  3.06199258e+04	  5.04102936e+02	  8.69052148e+03	
 1.18471768e+04	  0.00000000e+00	  3.56649121e+03	  5.04102936e+02	  3.34025703e+04	 -1.03527075e+03	
-7.24729614e+02	 -3.56649121e+03	  0.00000000e+00	  8.69052148e+03	 -1.03527075e+03	  3.64960962e+03	
1	 35	 55	
 5.00000000e+03	  0.00000000e+00	  0.00000000e+00	  0.00000000e+00	  1.26022715e+04	  2.06441345e+02	
 0.00000000e+00	  5.00000000e+03	  0.00000000e+00	 -1.26022715e+04	  0.00000000e+00	 -3.34642725e+03	
 0.00000000e+00	  0.00000000e+00	  5.00000000e+03	 -2.06441345e+02	  3.34642725e+03	  0.00000000e+00	
 0.00000000e+00	 -1.26022715e+04	 -2.06441345e+02	  3.49566055e+04	 -2.34872620e+02	  8.80186719e+03	
 1.26022715e+04	  0.00000000e+00	  3.34642725e+03	 -2.34872620e+02	  3.77618789e+04	  1.59837488e+03	
 2.06441345e+02	 -3.34642725e+03	  0.00000000e+00	  8.80186719e+03	  1.59837488e+03	  4.69421191e+03	
1	 43	 55	
 5.00000000e+03	  0.00000000e+00	  0.00000000e+00	  0.00000000e+00	  1.11574434e+04	 -2.35504126e+03	
 0.00000000e+00	  5.00000000e+03	  0.00000000e+00	 -1.11574434e+04	  0.00000000e+00	  4.34665314e+02	
 0.00000000e+00	  0.00000000e+00	  5.00000000e+03	  2.35504126e+03	 -4.34665314e+02	  0.00000000e+00	
 0.00000000e+00	 -1.11574434e+04	  2.35504126e+03	  2.72929121e+04	 -7.02918274e+02	 -1.53609607e+03	
 1.11574434e+04	  0.00000000e+00	 -4.34665314e+02	 -7.02918274e+02	  2.73218223e+04	 -5.36752783e+03	
-2.35504126e+03	  4.34665314e+02	  0.00000000e+00	 -1.53609607e+03	 -5.36752783e+03	  2.94021875e+03	
1	 44	 55	
 5.00000000e+03	  0.00000000e+00	  0.00000000e+00	  0.00000000e+00	  1.21130137e+04	 -1.40273694e+03	
 0.00000000e+00	  5.00000000e+03	  0.00000000e+00	 -1.21130137e+04	  0.00000000e+00	  9.12239685e+02	
 0.00000000e+00	  0.00000000e+00	  5.00000000e+03	  1.40273694e+03	 -9.12239685e+02	  0.00000000e+00	
 0.00000000e+00	 -1.21130137e+04	  1.40273694e+03	  3.16111641e+04	 -6.69402344e+02	 -2.52429761e+03	
 1.21130137e+04	  0.00000000e+00	 -9.12239685e+02	 -6.69402344e+02	  3.16057246e+04	 -3.04905591e+03	
-1.40273694e+03	  9.12239685e+02	  0.00000000e+00	 -2.52429761e+03	 -3.04905591e+03	  2.45765015e+03	
1	 45	 55	
 5.00000000e+03	  0.00000000e+00	  0.00000000e+00	  0.00000000e+00	  1.15985039e+04	 -1.46829126e+03	
 0.00000000e+00	  5.00000000e+03	  0.00000000e+00	 -1.15985039e+04	  0.00000000e+00	 -2.21475784e+02	
 0.00000000e+00	  0.00000000e+00	  5.00000000e+03	  1.46829126e+03	  2.21475784e+02	  0.00000000e+00	
 0.00000000e+00	 -1.15985039e+04	  1.46829126e+03	  2.97048359e+04	 -3.98371429e+02	  9.18972321e+01	
 1.15985039e+04	  0.00000000e+00	  2.21475784e+02	 -3.98371429e+02	  3.02574062e+04	 -2.94761133e+03	
-1.46829126e+03	 -2.21475784e+02	  0.00000000e+00	  9.18972321e+01	 -2.94761133e+03	  3.28339502e+03	
1	 54	 55	
 5.00000000e+03	  0.00000000e+00	  0.00000000e+00	  0.00000000e+00	  1.13554629e+04	 -7.61230591e+02	
 0.00000000e+00	  5.00000000e+03	  0.00000000e+00	 -1.13554629e+04	  0.00000000e+00	 -3.20731714e+03	
 0.00000000e+00	  0.00000000e+00	  5.00000000e+03	  7.61230591e+02	  3.20731714e+03	  0.00000000e+00	
 0.00000000e+00	 -1.13554629e+04	  7.61230591e+02	  2.87739707e+04	  3.81842682e+02	  7.29067139e+03	
 1.13554629e+04	  0.00000000e+00	  3.20731714e+03	  3.81842682e+02	  3.10688477e+04	 -7.89219299e+02	
-7.61230591e+02	 -3.20731714e+03	  0.00000000e+00	  7.29067139e+03	 -7.89219299e+02	  3.95936377e+03	
2	 3	 55	
 5.00000000e+03	  0.00000000e+00	  0.00000000e+00	  0.00000000e+00	  1.43208916e+04	  3.31103979e+03	
 0.00000000e+00	  5.00000000e+03	  0.00000000e+00	 -1.43208916e+04	  0.00000000e+00	  1.01829163e+03	
 0.00000000e+00	  0.00000000e+00	  5.00000000e+03	 -3.31103979e+03	 -1.01829163e+03	  0.00000000e+00	
 0.00000000e+00	 -1.43208916e+04	 -3.31103979e+03	  4.52725117e+04	  4.65648071e+02	 -2.50385669e+03	
 1.43208916e+04	  0.00000000e+00	 -1.01829163e+03	  4.65648071e+02	  4.41642578e+04	  1.01531289e+04	
 3.31103979e+03	  1.01829163e+03	  0.00000000e+00	 -2.50385669e+03	  1.01531289e+04	  5.69041113e+03	
2	 10	 55	
 5.00000000e+03	  0.00000000e+00	  0.00000000e+00	  0.00000000e+00	  1.19749932e+04	  1.46345886e+03	
 0.00000000e+00	  5.00000000e+03	  0.00000000e+00	 -1.19749932e+04	  0.00000000e+00	  2.74389429e+03	
 0.00000000e+00	  0.00000000e+00	  5.00000000e+03	 -1.46345886e+03	 -2.74389429e+03	  0.00000000e+00	
 0.00000000e+00	 -1.19749932e+04	 -1.46345886e+03	  3.12802305e+04	  1.30741980e+03	 -7.35243213e+03	
 1.19749932e+04	  0.00000000e+00	 -2.74389429e+03	  1.30741980e+03	  3.25717617e+04	  4.34173926e+03	
 1.46345886e+03	  2.74389429e+03	  0.00000000e+00	 -7.35243213e+03	  4.34173926e+03	  4.21254297e+03	
2	 11	 55	
 5.00000000e+03	  0.00000000e+00	  0.00000000e+00	  0.00000000e+00	  1.28205596e+04	  1.42232764e+03	
 0.00000000e+00	  5.00000000e+03	  0.00000000e+00	 -1.28205596e+04	  0.00000000e+00	 -4.95679504e+02	
 0.00000000e+00	  0.00000000e+00	  5.00000000e+03	 -1.42232764e+03	  4.95679504e+02	  0.00000000e+00	
 0.00000000e+00	 -1.28205596e+04	 -1.42232764e+03	  3.58576172e+04	  3.64936035e+02	  1.09442065e+03	
 1.28205596e+04	  0.00000000e+00	  4.95679504e+02	  3.64936035e+02	  3.54074375e+04	  4.68992529e+03	
 1.42232764e+03	 -4.95679504e+02	  0.00000000e+00	  1.09442065e+03	  4.68992529e+03	  2.45196460e+03	
2	 34	 55	
 5.00000000e+03	  0.00000000e+00	  0.00000000e+00	  0.00000000e+00	  1.10935781e+04	  3.21547546e+01	
 0.00000000e+00	  5.00000000e+03	  0.00000000e+00	 -1.10935781e+04	  0.00000000e+00	 -8.11970581e+02	
 0.00000000e+00	  0.00000000e+00	  5.00000000e+03	 -3.21547546e+01	  8.11970581e+02	  0.00000000e+00	
 0.00000000e+00	 -1.10935781e+04	 -3.21547546e+01	  2.66838867e+04	  3.63365540e+02	  1.65033655e+03	
 1.10935781e+04	  0.00000000e+00	  8.11970581e+02	  3.63365540e+02	  2.70812812e+04	  8.93896545e+02	
 3.21547546e+01	 -8.11970581e+02	  0.00000000e+00	  1.65033655e+03	  8.93896545e+02	  1.73854492e+03	
2	 35	 55	
 5.00000000e+03	  0.00000000e+00	  0.00000000e+00	  0.00000000e+00	  1.35801650e+04	  2.69830518e+03	
 0.00000000e+00	  5.00000000e+03	  0.00000000e+00	 -1.35801650e+04	  0.00000000e+00	  9.28320312e+01	
 0.00000000e+00	  0.00000000e+00	  5.00000000e+03	 -2.69830518e+03	 -9.28320312e+01	  0.00000000e+00	
 0.00000000e+00	 -1.35801650e+04	 -2.69830518e+03	  4.10702109e+04	  4.82320099e+02	 -1.91467178e+02	
 1.35801650e+04	  0.00000000e+00	 -9.28320312e+01	  4.82320099e+02	  4.01888594e+04	  8.37521289e+03	
 2.69830518e+03	  9.28320312e+01	  0.00000000e+00	 -1.91467178e+02	  8.37521289e+03	  4.65785449e+03	
2	 43	 55	
 5.00000000e+03	  0.00000000e+00	  0.00000000e+00	  0.00000000e+00	  1.17639980e+04	  4.72754852e+02	
 0.00000000e+00	  5.00000000e+03	  0.00000000e+00	 -1.17639980e+04	  0.00000000e+00	  2.62893140e+03	
 0.00000000e+00	  0.00000000e+00	  5.00000000e+03	 -4.72754852e+02	 -2.62893140e+03	  0.00000000e+00	
 0.00000000e+00	 -1.17639980e+04	 -4.72754852e+02	  2.89568262e+04	  2.20635834e+02	 -6.52817676e+03	
 1.17639980e+04	  0.00000000e+00	 -2.62893140e+03	  2.20635834e+02	  3.09274531e+04	  1.45918225e+03	
 4.72754852e+02	  2.62893140e+03	  0.00000000e+00	 -6.52817676e+03	  1.45918225e+03	  2.79704688e+03	
2	 44	 55	
 5.00000000e+03	  0.00000000e+00	  0.00000000e+00	  0.00000000e+00	  1.24343428e+04	  1.91341724e+03	
 0.00000000e+00	  5.00000000e+03	  0.00000000e+00	 -1.24343428e+04	  0.00000000e+00	  3.60045557e+03	
 0.00000000e+00	  0.00000000e+00	  5.00000000e+03	 -1.91341724e+03	 -3.60045557e+03	  0.00000000e+00	
 0.00000000e+00	 -1.24343428e+04	 -1.91341724e+03	  3.41413984e+04	  1.63279785e+03	 -9.45273340e+03	
 1.24343428e+04	  0.00000000e+00	 -3.60045557e+03	  1.63279785e+03	  3.54629062e+04	  5.67786914e+03	
 1.91341724e+03	  3.60045557e+03	  0.00000000e+00	 -9.45273340e+03	  5.67786914e+03	  5.36159814e+03	
2	 45	 55	
 5.00000000e+03	  0.00000000e+00	  0.00000000e+00	  0.00000000e+00	  1.19862979e+04	  1.07471704e+03	
 0.00000000e+00	  5.00000000e+03	  0.00000000e+00	 -1.19862979e+04	  0.00000000e+00	  2.12999683e+03	
 0.00000000e+00	  0.00000000e+00	  5.00000000e+03	 -1.07471704e+03	 -2.12999683e+03	  0.00000000e+00	
 0.00000000e+00	 -1.19862979e+04	 -1.07471704e+03	  3.16328262e+04	  8.48418030e+02	 -5.69272461e+03	
 1.19862979e+04	  0.00000000e+00	 -2.12999683e+03	  8.48418030e+02	  3.25460977e+04	  3.57119312e+03	
 1.07471704e+03	  2.12999683e+03	  0.00000000e+00	 -5.69272461e+03	  3.57119312e+03	  3.87702979e+03	
2	 46	 55	
 5.00000000e+03	  0.00000000e+00	  0.00000000e+00	  0.00000000e+00	  1.18853789e+04	  8.53258972e+02	
 0.00000000e+00	  5.00000000e+03	  0.00000000e+00	 -1.18853789e+04	  0.00000000e+00	 -8.00908875e+02	
 0.00000000e+00	  0.00000000e+00	  5.00000000e+03	 -8.53258972e+02	  8.00908875e+02	  0.00000000e+00	
 0.00000000e+00	 -1.18853789e+04	 -8.53258972e+02	  3.13419590e+04	  1.73548416e+02	  1.85133899e+03	
 1.18853789e+04	  0.00000000e+00	  8.00908875e+02	  1.73548416e+02	  3.11190254e+04	  3.26237915e+03	
 8.53258972e+02	 -8.00908875e+02	  0.00000000e+00	  1.85133899e+03	  3.26237915e+03	  2.24583984e+03	
2	 53	 55	
 5.00000000e+03	  0.00000000e+00	  0.00000000e+00	  0.00000000e+00	  1.10378662e+04	 -1.85259872e+02	
 0.00000000e+00	  5.00000000e+03	  0.00000000e+00	 -1.10378662e+04	  0.00000000e+00	 -1.55075037e+03	
 0.00000000e+00	  0.00000000e+00	  5.00000000e+03	  1.85259872e+02	  1.55075037e+03	  0.00000000e+00	
 0.00000000e+00	 -1.10378662e+04	  1.85259872e+02	  2.63433926e+04	  1.04504257e+02	  3.70305981e+03	
 1.10378662e+04	  0.00000000e+00	  1.55075037e+03	  1.04504257e+02	  2.70837480e+04	  3.07323700e+02	
-1.85259872e+02	 -1.55075037e+03	  0.00000000e+00	  3.70305981e+03	  3.07323700e+02	  1.78574231e+03	
2	 54	 55	
 5.00000000e+03	  0.00000000e+00	  0.00000000e+00	  0.00000000e+00	  1.19492588e+04	  7.52210327e+02	
 0.00000000e+00	  5.00000000e+03	  0.00000000e+00	 -1.19492588e+04	  0.00000000e+00	 -5.70847351e+02	
 0.00000000e+00	  0.00000000e+00	  5.00000000e+03	 -7.52210327e+02	  5.70847351e+02	  0.00000000e+00	
 0.00000000e+00	 -1.19492588e+04	 -7.52210327e+02	  3.19677734e+04	  5.50792725e+02	  1.13859192e+03	
 1.19492588e+04	  0.00000000e+00	  5.70847351e+02	  5.50792725e+02	  3.19044277e+04	  3.09784839e+03	
 7.52210327e+02	 -5.70847351e+02	  0.00000000e+00	  1.13859192e+03	  3.09784839e+03	  3.38057715e+03	
3	 10	 55	
 5.00000000e+03	  0.00000000e+00	  0.00000000e+00	  0.00000000e+00	  1.13516865e+04	 -2.33745337e+03	
 0.00000000e+00	  5.00000000e+03	  0.00000000e+00	 -1.13516865e+04	  0.00000000e+00	  3.12896997e+03	
 0.00000000e+00	  0.00000000e+00	  5.00000000e+03	  2.33745337e+03	 -3.12896997e+03	  0.00000000e+00	
 0.00000000e+00	 -1.13516865e+04	  2.33745337e+03	  2.85302031e+04	 -1.44286182e+03	 -7.06566504e+03	
 1.13516865e+04	  0.00000000e+00	 -3.12896997e+03	 -1.44286182e+03	  3.04001855e+04	 -5.11138184e+03	
-2.33745337e+03	  3.12896997e+03	  0.00000000e+00	 -7.06566504e+03	 -5.11138184e+03	  5.17166699e+03	
3	 35	 55	
 5.00000000e+03	  0.00000000e+00	  0.00000000e+00	  0.00000000e+00	  1.39221543e+04	 -8.49360596e+02	
 0.00000000e+00	  5.00000000e+03	  0.00000000e+00	 -1.39221543e+04	  0.00000000e+00	 -2.49197372e+02	
 0.00000000e+00	  0.00000000e+00	  5.00000000e+03	  8.49360596e+02	  2.49197372e+02	  0.00000000e+00	
 0.00000000e+00	 -1.39221543e+04	  8.49360596e+02	  4.08898633e+04	  1.37860748e+02	  1.23350952e+03	
 1.39221543e+04	  0.00000000e+00	  2.49197372e+02	  1.37860748e+02	  4.17533828e+04	 -1.80550427e+03	
-8.49360596e+02	 -2.49197372e+02	  0.00000000e+00	  1.23350952e+03	 -1.80550427e+03	  2.65662207e+03	
3	 45	 55	
 5.00000000e+03	  0.00000000e+00	  0.00000000e+00	  0.00000000e+00	  1.22353584e+04	 -2.41982959e+03	
 0.00000000e+00	  5.00000000e+03	  0.00000000e+00	 -1.22353584e+04	  0.00000000e+00	  1.80187317e+03	
 0.00000000e+00	  0.00000000e+00	  5.00000000e+03	  2.41982959e+03	 -1.80187317e+03	  0.00000000e+00	
 0.00000000e+00	 -1.22353584e+04	  2.41982959e+03	  3.29894180e+04	 -1.27082751e+03	 -4.43149707e+03	
 1.22353584e+04	  0.00000000e+00	 -1.80187317e+03	 -1.27082751e+03	  3.33368398e+04	 -5.39334912e+03	
-2.41982959e+03	  1.80187317e+03	  0.00000000e+00	 -4.43149707e+03	 -5.39334912e+03	  4.27388281e+03	
3	 54	 55	
 5.00000000e+03	  0.00000000e+00	  0.00000000e+00	  0.00000000e+00	  1.28629707e+04	 -1.83606238e+03	
 0.00000000e+00	  5.00000000e+03	  0.00000000e+00	 -1.28629707e+04	  0.00000000e+00	 -5.41619324e+02	
 0.00000000e+00	  0.00000000e+00	  5.00000000e+03	  1.83606238e+03	  5.41619324e+02	  0.00000000e+00	
 0.00000000e+00	 -1.28629707e+04	  1.83606238e+03	  3.57247188e+04	  2.95505493e+02	  1.37935181e+03	
 1.28629707e+04	  0.00000000e+00	  5.41619324e+02	  2.95505493e+02	  3.54471484e+04	 -4.08617017e+03	
-1.83606238e+03	 -5.41619324e+02	  0.00000000e+00	  1.37935181e+03	 -4.08617017e+03	  2.00904492e+03	
4	 5	 55	
 5.00000000e+03	  0.00000000e+00	  0.00000000e+00	  0.00000000e+00	  8.19238477e+03	 -5.37017212e+02	
 0.00000000e+00	  5.00000000e+03	  0.00000000e+00	 -8.19238477e+03	  0.00000000e+00	  4.70211182e+03	
 0.00000000e+00	  0.00000000e+00	  5.00000000e+03	  5.37017212e+02	 -4.70211182e+03	  0.00000000e+00	
 0.00000000e+00	 -8.19238477e+03	  5.37017212e+02	  1.43575381e+04	 -5.06438446e+02	 -7.62568213e+03	
 8.19238477e+03	  0.00000000e+00	 -4.70211182e+03	 -5.06438446e+02	  1.90218438e+04	 -8.90573181e+02	
-5.37017212e+02	  4.70211182e+03	  0.00000000e+00	 -7.62568213e+03	 -8.90573181e+02	  6.13800684e+03	
4	 6	 55	
 5.00000000e+03	  0.00000000e+00	  0.00000000e+00	  0.00000000e+00	  8.46740137e+03	 -5.52930420e+02	
 0.00000000e+00	  5.00000000e+03	  0.00000000e+00	 -8.46740137e+03	  0.00000000e+00	  5.17673535e+03	
 0.00000000e+00	  0.00000000e+00	  5.00000000e+03	  5.52930420e+02	 -5.17673535e+03	  0.00000000e+00	
 0.00000000e+00	 -8.46740137e+03	  5.52930420e+02	  1.50774941e+04	 -5.47596313e+02	 -8.67666211e+03	
 8.46740137e+03	  0.00000000e+00	 -5.17673535e+03	 -5.47596313e+02	  2.03155859e+04	 -9.33217957e+02	
-5.52930420e+02	  5.17673535e+03	  0.00000000e+00	 -8.67666211e+03	 -9.33217957e+02	  6.39134668e+03	
4	 9	 55	
 5.00000000e+03	  0.00000000e+00	  0.00000000e+00	  0.00000000e+00	  9.25863281e+03	 -1.23149097e+03	
 0.00000000e+00	  5.00000000e+03	  0.00000000e+00	 -9.25863281e+03	  0.00000000e+00	  8.98479736e+02	
 0.00000000e+00	  0.00000000e+00	  5.00000000e+03	  1.23149097e+03	 -8.98479736e+02	  0.00000000e+00	
 0.00000000e+00	 -9.25863281e+03	  1.23149097e+03	  1.84233184e+04	 -1.38102829e+02	 -9.91699463e+02	
 9.25863281e+03	  0.00000000e+00	 -8.98479736e+02	 -1.38102829e+02	  2.07173633e+04	 -2.36951099e+03	
-1.23149097e+03	  8.98479736e+02	  0.00000000e+00	 -9.91699463e+02	 -2.36951099e+03	  3.95200244e+03	
4	 10	 55	
 3.83800000e+03	  0.00000000e+00	  0.00000000e+00	  0.00000000e+00	  7.43790137e+03	 -1.14997339e+03	
 0.00000000e+00	  3.83800000e+03	  0.00000000e+00	 -7.43790137e+03	  0.00000000e+00	 -1.94429065e+03	
 0.00000000e+00	  0.00000000e+00	  3.83800000e+03	  1.14997339e+03	  1.94429065e+03	  0.00000000e+00	
 0.00000000e+00	 -7.43790137e+03	  1.14997339e+03	  1.56449424e+04	  6.63995911e+02	  4.32753027e+03	
 7.43790137e+03	  0.00000000e+00	  1.94429065e+03	  6.63995911e+02	  1.68008555e+04	 -2.32446289e+03	
-1.14997339e+03	 -1.94429065e+03	  0.00000000e+00	  4.32753027e+03	 -2.32446289e+03	  2.69473535e+03	
4	 18	 55	
 5.00000000e+03	  0.00000000e+00	  0.00000000e+00	  0.00000000e+00	  9.74545801e+03	 -9.78230164e+02	
 0.00000000e+00	  5.00000000e+03	  0.00000000e+00	 -9.74545801e+03	  0.00000000e+00	 -1.82659680e+03	
 0.00000000e+00	  0.00000000e+00	  5.00000000e+03	  9.78230164e+02	  1.82659680e+03	  0.00000000e+00	
 0.00000000e+00	 -9.74545801e+03	  9.78230164e+02	  2.01813145e+04	  2.65113251e+02	  3.77476929e+03	
 9.74545801e+03	  0.00000000e+00	  1.82659680e+03	  2.65113251e+02	  2.01641445e+04	 -1.95779272e+03	
-9.78230164e+02	 -1.82659680e+03	  0.00000000e+00	  3.77476929e+03	 -1.95779272e+03	  1.85144238e+03	
4	 19	 55	
 3.22700000e+03	  0.00000000e+00	  0.00000000e+00	  0.00000000e+00	  6.59512939e+03	  5.37286415e+01	
 0.00000000e+00	  3.22700000e+03	  0.00000000e+00	 -6.59512939e+03	  0.00000000e+00	 -1.66258557e+03	
 0.00000000e+00	  0.00000000e+00	  3.22700000e+03	 -5.37286415e+01	  1.66258557e+03	  0.00000000e+00	
 0.00000000e+00	 -6.59512939e+03	 -5.37286415e+01	  1.44293838e+04	  1.12222834e+01	  3.58981812e+03	
 6.59512939e+03	  0.00000000e+00	  1.66258557e+03	  1.12222834e+01	  1.47930830e+04	 -4.08948441e+01	
 5.37286415e+01	 -1.66258557e+03	  0.00000000e+00	  3.58981812e+03	 -4.08948441e+01	  1.75940576e+03	
4	 20	 55	
 5.00000000e+03	  0.00000000e+00	  0.00000000e+00	  0.00000000e+00	  9.70073242e+03	 -5.96292419e+02	
 0.00000000e+00	  5.00000000e+03	  0.00000000e+00	 -9.70073242e+03	  0.00000000e+00	 -1.82599414e+03	
 0.00000000e+00	  0.00000000e+00	  5.00000000e+03	  5.96292419e+02	  1.82599414e+03	  0.00000000e+00	
 0.00000000e+00	 -9.70073242e+03	  5.96292419e+02	  2.01594824e+04	 -7.97454910e+01	  3.92548096e+03	
 9.70073242e+03	  0.00000000e+00	  1.82599414e+03	 -7.97454910e+01	  2.03442480e+04	 -9.88893372e+02	
-5.96292419e+02	 -1.82599414e+03	  0.00000000e+00	  3.92548096e+03	 -9.88893372e+02	  2.06357324e+03	
4	 36	 55	
 5.00000000e+03	  0.00000000e+00	  0.00000000e+00	  0.00000000e+00	  9.31623828e+03	 -1.69772144e+03	
 0.00000000e+00	  5.00000000e+03	  0.00000000e+00	 -9.31623828e+03	  0.00000000e+00	  2.13838440e+02	
 0.00000000e+00	  0.00000000e+00	  5.00000000e+03	  1.69772144e+03	 -2.13838440e+02	  0.00000000e+00	
 0.00000000e+00	 -9.31623828e+03	  1.69772144e+03	  1.88042402e+04	  1.33866501e+02	  1.97926750e+01	
 9.31623828e+03	  0.00000000e+00	 -2.13838440e+02	  1.33866501e+02	  1.94965605e+04	 -3.25685791e+03	
-1.69772144e+03	  2.13838440e+02	  0.00000000e+00	  1.97926750e+01	 -3.25685791e+03	  2.72546094e+03	
4	 37	 55	
 5.00000000e+03	  0.00000000e+00	  0.00000000e+00	  0.00000000e+00	  7.95540186e+03	 -1.41469678e+03	
 0.00000000e+00	  5.00000000e+03	  0.00000000e+00	 -7.95540186e+03	  0.00000000e+00	  5.00789502e+03	
 0.00000000e+00	  0.00000000e+00	  5.00000000e+03	  1.41469678e+03	 -5.00789502e+03	  0.00000000e+00	
 0.00000000e+00	 -7.95540186e+03	  1.41469678e+03	  1.36542627e+04	 -1.32868323e+03	 -8.02780566e+03	
 7.95540186e+03	  0.00000000e+00	 -5.00789502e+03	 -1.32868323e+03	  1.87489746e+04	 -2.23214990e+03	
-1.41469678e+03	  5.00789502e+03	  0.00000000e+00	 -8.02780566e+03	 -2.23214990e+03	  6.58940234e+03	
5	 6	 55	
 5.00000000e+03	  0.00000000e+00	  0.00000000e+00	  0.00000000e+00	  8.20100293e+03	 -1.40798010e+03	
 0.00000000e+00	  5.00000000e+03	  0.00000000e+00	 -8.20100293e+03	  0.00000000e+00	  1.82266748e+03	
 0.00000000e+00	  0.00000000e+00	  5.00000000e+03	  1.40798010e+03	 -1.82266748e+03	  0.00000000e+00	
 0.00000000e+00	 -8.20100293e+03	  1.40798010e+03	  1.48134570e+04	 -6.49693542e+02	 -2.76981641e+03	
 8.20100293e+03	  0.00000000e+00	 -1.82266748e+03	 -6.49693542e+02	  1.56776543e+04	 -2.28283618e+03	
-1.40798010e+03	  1.82266748e+03	  0.00000000e+00	 -2.76981641e+03	 -2.28283618e+03	  2.90949561e+03	
5	 7	 55	
 5.00000000e+03	  0.00000000e+00	  0.00000000e+00	  0.00000000e+00	  7.87477148e+03	 -1.89303259e+03	
 0.00000000e+00	  5.00000000e+03	  0.00000000e+00	 -7.87477148e+03	  0.00000000e+00	  2.69149243e+03	
 0.00000000e+00	  0.00000000e+00	  5.00000000e+03	  1.89303259e+03	 -2.69149243e+03	  0.00000000e+00	
 0.00000000e+00	 -7.87477148e+03	  1.89303259e+03	  1.38357480e+04	 -1.01365771e+03	 -4.05043750e+03	
 7.87477148e+03	  0.00000000e+00	 -2.69149243e+03	 -1.01365771e+03	  1.51209287e+04	 -2.93237988e+03	
-1.89303259e+03	  2.69149243e+03	  0.00000000e+00	 -4.05043750e+03	 -2.93237988e+03	  3.55188330e+03	
5	 8	 55	
 5.00000000e+03	  0.00000000e+00	  0.00000000e+00	  0.00000000e+00	  7.97232324e+03	 -2.57836499e+03	
 0.00000000e+00	  5.00000000e+03	  0.00000000e+00	 -7.97232324e+03	  0.00000000e+00	  2.30789478e+03	
 0.00000000e+00	  0.00000000e+00	  5.00000000e+03	  2.57836499e+03	 -2.30789478e+03	  0.00000000e+00	
 0.00000000e+00	 -7.97232324e+03	  2.57836499e+03	  1.45509092e+04	 -1.25009082e+03	 -3.48988110e+03	
 7.97232324e+03	  0.00000000e+00	 -2.30789478e+03	 -1.25009082e+03	  1.52049775e+04	 -4.09090649e+03	
-2.57836499e+03	  2.30789478e+03	  0.00000000e+00	 -3.48988110e+03	 -4.09090649e+03	  3.71446729e+03	
5	 9	 55	
 5.00000000e+03	  0.00000000e+00	  0.00000000e+00	  0.00000000e+00	  7.65790088e+03	 -1.63963257e+03	
 0.00000000e+00	  5.00000000e+03	  0.00000000e+00	 -7.65790088e+03	  0.00000000e+00	 -1.69791946e+02	
 0.00000000e+00	  0.00000000e+00	  5.00000000e+03	  1.63963257e+03	  1.69791946e+02	  0.00000000e+00	
 0.00000000e+00	 -7.65790088e+03	  1.63963257e+03	  1.32611084e+04	 -2.98148499e+02	  2.00757462e+02	
 7.65790088e+03	  0.00000000e+00	  1.69791946e+02	 -2.98148499e+02	  1.30100059e+04	 -2.41198730e+03	
-1.63963257e+03	 -1.69791946e+02	  0.00000000e+00	  2.00757462e+02	 -2.41198730e+03	  1.86761206e+03	
5	 37	 55	
 5.00000000e+03	  0.00000000e+00	  0.00000000e+00	  0.00000000e+00	  7.90399414e+03	 -1.75391150e+03	
 0.00000000e+00	  5.00000000e+03	  0.00000000e+00	 -7.90399414e+03	  0.00000000e+00	  2.20481641e+03	
 0.00000000e+00	  0.00000000e+00	  5.00000000e+03	  1.75391150e+03	 -2.20481641e+03	  0.00000000e+00	
 0.00000000e+00	 -7.90399414e+03	  1.75391150e+03	  1.38495859e+04	 -8.83243958e+02	 -3.39107397e+03	
 7.90399414e+03	  0.00000000e+00	 -2.20481641e+03	 -8.83243958e+02	  1.51655977e+04	 -2.77424072e+03	
-1.75391150e+03	  2.20481641e+03	  0.00000000e+00	 -3.39107397e+03	 -2.77424072e+03	  3.33243481e+03	
5	 38	 55	
 5.00000000e+03	  0.00000000e+00	  0.00000000e+00	  0.00000000e+00	  7.96176855e+03	 -1.81129785e+03	
 0.00000000e+00	  5.00000000e+03	  0.00000000e+00	 -7.96176855e+03	  0.00000000e+00	  2.94502417e+03	
 0.00000000e+00	  0.00000000e+00	  5.00000000e+03	  1.81129785e+03	 -2.94502417e+03	  0.00000000e+00	
 0.00000000e+00	 -7.96176855e+03	  1.81129785e+03	  1.40255664e+04	 -1.08439331e+03	 -4.34230127e+03	
 7.96176855e+03	  0.00000000e+00	 -2.94502417e+03	 -1.08439331e+03	  1.57194121e+04	 -2.83301807e+03	
-1.81129785e+03	  2.94502417e+03	  0.00000000e+00	 -4.34230127e+03	 -2.83301807e+03	  3.72876709e+03	
5	 39	 55	
 5.00000000e+03	  0.00000000e+00	  0.00000000e+00	  0.00000000e+00	  8.54740625e+03	 -1.85508716e+03	
 0.00000000e+00	  5.00000000e+03	  0.00000000e+00	 -8.54740625e+03	  0.00000000e+00	  1.46726050e+03	
 0.00000000e+00	  0.00000000e+00	  5.00000000e+03	  1.85508716e+03	 -1.46726050e+03	  0.00000000e+00	
 0.00000000e+00	 -8.54740625e+03	  1.85508716e+03	  1.58930371e+04	 -4.99251953e+02	 -2.40183813e+03	
 8.54740625e+03	  0.00000000e+00	 -1.46726050e+03	 -4.99251953e+02	  1.58826465e+04	 -3.11511230e+03	
-1.85508716e+03	  1.46726050e+03	  0.00000000e+00	 -2.40183813e+03	 -3.11511230e+03	  2.02163721e+03	
5	 40	 55	
 5.00000000e+03	  0.00000000e+00	  0.00000000e+00	  0.00000000e+00	  7.79466650e+03	 -2.50867773e+03	
 0.00000000e+00	  5.00000000e+03	  0.00000000e+00	 -7.79466650e+03	  0.00000000e+00	  2.17737280e+03	
 0.00000000e+00	  0.00000000e+00	  5.00000000e+03	  2.50867773e+03	 -2.17737280e+03	  0.00000000e+00	
 0.00000000e+00	 -7.79466650e+03	  2.50867773e+03	  1.41299941e+04	 -9.91084290e+02	 -3.23853638e+03	
 7.79466650e+03	  0.00000000e+00	 -2.17737280e+03	 -9.91084290e+02	  1.42920020e+04	 -3.91300439e+03	
-2.50867773e+03	  2.17737280e+03	  0.00000000e+00	 -3.23853638e+03	 -3.91300439e+03	  3.26028491e+03	
5	 41	 55	
 5.00000000e+03	  0.00000000e+00	  0.00000000e+00	  0.00000000e+00	  7.61304346e+03	 -2.70401782e+03	
 0.00000000e+00	  5.00000000e+03	  0.00000000e+00	 -7.61304346e+03	  0.00000000e+00	  2.29529419e+03	
 0.00000000e+00	  0.00000000e+00	  5.00000000e+03	  2.70401782e+03	 -2.29529419e+03	  0.00000000e+00	
 0.00000000e+00	 -7.61304346e+03	  2.70401782e+03	  1.37078125e+04	 -1.14237170e+03	 -3.43863306e+03	
 7.61304346e+03	  0.00000000e+00	 -2.29529419e+03	 -1.14237170e+03	  1.39682334e+04	 -4.15295459e+03	
-2.70401782e+03	  2.29529419e+03	  0.00000000e+00	 -3.43863306e+03	 -4.15295459e+03	  3.65467578e+03	
6	 7	 55	
 5.00000000e+03	  0.00000000e+00	  0.00000000e+00	  0.00000000e+00	  8.98378320e+03	 -8.81359192e+02	
 0.00000000e+00	  5.00000000e+03	  0.00000000e+00	 -8.98378320e+03	  0.00000000e+00	  1.20903308e+03	
 0.00000000e+00	  0.00000000e+00	  5.00000000e+03	  8.81359192e+02	 -1.20903308e+03	  0.00000000e+00	
 0.00000000e+00	 -8.98378320e+03	  8.81359192e+02	  1.75654121e+04	 -3.01651062e+02	 -1.72995618e+03	
 8.98378320e+03	  0.00000000e+00	 -1.20903308e+03	 -3.01651062e+02	  1.84536367e+04	 -1.54059521e+03	
-8.81359192e+02	  1.20903308e+03	  0.00000000e+00	 -1.72995618e+03	 -1.54059521e+03	  2.41215088e+03	
6	 8	 55	
 5.00000000e+03	  0.00000000e+00	  0.00000000e+00	  0.00000000e+00	  9.34231543e+03	 -1.54866479e+03	
 0.00000000e+00	  5.00000000e+03	  0.00000000e+00	 -9.34231543e+03	  0.00000000e+00	 -7.79616089e+01	
 0.00000000e+00	  0.00000000e+00	  5.00000000e+03	  1.54866479e+03	  7.79616089e+01	  0.00000000e+00	
 0.00000000e+00	 -9.34231543e+03	  1.54866479e+03	  1.90258867e+04	 -1.29570999e+02	  2.78951233e+02	
 9.34231543e+03	  0.00000000e+00	  7.79616089e+01	 -1.29570999e+02	  1.94878223e+04	 -2.79973120e+03	
-1.54866479e+03	 -7.79616089e+01	  0.00000000e+00	  2.78951233e+02	 -2.79973120e+03	  2.02264148e+03	
6	 9	 55	
 5.00000000e+03	  0.00000000e+00	  0.00000000e+00	  0.00000000e+00	  9.22568848e+03	 -5.72767273e+02	
 0.00000000e+00	  5.00000000e+03	  0.00000000e+00	 -9.22568848e+03	  0.00000000e+00	 -2.17526050e+03	
 0.00000000e+00	  0.00000000e+00	  5.00000000e+03	  5.72767273e+02	  2.17526050e+03	  0.00000000e+00	
 0.00000000e+00	 -9.22568848e+03	  5.72767273e+02	  1.84435117e+04	 -4.42394562e+01	  4.15594629e+03	
 9.22568848e+03	  0.00000000e+00	  2.17526050e+03	 -4.42394562e+01	  1.92851797e+04	 -7.57088135e+02	
-5.72767273e+02	 -2.17526050e+03	  0.00000000e+00	  4.15594629e+03	 -7.57088135e+02	  2.14250586e+03	
6	 37	 55	
 5.00000000e+03	  0.00000000e+00	  0.00000000e+00	  0.00000000e+00	  9.69417871e+03	 -1.43597351e+02	
 0.00000000e+00	  5.00000000e+03	  0.00000000e+00	 -9.69417871e+03	  0.00000000e+00	  1.52727633e+01	
 0.00000000e+00	  0.00000000e+00	  5.00000000e+03	  1.43597351e+02	 -1.52727633e+01	  0.00000000e+00	
 0.00000000e+00	 -9.69417871e+03	  1.43597351e+02	  1.96953320e+04	 -1.07383926e+02	  3.03785065e+02	
 9.69417871e+03	  0.00000000e+00	 -1.52727633e+01	 -1.07383926e+02	  2.04412285e+04	 -1.98821060e+02	
-1.43597351e+02	  1.52727633e+01	  0.00000000e+00	  3.03785065e+02	 -1.98821060e+02	  1.75963892e+03	
6	 38	 55	
 5.00000000e+03	  0.00000000e+00	  0.00000000e+00	  0.00000000e+00	  9.78401562e+03	 -8.89875061e+02	
 0.00000000e+00	  5.00000000e+03	  0.00000000e+00	 -9.78401562e+03	  0.00000000e+00	  3.86936218e+02	
 0.00000000e+00	  0.00000000e+00	  5.00000000e+03	  8.89875061e+02	 -3.86936218e+02	  0.00000000e+00	
 0.00000000e+00	 -9.78401562e+03	  8.89875061e+02	  2.02899766e+04	 -1.71567963e+02	 -4.56097473e+02	
 9.78401562e+03	  0.00000000e+00	 -3.86936218e+02	 -1.71567963e+02	  2.05094434e+04	 -1.65415942e+03	
-8.89875061e+02	  3.86936218e+02	  0.00000000e+00	 -4.56097473e+02	 -1.65415942e+03	  1.56976965e+03	
6	 39	 55	
 5.00000000e+03	  0.00000000e+00	  0.00000000e+00	  0.00000000e+00	  1.00959053e+04	 -7.28528503e+02	
 0.00000000e+00	  5.00000000e+03	  0.00000000e+00	 -1.00959053e+04	  0.00000000e+00	 -9.78610046e+02	
 0.00000000e+00	  0.00000000e+00	  5.00000000e+03	  7.28528503e+02	  9.78610046e+02	  0.00000000e+00	
 0.00000000e+00	 -1.00959053e+04	  7.28528503e+02	  2.13143242e+04	  2.54785633e+01	  2.02552795e+03	
 1.00959053e+04	  0.00000000e+00	  9.78610046e+02	  2.54785633e+01	  2.17363770e+04	 -1.39777344e+03	
-7.28528503e+02	 -9.78610046e+02	  0.00000000e+00	  2.02552795e+03	 -1.39777344e+03	  1.59901709e+03	
6	 40	 55	
 5.00000000e+03	  0.00000000e+00	  0.00000000e+00	  0.00000000e+00	  9.79445117e+03	 -1.64662427e+03	
 0.00000000e+00	  5.00000000e+03	  0.00000000e+00	 -9.79445117e+03	  0.00000000e+00	 -5.45196533e+02	
 0.00000000e+00	  0.00000000e+00	  5.00000000e+03	  1.64662427e+03	  5.45196533e+02	  0.00000000e+00	
 0.00000000e+00	 -9.79445117e+03	  1.64662427e+03	  2.07517637e+04	  5.92613487e+01	  1.22719104e+03	
 9.79445117e+03	  0.00000000e+00	  5.45196533e+02	  5.92613487e+01	  2.07018730e+04	 -3.18362744e+03	
-1.64662427e+03	 -5.45196533e+02	  0.00000000e+00	  1.22719104e+03	 -3.18362744e+03	  1.84532117e+03	
6	 41	 55	
 5.00000000e+03	  0.00000000e+00	  0.00000000e+00	  0.00000000e+00	  9.62754297e+03	 -2.06903418e+03	
 0.00000000e+00	  5.00000000e+03	  0.00000000e+00	 -9.62754297e+03	  0.00000000e+00	 -1.62835293e+01	
 0.00000000e+00	  0.00000000e+00	  5.00000000e+03	  2.06903418e+03	  1.62835293e+01	  0.00000000e+00	
 0.00000000e+00	 -9.62754297e+03	  2.06903418e+03	  2.03348594e+04	 -1.28063400e+02	  3.59951477e+01	
 9.62754297e+03	  0.00000000e+00	  1.62835293e+01	 -1.28063400e+02	  2.00744199e+04	 -3.97488037e+03	
-2.06903418e+03	 -1.62835293e+01	  0.00000000e+00	  3.59951477e+01	 -3.97488037e+03	  2.04445874e+03	
7	 8	 55	
 5.00000000e+03	  0.00000000e+00	  0.00000000e+00	  0.00000000e+00	  9.29618457e+03	 -5.62963219e+01	
 0.00000000e+00	  5.00000000e+03	  0.00000000e+00	 -9.29618457e+03	  0.00000000e+00	 -1.16494153e+03	
 0.00000000e+00	  0.00000000e+00	  5.00000000e+03	  5.62963219e+01	  1.16494153e+03	  0.00000000e+00	
 0.00000000e+00	 -9.29618457e+03	  5.62963219e+01	  1.86355117e+04	 -2.33066895e+02	  2.21925195e+03	
 9.29618457e+03	  0.00000000e+00	  1.16494153e+03	 -2.33066895e+02	  1.91191855e+04	  1.54862604e+01	
-5.62963219e+01	 -1.16494153e+03	  0.00000000e+00	  2.21925195e+03	  1.54862604e+01	  1.86015955e+03	
7	 37	 55	
 5.00000000e+03	  0.00000000e+00	  0.00000000e+00	  0.00000000e+00	  9.01668945e+03	  1.41498694e+03	
 0.00000000e+00	  5.00000000e+03	  0.00000000e+00	 -9.01668945e+03	  0.00000000e+00	 -4.79331085e+02	
 0.00000000e+00	  0.00000000e+00	  5.00000000e+03	 -1.41498694e+03	  4.79331085e+02	  0.00000000e+00	
 0.00000000e+00	 -9.01668945e+03	 -1.41498694e+03	  1.76703145e+04	 -3.90291534e+02	  1.08757349e+03	
 9.01668945e+03	  0.00000000e+00	  4.79331085e+02	 -3.90291534e+02	  1.77216621e+04	  2.66148608e+03	
 1.41498694e+03	 -4.79331085e+02	  0.00000000e+00	  1.08757349e+03	  2.66148608e+03	  2.27230176e+03	
7	 38	 55	
 5.00000000e+03	  0.00000000e+00	  0.00000000e+00	  0.00000000e+00	  9.38396973e+03	  6.84663635e+02	
 0.00000000e+00	  5.00000000e+03	  0.00000000e+00	 -9.38396973e+03	  0.00000000e+00	 -1.26775110e+03	
 0.00000000e+00	  0.00000000e+00	  5.00000000e+03	 -6.84663635e+02	  1.26775110e+03	  0.00000000e+00	
 0.00000000e+00	 -9.38396973e+03	 -6.84663635e+02	  1.88644766e+04	 -2.62248352e+02	  2.56393481e+03	
 9.38396973e+03	  0.00000000e+00	  1.26775110e+03	 -2.62248352e+02	  1.93841230e+04	  1.31002454e+03	
 6.84663635e+02	 -1.26775110e+03	  0.00000000e+00	  2.56393481e+03	  1.31002454e+03	  1.91965613e+03	
7	 39	 55	
 5.00000000e+03	  0.00000000e+00	  0.00000000e+00	  0.00000000e+00	  9.37136230e+03	  1.04127771e+03	
