0	 1	 55	
 9.88410964e-01	  1.20151907e-01	  9.27790516e-02	 -3.01362623e-01	
-1.14491807e-01	  9.91351624e-01	 -6.41184267e-02	  1.48684399e-01	
-9.96809535e-02	  5.27537740e-02	  9.93620548e-01	 -1.65869892e-01	
 0.00000000e+00	  0.00000000e+00	  0.00000000e+00	  1.00000000e+00	
0	 2	 55	
 9.96026137e-01	  3.56221715e-02	 -8.16280312e-02	 -5.02324470e-01	
-1.75306812e-02	  9.77009157e-01	  2.12471121e-01	  3.23315548e-02	
 8.73193565e-02	 -2.10194846e-01	  9.73752531e-01	 -4.09972950e-01	
 0.00000000e+00	  0.00000000e+00	  0.00000000e+00	  1.00000000e+00	
0	 3	 55	
 9.95043862e-01	  9.26129119e-02	 -3.62274823e-02	 -4.96407776e-01	
-9.67041302e-02	  9.86071393e-01	 -1.35304300e-01	  3.65473993e-02	
 2.31913384e-02	  1.38137457e-01	  9.90142053e-01	 -1.47784963e-01	
 0.00000000e+00	  0.00000000e+00	  0.00000000e+00	  1.00000000e+00	
0	 10	 55	
 8.91179260e-01	 -5.74892793e-02	  4.49992247e-01	 -5.12121487e-01	
-3.46933006e-02	  9.80394729e-01	  1.93956521e-01	 -2.15576065e-01	
-4.52321956e-01	 -1.88462278e-01	  8.71714510e-01	 -3.67742791e-01	
 0.00000000e+00	  0.00000000e+00	  0.00000000e+00	  1.00000000e+00	
0	 19	 55	
 5.57199681e-02	 -1.80616567e-01	  9.81973031e-01	 -1.76521976e+00	
 1.47459513e-01	  9.74203385e-01	  1.70819448e-01	 -6.26093637e-01	
-9.87496756e-01	  1.35284413e-01	  8.09131022e-02	  2.33529801e+00	
 0.00000000e+00	  0.00000000e+00	  0.00000000e+00	  1.00000000e+00	
0	 35	 55	
 9.30997050e-01	 -4.79640902e-03	  3.64976660e-01	 -2.01385700e+00	
-1.58068275e-02	  9.98442781e-01	  5.34393768e-02	  1.41190635e-01	
-3.64670513e-01	 -5.55185179e-02	  9.29480764e-01	 -1.19175297e-01	
 0.00000000e+00	  0.00000000e+00	  0.00000000e+00	  1.00000000e+00	
0	 36	 55	
 3.10733419e-01	 -2.12900166e-01	  9.26339390e-01	 -1.62645468e+00	
 1.61212755e-01	  9.72270823e-01	  1.69378935e-01	 -4.45056407e-02	
-9.36724747e-01	  9.67094908e-02	  3.36441640e-01	  5.84261819e-01	
 0.00000000e+00	  0.00000000e+00	  0.00000000e+00	  1.00000000e+00	
0	 43	 55	
 9.96138870e-01	  2.37967404e-02	  8.44227378e-02	  3.05438375e-01	
-6.91141650e-02	  8.05597257e-01	  5.88408655e-01	 -3.84778323e-01	
-5.40131236e-02	 -5.91975818e-01	  8.04141522e-01	 -7.09902615e-01	
 0.00000000e+00	  0.00000000e+00	  0.00000000e+00	  1.00000000e+00	
0	 44	 55	
 9.75744545e-01	 -1.54532322e-01	  1.55017302e-01	  3.10511790e-01	
 1.02778177e-01	  9.48745046e-01	  2.98843965e-01	 -3.22864869e-01	
-1.93258491e-01	 -2.75662689e-01	  9.41623703e-01	 -7.35534758e-01	
 0.00000000e+00	  0.00000000e+00	  0.00000000e+00	  1.00000000e+00	
0	 45	 55	
 9.98166543e-01	  6.03494473e-02	  2.90875015e-03	  2.73510229e-01	
-6.00431686e-02	  9.85397236e-01	  1.59297990e-01	 -8.01645307e-02	
 6.74331141e-03	 -1.59179223e-01	  9.87224062e-01	 -6.70939672e-01	
 0.00000000e+00	  0.00000000e+00	  0.00000000e+00	  1.00000000e+00	
0	 54	 55	
 8.89550560e-01	  2.42544020e-01	 -3.87115396e-01	  1.02625812e-01	
-1.66081692e-01	  9.61124444e-01	  2.20553313e-01	  3.64721287e-02	
 4.25559860e-01	 -1.31900611e-01	  8.95263689e-01	 -2.84204546e-01	
 0.00000000e+00	  0.00000000e+00	  0.00000000e+00	  1.00000000e+00	
1	 2	 55	
 9.77785426e-01	 -5.56970785e-02	 -2.02072292e-01	 -1.60979029e-01	
 1.06902609e-01	  9.61753738e-01	  2.52194578e-01	 -1.52370158e-01	
 1.80296618e-01	 -2.68193853e-01	  9.46342704e-01	 -2.53730160e-01	
 0.00000000e+00	  0.00000000e+00	  0.00000000e+00	  1.00000000e+00	
1	 3	 55	
 9.92271505e-01	 -3.51263854e-02	 -1.19014491e-01	 -1.81748654e-01	
 2.49127217e-02	  9.95960773e-01	 -8.62544094e-02	 -1.33648670e-01	
 1.21563175e-01	  8.26224221e-02	  9.89138986e-01	  7.06358324e-03	
 0.00000000e+00	  0.00000000e+00	  0.00000000e+00	  1.00000000e+00	
1	 10	 55	
 9.29910467e-01	 -1.50283318e-01	  3.35677572e-01	 -1.46488840e-01	
 4.88230636e-02	  9.55068890e-01	  2.92332935e-01	 -3.97083766e-01	
-3.64528688e-01	 -2.55455819e-01	  8.95466088e-01	 -1.96782745e-01	
 0.00000000e+00	  0.00000000e+00	  0.00000000e+00	  1.00000000e+00	
1	 11	 55	
 9.21390058e-01	  2.69421624e-01	 -2.80088703e-01	 -5.01317719e-01	
-1.61083280e-01	  9.20628065e-01	  3.55660223e-01	 -4.23511251e-01	
 3.53680890e-01	 -2.82585786e-01	  8.91658425e-01	  1.79411157e-01	
 0.00000000e+00	  0.00000000e+00	  0.00000000e+00	  1.00000000e+00	
1	 35	 55	
 9.58367293e-01	 -1.13519409e-01	  2.61977071e-01	 -1.69644345e+00	
 7.69543373e-02	  9.86305271e-01	  1.45863164e-01	 -2.10726760e-01	
-2.74953231e-01	 -1.19628732e-01	  9.53985964e-01	 -1.12006413e-01	
 0.00000000e+00	  0.00000000e+00	  0.00000000e+00	  1.00000000e+00	
1	 43	 55	
 9.97890810e-01	 -9.70415997e-03	 -6.40805505e-02	  7.15074498e-01	
 4.83229532e-02	  7.70262924e-01	  6.35885785e-01	 -4.84640912e-01	
 4.31838550e-02	 -6.37645242e-01	  7.69115070e-01	 -4.50057902e-01	
 0.00000000e+00	  0.00000000e+00	  0.00000000e+00	  1.00000000e+00	
1	 44	 55	
 9.71932795e-01	 -2.33885851e-01	  2.51440723e-02	  7.15555608e-01	
 2.08933092e-01	  9.07432772e-01	  3.64559369e-01	 -4.24005342e-01	
-1.08086848e-01	 -3.49074058e-01	  9.30836433e-01	 -4.79025640e-01	
 0.00000000e+00	  0.00000000e+00	  0.00000000e+00	  1.00000000e+00	
1	 45	 55	
 9.92800195e-01	 -3.73020174e-02	 -1.13770283e-01	  6.44757004e-01	
 6.07642335e-02	  9.75731570e-01	  2.10349174e-01	 -1.84441630e-01	
 1.03159138e-01	 -2.15747396e-01	  9.70980946e-01	 -4.33837441e-01	
 0.00000000e+00	  0.00000000e+00	  0.00000000e+00	  1.00000000e+00	
1	 54	 55	
 8.55835603e-01	  1.42840819e-01	 -4.97120632e-01	  4.23949251e-01	
-3.53142082e-02	  9.74998861e-01	  2.19361201e-01	 -6.89442362e-02	
 5.16025285e-01	 -1.70182644e-01	  8.39493609e-01	 -7.29030016e-02	
 0.00000000e+00	  0.00000000e+00	  0.00000000e+00	  1.00000000e+00	
2	 3	 55	
 9.94809829e-01	  8.70218054e-02	  5.27475568e-02	  2.87135519e-02	
-6.39088935e-02	  9.37666084e-01	 -3.41608181e-01	 -5.07811434e-02	
-7.91865831e-02	  3.36462640e-01	  9.38361507e-01	  2.55718775e-01	
 0.00000000e+00	  0.00000000e+00	  0.00000000e+00	  1.00000000e+00	
2	 10	 55	
 8.48749116e-01	 -9.09030871e-02	  5.20922221e-01	 -1.72487292e-03	
 9.29273238e-02	  9.95422698e-01	  2.22971280e-02	 -2.51434139e-01	
-5.20564848e-01	  2.94818652e-02	  8.53311938e-01	 -1.07515880e-02	
 0.00000000e+00	  0.00000000e+00	  0.00000000e+00	  1.00000000e+00	
2	 11	 55	
 9.47469605e-01	  3.10905188e-01	 -7.50819764e-02	 -2.83669968e-01	
-3.01095941e-01	  9.46199050e-01	  1.18519689e-01	 -3.57981125e-01	
 1.07892462e-01	 -8.96886199e-02	  9.90108234e-01	  4.10292925e-01	
 0.00000000e+00	  0.00000000e+00	  0.00000000e+00	  1.00000000e+00	
2	 34	 55	
 9.39484298e-01	 -9.65967707e-02	  3.28669429e-01	 -1.77346327e+00	
 7.04755807e-02	  9.93394798e-01	  9.05177362e-02	  1.81909056e-01	
-3.35245739e-01	 -6.18760605e-02	  9.40095102e-01	  1.60148511e-01	
 0.00000000e+00	  0.00000000e+00	  0.00000000e+00	  1.00000000e+00	
2	 35	 55	
 8.95731333e-01	 -2.71273299e-02	  4.43751817e-01	 -1.48204152e+00	
 9.43740905e-02	  9.86988711e-01	 -1.30160475e-01	 -8.61387253e-03	
-4.34451502e-01	  1.58469589e-01	  8.86645789e-01	  4.29675877e-01	
 0.00000000e+00	  0.00000000e+00	  0.00000000e+00	  1.00000000e+00	
2	 43	 55	
 9.88675351e-01	 -4.21108295e-02	  1.43990486e-01	  7.85674632e-01	
-2.06861172e-02	  9.12356186e-01	  4.08862028e-01	 -3.15701781e-01	
-1.48591896e-01	 -4.07214511e-01	  9.01162286e-01	 -4.46615687e-01	
 0.00000000e+00	  0.00000000e+00	  0.00000000e+00	  1.00000000e+00	
2	 44	 55	
 9.53189988e-01	 -1.94620030e-01	  2.31385358e-01	  7.87404378e-01	
 1.75796923e-01	  9.79372768e-01	  9.95707000e-02	 -2.49643137e-01	
-2.45995582e-01	 -5.42329635e-02	  9.67749506e-01	 -4.58834394e-01	
 0.00000000e+00	  0.00000000e+00	  0.00000000e+00	  1.00000000e+00	
2	 45	 55	
 9.95841213e-01	  2.89366601e-02	  8.63092632e-02	  7.51935917e-01	
-2.45221736e-02	  9.98352842e-01	 -5.17709191e-02	 -2.74179253e-02	
-8.76684110e-02	  4.94403522e-02	  9.94919738e-01	 -3.41347908e-01	
 0.00000000e+00	  0.00000000e+00	  0.00000000e+00	  1.00000000e+00	
2	 46	 55	
 8.77912803e-01	  2.58249851e-01	 -4.03186220e-01	  4.56437464e-01	
-2.64499213e-01	  9.63500819e-01	  4.12131749e-02	 -1.12027250e-01	
 3.99114832e-01	  7.04620275e-02	  9.14186505e-01	  1.18246747e-01	
 0.00000000e+00	  0.00000000e+00	  0.00000000e+00	  1.00000000e+00	
2	 53	 55	
 8.37166077e-01	  2.31070426e-01	 -4.95724717e-01	  2.24012771e-01	
-2.73292680e-01	  9.61835921e-01	 -1.31936915e-02	  3.49621836e-03	
 4.73759494e-01	  1.46522708e-01	  8.68377943e-01	  7.52719451e-02	
 0.00000000e+00	  0.00000000e+00	  0.00000000e+00	  1.00000000e+00	
2	 54	 55	
 9.26086746e-01	  2.13214656e-01	 -3.11268696e-01	  6.13455755e-01	
-2.20025800e-01	  9.75394590e-01	  1.35119251e-02	 -8.40227317e-04	
 3.06490882e-01	  5.59737054e-02	  9.50224599e-01	  7.39666685e-02	
 0.00000000e+00	  0.00000000e+00	  0.00000000e+00	  1.00000000e+00	
3	 10	 55	
 8.79625548e-01	 -1.56383519e-01	  4.49221521e-01	  3.64438318e-03	
-1.41578992e-02	  9.35385409e-01	  3.53347080e-01	 -2.80452434e-01	
-4.75452903e-01	 -3.17173982e-01	  8.20575181e-01	 -1.83106413e-01	
 0.00000000e+00	  0.00000000e+00	  0.00000000e+00	  1.00000000e+00	
3	 35	 55	
 9.19452327e-01	 -1.02613997e-01	  3.79555778e-01	 -1.51938165e+00	
 2.02611563e-02	  9.76426669e-01	  2.14892673e-01	 -3.33973256e-02	
-3.92663524e-01	 -1.89891803e-01	  8.99864446e-01	  6.91411714e-02	
 0.00000000e+00	  0.00000000e+00	  0.00000000e+00	  1.00000000e+00	
3	 45	 55	
 9.99180461e-01	 -3.89336690e-02	  1.03851908e-02	  7.65254315e-01	
 3.41675964e-02	  9.55276734e-01	  2.93721566e-01	 -1.16049470e-01	
-2.13594056e-02	 -2.93125413e-01	  9.55831804e-01	 -5.30096869e-01	
 0.00000000e+00	  0.00000000e+00	  0.00000000e+00	  1.00000000e+00	
3	 54	 55	
 9.11070567e-01	  1.45337513e-01	 -3.85761615e-01	  5.92907019e-01	
-2.25995294e-02	  9.51983702e-01	  3.05299495e-01	  3.65594620e-02	
 4.11610389e-01	 -2.69431836e-01	  8.70619239e-01	 -1.56765508e-01	
 0.00000000e+00	  0.00000000e+00	  0.00000000e+00	  1.00000000e+00	
4	 5	 55	
 9.19846117e-01	 -4.60691605e-02	  3.89563594e-01	  2.43295358e-01	
 4.13352115e-02	  9.98933858e-01	  2.05299040e-02	 -3.17781652e-03	
-3.90094127e-01	 -2.78096717e-03	  9.20770131e-01	  8.37903369e-02	
 0.00000000e+00	  0.00000000e+00	  0.00000000e+00	  1.00000000e+00	
4	 6	 55	
 9.06836924e-01	 -1.38891307e-01	  3.97936396e-01	  4.60427340e-01	
 9.10022606e-02	  9.86396025e-01	  1.36899659e-01	  2.18518231e-02	
-4.11537418e-01	 -8.79312179e-02	  9.07140897e-01	 -3.27969915e-01	
 0.00000000e+00	  0.00000000e+00	  0.00000000e+00	  1.00000000e+00	
4	 9	 55	
 9.74140353e-01	  1.85094011e-01	 -1.29565308e-01	  6.92232170e-01	
-1.01678251e-01	  8.71257255e-01	  4.80180970e-01	 -3.34263772e-01	
 2.01762217e-01	 -4.54589938e-01	  8.67547071e-01	 -1.77354176e-01	
 0.00000000e+00	  0.00000000e+00	  0.00000000e+00	  1.00000000e+00	
4	 10	 55	
 7.94048471e-01	  3.26015421e-01	 -5.13027576e-01	  5.48042225e-01	
-1.37109254e-01	  9.18315023e-01	  3.71349519e-01	 -3.09828746e-01	
 5.92186235e-01	 -2.24528474e-01	  7.73887291e-01	 -2.12867856e-01	
 0.00000000e+00	  0.00000000e+00	  0.00000000e+00	  1.00000000e+00	
4	 18	 55	
 4.38190226e-01	 -2.21399570e-01	  8.71188608e-01	 -2.44898848e+00	
 4.72480255e-02	  9.73526176e-01	  2.23643337e-01	  5.95678770e-02	
-8.97637898e-01	 -5.68375543e-02	  4.37050678e-01	 -3.26955671e-01	
 0.00000000e+00	  0.00000000e+00	  0.00000000e+00	  1.00000000e+00	
4	 19	 55	
 9.10888851e-01	 -1.25281385e-02	  4.12458926e-01	 -2.45073533e+00	
-6.63585214e-02	  9.82083534e-01	  1.76379718e-01	 -1.26243287e-01	
-4.07277246e-01	 -1.88031579e-01	  8.93736905e-01	 -7.57188683e-02	
 0.00000000e+00	  0.00000000e+00	  0.00000000e+00	  1.00000000e+00	
4	 20	 55	
 5.58132368e-01	 -3.50093912e-02	  8.29012187e-01	 -2.38509272e+00	
 2.47305709e-02	  9.99368604e-01	  2.55546719e-02	 -1.50179387e-03	
-8.29381886e-01	  6.23881055e-03	  5.58645355e-01	 -1.78816294e-01	
 0.00000000e+00	  0.00000000e+00	  0.00000000e+00	  1.00000000e+00	
4	 36	 55	
 9.86282448e-01	  5.78868123e-03	  1.64946115e-01	 -7.55592190e-01	
-4.41316627e-02	  9.72246140e-01	  2.29751310e-01	  6.85547904e-02	
-1.59042250e-01	 -2.33876019e-01	  9.59163960e-01	 -7.91376159e-01	
 0.00000000e+00	  0.00000000e+00	  0.00000000e+00	  1.00000000e+00	
4	 37	 55	
 7.64444941e-01	 -2.35152491e-01	  6.00266576e-01	 -1.40533651e-01	
 5.91230428e-02	  9.52750574e-01	  2.97940299e-01	 -8.79584316e-02	
-6.41967265e-01	 -1.92265588e-01	  7.42224785e-01	 -1.34327579e-01	
 0.00000000e+00	  0.00000000e+00	  0.00000000e+00	  1.00000000e+00	
5	 6	 55	
 9.98451473e-01	 -5.26837778e-02	  1.78286275e-02	  3.61388319e-01	
 5.02731168e-02	  9.91988595e-01	  1.15897998e-01	  1.61453284e-02	
-2.37926423e-02	 -1.14821451e-01	  9.93101338e-01	 -2.94036353e-01	
 0.00000000e+00	  0.00000000e+00	  0.00000000e+00	  1.00000000e+00	
5	 7	 55	
 9.92231872e-01	  1.11805225e-01	  5.45257244e-02	  6.67168154e-01	
-1.23939896e-01	  9.25934659e-01	  3.56767532e-01	 -7.73445232e-02	
-1.05981098e-02	 -3.60753931e-01	  9.32601530e-01	 -2.53135623e-01	
 0.00000000e+00	  0.00000000e+00	  0.00000000e+00	  1.00000000e+00	
5	 8	 55	
 9.69417368e-01	  1.80634678e-01	 -1.66134342e-01	  6.48417264e-01	
-5.91395393e-02	  8.28942889e-01	  5.56200193e-01	 -3.48667336e-01	
 2.38184484e-01	 -5.29364717e-01	  8.14274061e-01	 -9.65929157e-02	
 0.00000000e+00	  0.00000000e+00	  0.00000000e+00	  1.00000000e+00	
5	 9	 55	
 8.13150798e-01	  3.83605424e-01	 -4.37757101e-01	  5.01138579e-01	
-1.47008762e-01	  8.63066731e-01	  4.83225244e-01	 -3.50688929e-01	
 5.63179368e-01	 -3.28580984e-01	  7.58196218e-01	 -7.23617644e-02	
 0.00000000e+00	  0.00000000e+00	  0.00000000e+00	  1.00000000e+00	
5	 37	 55	
 9.56044336e-01	 -1.01919821e-01	  2.74931089e-01	 -2.71481813e-01	
 2.56286730e-02	  9.63103848e-01	  2.67904728e-01	 -6.64010066e-02	
-2.92091048e-01	 -2.49080138e-01	  9.23377935e-01	 -3.52103119e-01	
 0.00000000e+00	  0.00000000e+00	  0.00000000e+00	  1.00000000e+00	
5	 38	 55	
 9.61519291e-01	 -1.18215933e-01	  2.47991173e-01	  2.76558024e-01	
 3.48425897e-02	  9.47870717e-01	  3.16743740e-01	 -1.04804495e-01	
-2.72506044e-01	 -2.95911682e-01	  9.15511929e-01	  1.07936406e-01	
 0.00000000e+00	  0.00000000e+00	  0.00000000e+00	  1.00000000e+00	
5	 39	 55	
 9.35739656e-01	  2.00349684e-01	 -2.90251289e-01	  6.58631426e-01	
-6.69250412e-02	  9.08893041e-01	  4.11621740e-01	 -1.75806268e-01	
 3.46275655e-01	 -3.65745424e-01	  8.63892130e-01	  4.23627147e-01	
 0.00000000e+00	  0.00000000e+00	  0.00000000e+00	  1.00000000e+00	
5	 40	 55	
 9.24380029e-01	  3.10911498e-01	 -2.21020632e-01	  9.33262256e-01	
-9.88937942e-02	  7.54907044e-01	  6.48331725e-01	 -3.70661205e-01	
 3.68422270e-01	 -5.77444436e-01	  7.28565704e-01	  4.28244094e-01	
 0.00000000e+00	  0.00000000e+00	  0.00000000e+00	  1.00000000e+00	
5	 41	 55	
 9.11325105e-01	  3.69994764e-01	 -1.80508956e-01	  8.23107367e-01	
-9.47819195e-02	  6.15258921e-01	  7.82605086e-01	 -5.80668894e-01	
 4.00618284e-01	 -6.96096756e-01	  5.95768410e-01	  5.48612848e-01	
 0.00000000e+00	  0.00000000e+00	  0.00000000e+00	  1.00000000e+00	
6	 7	 55	
 9.84717853e-01	  1.66764901e-01	  5.01889961e-02	  2.99633558e-01	
-1.74004498e-01	  9.54047920e-01	  2.43952965e-01	 -1.13546732e-01	
-7.19817691e-03	 -2.48958467e-01	  9.68487963e-01	  3.52352802e-02	
 0.00000000e+00	  0.00000000e+00	  0.00000000e+00	  1.00000000e+00	
6	 8	 55	
 9.59277403e-01	  2.34623308e-01	 -1.57288300e-01	  2.63546988e-01	
-1.37087162e-01	  8.73567355e-01	  4.66999524e-01	 -3.99682304e-01	
 2.46971454e-01	 -4.26419864e-01	  8.70156234e-01	  1.58918138e-01	
 0.00000000e+00	  0.00000000e+00	  0.00000000e+00	  1.00000000e+00	
6	 9	 55	
 7.91102967e-01	  4.34218513e-01	 -4.30825265e-01	  1.15818059e-01	
-2.53336253e-01	  8.73670077e-01	  4.15358385e-01	 -3.96710771e-01	
 5.56754221e-01	 -2.19447607e-01	  8.01164764e-01	  1.80121901e-01	
 0.00000000e+00	  0.00000000e+00	  0.00000000e+00	  1.00000000e+00	
6	 37	 55	
 9.62802810e-01	 -4.74177401e-02	  2.66005348e-01	 -6.34659234e-01	
 8.59380447e-03	  9.89356513e-01	  1.45249446e-01	 -4.18755724e-02	
-2.70059723e-01	 -1.37557946e-01	  9.52958798e-01	 -7.85168611e-02	
 0.00000000e+00	  0.00000000e+00	  0.00000000e+00	  1.00000000e+00	
6	 38	 55	
 9.68266546e-01	 -6.33402516e-02	  2.41749557e-01	 -1.00343202e-01	
 1.51966605e-02	  9.80481278e-01	  1.96019628e-01	 -1.61666941e-01	
-2.49444355e-01	 -1.86122426e-01	  9.50327033e-01	  3.83669302e-01	
 0.00000000e+00	  0.00000000e+00	  0.00000000e+00	  1.00000000e+00	
6	 39	 55	
 9.22688722e-01	  2.54434372e-01	 -2.89662120e-01	  2.70058689e-01	
-1.55447280e-01	  9.33051121e-01	  3.24421191e-01	 -2.88477212e-01	
 3.52814120e-01	 -2.54311886e-01	  9.00462803e-01	  6.95765389e-01	
 0.00000000e+00	  0.00000000e+00	  0.00000000e+00	  1.00000000e+00	
6	 40	 55	
 9.09212594e-01	  3.62120426e-01	 -2.05418764e-01	  5.34358745e-01	
-1.89104341e-01	  7.98781856e-01	  5.71125701e-01	 -4.96769617e-01	
 3.70900322e-01	 -4.80425636e-01	  7.94738362e-01	  6.82663914e-01	
 0.00000000e+00	  0.00000000e+00	  0.00000000e+00	  1.00000000e+00	
6	 41	 55	
 8.95618589e-01	  4.16914656e-01	 -1.55059940e-01	  4.10952758e-01	
-1.88034447e-01	  6.70763843e-01	  7.17436977e-01	 -7.13112263e-01	
 4.03118004e-01	 -6.13390752e-01	  6.79141446e-01	  7.75898934e-01	
 0.00000000e+00	  0.00000000e+00	  0.00000000e+00	  1.00000000e+00	
7	 8	 55	
 9.66694500e-01	  8.21031987e-02	 -2.42410094e-01	  1.33633663e-02	
-3.22992338e-02	  9.78714452e-01	  2.02677953e-01	 -3.09797410e-01	
 2.53889293e-01	 -1.88096939e-01	  9.48767306e-01	  4.81703053e-02	
 0.00000000e+00	  0.00000000e+00	  0.00000000e+00	  1.00000000e+00	
7	 37	 55	
 9.48539410e-01	 -2.17855694e-01	  2.29805205e-01	 -9.31668135e-01	
 2.35994725e-01	  9.70233817e-01	 -5.43112429e-02	 -5.91103572e-02	
-2.11132292e-01	  1.05754348e-01	  9.71712369e-01	 -1.39572697e-01	
 0.00000000e+00	  0.00000000e+00	  0.00000000e+00	  1.00000000e+00	
7	 38	 55	
 9.52622296e-01	 -2.31640901e-01	  1.97104748e-01	 -3.88000318e-01	
 2.38072975e-01	  9.71201605e-01	 -9.26379385e-03	 -1.99356879e-01	
-1.89281576e-01	  5.57560306e-02	  9.80331779e-01	  3.05640911e-01	
 0.00000000e+00	  0.00000000e+00	  0.00000000e+00	  1.00000000e+00	
7	 39	 55	
 9.33097618e-01	  9.00218986e-02	 -3.48169997e-01	 -3.43993427e-03	
-8.22678279e-02	  9.95921025e-01	  3.70306925e-02	 -3.36268837e-01	
 3.50081222e-01	 -5.90706440e-03	  9.36692817e-01	  5.95555541e-01	
 0.00000000e+00	  0.00000000e+00	  0.00000000e+00	  1.00000000e+00	
7	 40	 55	
 9.25553693e-01	  2.21053938e-01	 -3.07380552e-01	  2.93159635e-01	
-1.21128397e-01	  9.42072662e-01	  3.12768902e-01	 -4.87652310e-01	
 3.58710375e-01	 -2.52246279e-01	  8.98712511e-01	  5.45317749e-01	
 0.00000000e+00	  0.00000000e+00	  0.00000000e+00	  1.00000000e+00	
7	 41	 55	
 9.11749284e-01	  2.98243974e-01	 -2.82417854e-01	  2.08612805e-01	
-1.30395532e-01	  8.62177658e-01	  4.89534043e-01	 -7.37845422e-01	
 3.89491536e-01	 -4.09501745e-01	  8.24978964e-01	  5.76643635e-01	
 0.00000000e+00	  0.00000000e+00	  0.00000000e+00	  1.00000000e+00	
8	 9	 55	
 9.31117763e-01	  2.42568972e-01	 -2.72357088e-01	 -1.36883557e-01	
-2.73106057e-01	  9.58662294e-01	 -7.98705501e-02	 -4.11063892e-02	
 2.41723104e-01	  1.48751938e-01	  9.58874703e-01	  4.30744639e-02	
 0.00000000e+00	  0.00000000e+00	  0.00000000e+00	  1.00000000e+00	
8	 36	 55	
 9.99547376e-01	  2.91036342e-02	  7.38974716e-03	 -1.47446654e+00	
-2.44797428e-02	  9.32332382e-01	 -3.60759032e-01	  7.48350067e-01	
-1.73932369e-02	  3.60419471e-01	  9.32623388e-01	 -4.29275525e-01	
 0.00000000e+00	  0.00000000e+00	  0.00000000e+00	  1.00000000e+00	
8	 37	 55	
 8.55719276e-01	 -2.15088275e-01	  4.70613509e-01	 -9.69318602e-01	
 3.48561088e-01	  9.11799981e-01	 -2.17064235e-01	  2.03075182e-01	
-3.82419354e-01	  3.49790451e-01	  8.55214461e-01	  1.01768296e-01	
 0.00000000e+00	  0.00000000e+00	  0.00000000e+00	  1.00000000e+00	
8	 38	 55	
 8.65146727e-01	 -2.41139676e-01	  4.39735552e-01	 -3.26193439e-01	
 3.46820241e-01	  9.21019932e-01	 -1.77281864e-01	  2.67070111e-02	
-3.62256624e-01	  3.05891487e-01	  8.80449241e-01	  3.63957667e-01	
 0.00000000e+00	  0.00000000e+00	  0.00000000e+00	  1.00000000e+00	
8	 39	 55	
 9.93558306e-01	  5.33553870e-02	 -9.99525134e-02	  1.23587108e-01	
-6.97566480e-02	  9.83220939e-01	 -1.68532714e-01	 -1.30249271e-01	
 8.92804735e-02	  1.74423615e-01	  9.80608413e-01	  5.18049368e-01	
 0.00000000e+00	  0.00000000e+00	  0.00000000e+00	  1.00000000e+00	
8	 40	 55	
 9.89711706e-01	  1.19219349e-01	 -7.90708559e-02	  4.02442645e-01	
-1.10032408e-01	  9.87612746e-01	  1.11828200e-01	 -2.44608914e-01	
 9.14201092e-02	 -1.01972170e-01	  9.90571967e-01	  3.67805020e-01	
 0.00000000e+00	  0.00000000e+00	  0.00000000e+00	  1.00000000e+00	
8	 41	 55	
 9.84481445e-01	  1.56493422e-01	 -7.93693522e-02	  3.36746431e-01	
-1.26025485e-01	  9.45335448e-01	  3.00748772e-01	 -5.02309450e-01	
 1.22092351e-01	 -2.86075463e-01	  9.50391009e-01	  3.67312559e-01	
 0.00000000e+00	  0.00000000e+00	  0.00000000e+00	  1.00000000e+00	
8	 42	 55	
 5.93805690e-01	  6.96464712e-01	 -4.02900209e-01	  1.97318390e-01	
-5.26465085e-01	  7.14983175e-01	  4.60026035e-01	 -4.90966220e-01	
 6.08456584e-01	 -6.10525763e-02	  7.91227837e-01	  4.18516577e-01	
 0.00000000e+00	  0.00000000e+00	  0.00000000e+00	  1.00000000e+00	
9	 10	 55	
 9.06940545e-01	  1.78911057e-01	 -3.81378828e-01	 -1.50111697e-01	
-2.41686402e-01	  9.62499193e-01	 -1.23219528e-01	  1.07447329e-02	
 3.45032221e-01	  2.03927244e-01	  9.16170197e-01	 -3.94633882e-04	
 0.00000000e+00	  0.00000000e+00	  0.00000000e+00	  1.00000000e+00	
9	 20	 55	
 3.73847613e-01	 -1.34460128e-01	  9.17693423e-01	 -3.03188803e+00	
 5.01882547e-01	  8.61389624e-01	 -7.82455818e-02	 -2.79007165e-01	
-7.79968575e-01	  4.89825687e-01	  3.89511824e-01	  5.57231416e-01	
 0.00000000e+00	  0.00000000e+00	  0.00000000e+00	  1.00000000e+00	
9	 36	 55	
 9.33179610e-01	 -1.40405612e-01	  3.30844971e-01	 -1.57523522e+00	
 2.16403562e-01	  9.54464432e-01	 -2.05324354e-01	  3.62103890e-01	
-2.86955905e-01	  2.63204688e-01	  9.21072281e-01	 -1.51680816e-01	
 0.00000000e+00	  0.00000000e+00	  0.00000000e+00	  1.00000000e+00	
9	 43	 55	
 6.61025763e-01	  5.30881915e-01	 -5.30288160e-01	  6.15776407e-01	
-3.79358640e-01	  8.46179294e-01	  3.74243468e-01	 -3.51542290e-01	
 6.47395736e-01	 -4.62149634e-02	  7.60745862e-01	  3.09881804e-01	
 0.00000000e+00	  0.00000000e+00	  0.00000000e+00	  1.00000000e+00	
9	 44	 55	
 7.68389167e-01	  1.83616685e-01	 -6.13073373e-01	  6.43186923e-01	
-1.88177641e-01	  9.80428117e-01	  5.77915251e-02	 -2.91133465e-01	
 6.11685829e-01	  7.09631854e-02	  7.87906126e-01	  3.20627677e-01	
 0.00000000e+00	  0.00000000e+00	  0.00000000e+00	  1.00000000e+00	
9	 45	 55	
 6.15759134e-01	  2.30333290e-01	 -7.53513667e-01	  5.86840959e-01	
-3.82506047e-01	  9.23451119e-01	 -3.02954921e-02	 -6.54043346e-02	
 6.88853764e-01	  3.06881301e-01	  6.56731137e-01	  4.22199299e-01	
 0.00000000e+00	  0.00000000e+00	  0.00000000e+00	  1.00000000e+00	
10	 18	 55	
-1.90102231e-01	 -3.42941485e-01	  9.19921139e-01	 -2.49800737e+00	
 3.87791069e-01	  8.34583817e-01	  3.91265155e-01	 -6.12241029e-01	
-9.01929575e-01	  4.31116401e-01	 -2.56675479e-02	  1.58644835e+00	
 0.00000000e+00	  0.00000000e+00	  0.00000000e+00	  1.00000000e+00	
10	 19	 55	
 4.91207019e-01	 -2.55951470e-01	  8.32590095e-01	 -2.32513861e+00	
 3.27471639e-01	  9.39994362e-01	  9.57700159e-02	 -8.39853306e-01	
-8.07141532e-01	  2.25607605e-01	  5.45546635e-01	  1.71277278e+00	
 0.00000000e+00	  0.00000000e+00	  0.00000000e+00	  1.00000000e+00	
10	 20	 55	
-5.13542235e-02	 -1.61128234e-01	  9.85597657e-01	 -2.35117128e+00	
 3.90890553e-01	  9.04918894e-01	  1.68306033e-01	 -6.80752680e-01	
-9.19002767e-01	  3.93903343e-01	  1.65107849e-02	  1.64563301e+00	
 0.00000000e+00	  0.00000000e+00	  0.00000000e+00	  1.00000000e+00	
10	 35	 55	
 9.95182962e-01	 -1.38006322e-02	 -9.70182635e-02	 -1.46312662e+00	
-2.91786463e-04	  9.89610168e-01	 -1.43762082e-01	  3.89259978e-01	
 9.79880439e-02	  1.43101140e-01	  9.84844848e-01	 -3.89893681e-01	
 0.00000000e+00	  0.00000000e+00	  0.00000000e+00	  1.00000000e+00	
10	 36	 55	
 6.95027559e-01	 -2.67206657e-01	  6.67479364e-01	 -1.42961894e+00	
 3.16726392e-01	  9.47225529e-01	  4.93985365e-02	  5.23612705e-02	
-6.45460799e-01	  1.77079001e-01	  7.42980603e-01	  3.61614607e-01	
 0.00000000e+00	  0.00000000e+00	  0.00000000e+00	  1.00000000e+00	
10	 43	 55	
 9.14568349e-01	  2.61022574e-01	 -3.08908103e-01	  8.89229565e-01	
-1.14846281e-01	  9.00002993e-01	  4.20471003e-01	 -1.48401461e-01	
 3.87766895e-01	 -3.49074105e-01	  8.53098715e-01	  3.68126875e-02	
 0.00000000e+00	  0.00000000e+00	  0.00000000e+00	  1.00000000e+00	
10	 44	 55	
 9.53413669e-01	 -4.59422024e-02	 -2.98136094e-01	  9.03196938e-01	
 8.10915567e-02	  9.90983541e-01	  1.06613801e-01	 -8.31626064e-02	
 2.90547124e-01	 -1.25821400e-01	  9.48547801e-01	  2.87603614e-02	
 0.00000000e+00	  0.00000000e+00	  0.00000000e+00	  1.00000000e+00	
10	 45	 55	
 8.88579222e-01	  9.15966371e-02	 -4.49477078e-01	  8.32584256e-01	
-1.17519957e-01	  9.92611349e-01	 -3.00462763e-02	  1.44733735e-01	
 4.43401044e-01	  7.95234481e-02	  8.92784406e-01	  1.15492063e-01	
 0.00000000e+00	  0.00000000e+00	  0.00000000e+00	  1.00000000e+00	
10	 54	 55	
 6.06021722e-01	  2.42468219e-01	 -7.57588323e-01	  5.01320338e-01	
-2.94166879e-01	  9.53199308e-01	  6.97612033e-02	  1.96022957e-01	
 7.39046353e-01	  1.80581141e-01	  6.48993685e-01	  3.98340706e-01	
 0.00000000e+00	  0.00000000e+00	  0.00000000e+00	  1.00000000e+00	
11	 34	 55	
 8.32744596e-01	 -3.97306232e-01	  3.85578261e-01	 -1.60108407e+00	
 3.88842232e-01	  9.15467542e-01	  1.03518672e-01	  7.00938629e-02	
-3.94116388e-01	  6.37276868e-02	  9.16847805e-01	 -7.18233502e-02	
 0.00000000e+00	  0.00000000e+00	  0.00000000e+00	  1.00000000e+00	
11	 35	 55	
 7.73390731e-01	 -3.05783728e-01	  5.55294267e-01	 -1.23852487e+00	
 4.06749446e-01	  9.11242375e-01	 -6.47136556e-02	 -4.37474669e-02	
-4.86223343e-01	  2.75918742e-01	  8.29131217e-01	  1.50576265e-01	
 0.00000000e+00	  0.00000000e+00	  0.00000000e+00	  1.00000000e+00	
11	 46	 55	
 9.54498078e-01	 -3.78200988e-02	 -2.95783978e-01	  5.95665655e-01	
-1.31166635e-02	  9.85636647e-01	 -1.68347717e-01	  4.89018020e-01	
 2.97902047e-01	  1.64570818e-01	  9.40301737e-01	 -3.15576267e-01	
 0.00000000e+00	  0.00000000e+00	  0.00000000e+00	  1.00000000e+00	
11	 47	 55	
 8.34155801e-01	  4.38286477e-02	 -5.49773939e-01	 -9.96127647e-03	
-9.15437002e-02	  9.94008472e-01	 -5.96520123e-02	  3.02748625e-01	
 5.43868260e-01	  1.00089899e-01	  8.33179003e-01	 -1.26069671e-01	
 0.00000000e+00	  0.00000000e+00	  0.00000000e+00	  1.00000000e+00	
11	 53	 55	
 9.26592895e-01	 -5.48642613e-02	 -3.72022188e-01	  3.36029577e-01	
-4.08000983e-02	  9.68789419e-01	 -2.44489819e-01	  5.29918505e-01	
 3.73825596e-01	  2.41722598e-01	  8.95445920e-01	 -3.26982817e-01	
 0.00000000e+00	  0.00000000e+00	  0.00000000e+00	  1.00000000e+00	
11	 54	 55	
 9.76757425e-01	 -8.56339962e-02	 -1.96465805e-01	  7.06180560e-01	
 5.22488244e-02	  9.84188257e-01	 -1.69213125e-01	  6.47012452e-01	
 2.07848230e-01	  1.55016845e-01	  9.65798742e-01	 -3.58029708e-01	
 0.00000000e+00	  0.00000000e+00	  0.00000000e+00	  1.00000000e+00	
12	 13	 55	
 8.53796866e-01	  2.64960809e-01	 -4.48135547e-01	 -1.19861136e-01	
-2.46821634e-01	  9.63922208e-01	  9.96690598e-02	 -3.87759934e-01	
 4.58376077e-01	  2.55125251e-02	  8.88390481e-01	  7.04700732e-01	
 0.00000000e+00	  0.00000000e+00	  0.00000000e+00	  1.00000000e+00	
12	 32	 55	
 7.76127032e-01	 -4.92788719e-01	  3.93421497e-01	 -1.45915836e+00	
 3.89799105e-01	  8.65365067e-01	  3.14949924e-01	 -4.30923130e-01	
-4.95652574e-01	 -9.10839387e-02	  8.63725887e-01	  1.18273598e+00	
 0.00000000e+00	  0.00000000e+00	  0.00000000e+00	  1.00000000e+00	
12	 33	 55	
 6.54026904e-01	 -4.68235115e-01	  5.94137774e-01	 -1.75044270e+00	
 4.60451732e-01	  8.69563941e-01	  1.78429114e-01	 -2.01281203e-01	
-6.00183873e-01	  1.56876328e-01	  7.84321909e-01	  7.47837518e-01	
 0.00000000e+00	  0.00000000e+00	  0.00000000e+00	  1.00000000e+00	
12	 47	 55	
 9.46816828e-01	 -1.97303325e-01	  2.54165708e-01	 -7.08250016e-01	
 2.27200555e-01	  9.69304238e-01	 -9.39170014e-02	  5.95364646e-01	
-2.27830990e-01	  1.46671785e-01	  9.62586589e-01	 -6.71668658e-01	
 0.00000000e+00	  0.00000000e+00	  0.00000000e+00	  1.00000000e+00	
12	 48	 55	
 9.90959408e-01	 -1.24771499e-01	 -4.92227350e-02	 -9.82514305e-01	
 1.16919834e-01	  9.83383361e-01	 -1.38848412e-01	  4.61644807e-01	
 6.57335468e-02	  1.31840954e-01	  9.89083836e-01	 -4.51005176e-01	
 0.00000000e+00	  0.00000000e+00	  0.00000000e+00	  1.00000000e+00	
12	 52	 55	
 9.97857408e-01	 -6.34595562e-02	  1.56533286e-02	 -1.02056326e+00	
 6.52306186e-02	  9.51842588e-01	 -2.99553957e-01	  5.72034466e-01	
 4.11434813e-03	  2.99936128e-01	  9.53946210e-01	 -6.85516553e-01	
 0.00000000e+00	  0.00000000e+00	  0.00000000e+00	  1.00000000e+00	
12	 53	 55	
 8.70774118e-01	 -1.52963388e-01	  4.67274347e-01	 -6.96050634e-01	
 2.77337176e-01	  9.37554633e-01	 -2.09919749e-01	  8.80332131e-01	
-4.05981857e-01	  3.12388231e-01	  8.58827339e-01	 -1.03267574e+00	
 0.00000000e+00	  0.00000000e+00	  0.00000000e+00	  1.00000000e+00	
13	 14	 55	
 7.54090427e-01	  2.54645591e-01	 -6.05396567e-01	  3.68769111e-01	
-3.62458650e-01	  9.30047142e-01	 -6.02804144e-02	 -2.26200917e-01	
 5.47697532e-01	  2.64888535e-01	  7.93639622e-01	  4.07579593e-01	
 0.00000000e+00	  0.00000000e+00	  0.00000000e+00	  1.00000000e+00	
13	 24	 55	
 6.69452238e-01	  2.52379698e-01	 -6.98668088e-01	 -1.39487285e-01	
-3.80450926e-01	  9.24292355e-01	 -3.06603778e-02	 -2.93055431e-01	
 6.38035391e-01	  2.86336326e-01	  7.14788141e-01	  6.35415564e-01	
 0.00000000e+00	  0.00000000e+00	  0.00000000e+00	  1.00000000e+00	
13	 25	 55	
 9.04381943e-01	  2.60682652e-01	 -3.37843301e-01	 -1.16902158e-01	
-1.68933241e-01	  9.45748811e-01	  2.77523910e-01	 -2.88216784e-01	
 3.91861306e-01	 -1.93913721e-01	  8.99356892e-01	  6.93797971e-01	
 0.00000000e+00	  0.00000000e+00	  0.00000000e+00	  1.00000000e+00	
13	 26	 55	
 9.90113187e-01	 -3.52324260e-02	 -1.35777059e-01	 -4.68282967e-02	
 2.58627406e-02	  9.97198933e-01	 -7.01630497e-02	 -4.50285673e-01	
 1.37868891e-01	  6.59606945e-02	  9.88252212e-01	  9.74547532e-01	
 0.00000000e+00	  0.00000000e+00	  0.00000000e+00	  1.00000000e+00	
13	 47	 55	
 6.47879593e-01	 -3.40471925e-01	  6.81414418e-01	 -1.37591804e+00	
 4.64059788e-01	  8.85797268e-01	  1.37319320e-03	  7.56640308e-01	
-6.04061890e-01	  3.15330985e-01	  7.31893802e-01	 -8.61091261e-01	
 0.00000000e+00	  0.00000000e+00	  0.00000000e+00	  1.00000000e+00	
13	 48	 55	
 8.47351366e-01	 -2.88817557e-01	  4.45617807e-01	 -1.47593224e+00	
 3.76943452e-01	  9.18208118e-01	 -1.21647034e-01	  5.60705439e-01	
-3.74034655e-01	  2.71054463e-01	  8.86914969e-01	 -5.55475208e-01	
 0.00000000e+00	  0.00000000e+00	  0.00000000e+00	  1.00000000e+00	
13	 49	 55	
 9.95914293e-01	 -8.24993017e-02	  3.66440066e-02	 -1.71723678e+00	
 8.95546602e-02	  9.53993247e-01	 -2.86124201e-01	  4.26025840e-01	
-1.13510128e-02	  2.88242961e-01	  9.57486466e-01	 -3.91398186e-01	
 0.00000000e+00	  0.00000000e+00	  0.00000000e+00	  1.00000000e+00	
13	 51	 55	
 9.99225064e-01	  6.09435109e-03	 -3.88242460e-02	 -1.84414246e+00	
-2.06226478e-02	  9.22257314e-01	 -3.86012222e-01	  4.92989028e-01	
 3.34548944e-02	  3.86520521e-01	  9.21670297e-01	 -5.04891107e-01	
 0.00000000e+00	  0.00000000e+00	  0.00000000e+00	  1.00000000e+00	
13	 52	 55	
 8.37754087e-01	 -1.51633640e-01	  5.24568259e-01	 -1.64315957e+00	
 3.27374763e-01	  9.08339053e-01	 -2.60261374e-01	  6.51047944e-01	
-4.37019811e-01	  3.89769303e-01	  8.10608184e-01	 -7.35759937e-01	
 0.00000000e+00	  0.00000000e+00	  0.00000000e+00	  1.00000000e+00	
14	 15	 55	
 9.31138379e-01	  1.37997808e-01	 -3.37549514e-01	  2.01869361e-01	
-1.29729096e-01	  9.90432933e-01	  4.70532386e-02	 -2.13558808e-02	
 3.40812280e-01	 -2.11227883e-05	  9.40130068e-01	  3.67935059e-02	
 0.00000000e+00	  0.00000000e+00	  0.00000000e+00	  1.00000000e+00	
14	 16	 55	
 8.65703233e-01	  2.02663267e-01	 -4.57695990e-01	  2.19723247e-01	
-1.82334838e-01	  9.79225773e-01	  8.87164278e-02	  1.68866181e-01	
 4.66167030e-01	  6.65402133e-03	  8.84670584e-01	 -3.64080196e-01	
 0.00000000e+00	  0.00000000e+00	  0.00000000e+00	  1.00000000e+00	
14	 23	 55	
 8.88794601e-01	  1.32339057e-01	 -4.38780882e-01	 -7.42099842e-02	
-1.09390591e-01	  9.90990493e-01	  7.73052560e-02	  3.81507253e-03	
 4.45058341e-01	 -2.07090413e-02	  8.95260055e-01	  1.41272783e-01	
 0.00000000e+00	  0.00000000e+00	  0.00000000e+00	  1.00000000e+00	
14	 24	 55	
 9.92174471e-01	  1.21240749e-02	 -1.24257793e-01	 -2.34253604e-01	
-1.43570695e-02	  9.99752023e-01	 -1.70899118e-02	 -1.31252414e-01	
 1.24019645e-01	  1.87404345e-02	  9.92101109e-01	  4.92545157e-01	
 0.00000000e+00	  0.00000000e+00	  0.00000000e+00	  1.00000000e+00	
14	 25	 55	
 9.57837169e-01	 -2.52423216e-01	  1.37219765e-01	 -1.87000364e-01	
 1.76980181e-01	  8.94609490e-01	  4.10309269e-01	 -1.05536233e-01	
-2.26329135e-01	 -3.68723962e-01	  9.01562528e-01	  5.24915015e-01	
 0.00000000e+00	  0.00000000e+00	  0.00000000e+00	  1.00000000e+00	
14	 26	 55	
 8.12769782e-01	 -3.51885775e-01	  4.64305711e-01	  7.83505322e-02	
 3.12701667e-01	  9.35944669e-01	  1.61945848e-01	 -1.64057134e-01	
-4.91550811e-01	  1.35661733e-02	  8.70742214e-01	  7.15075690e-01	
 0.00000000e+00	  0.00000000e+00	  0.00000000e+00	  1.00000000e+00	
14	 49	 55	
 7.12331367e-01	 -2.50125654e-01	  6.55753359e-01	 -2.24703748e+00	
 3.33888985e-01	  9.42604806e-01	 -3.15185056e-03	 -1.36229220e-01	
-6.17328691e-01	  2.21197321e-01	  7.54960870e-01	  5.89442173e-01	
 0.00000000e+00	  0.00000000e+00	  0.00000000e+00	  1.00000000e+00	
14	 51	 55	
 7.79302801e-01	 -1.17988865e-01	  6.15432492e-01	 -2.42916680e+00	
 2.44130261e-01	  9.61681363e-01	 -1.24757594e-01	 -1.36329053e-01	
-5.77131762e-01	  2.47472982e-01	  7.78245289e-01	  5.72161409e-01	
 0.00000000e+00	  0.00000000e+00	  0.00000000e+00	  1.00000000e+00	
15	 16	 55	
 9.88617988e-01	  6.39412459e-02	 -1.36179027e-01	 -1.44675966e-01	
-6.11352595e-02	  9.97823654e-01	  2.46858015e-02	  1.90875087e-01	
 1.37462457e-01	 -1.60795449e-02	  9.90376356e-01	 -3.73950729e-01	
 0.00000000e+00	  0.00000000e+00	  0.00000000e+00	  1.00000000e+00	
15	 22	 55	
 9.22901938e-01	  1.92857648e-01	 -3.33252163e-01	 -3.70498864e-01	
-1.19318770e-01	  9.66159805e-01	  2.28689717e-01	  3.29138579e-01	
 3.66080581e-01	 -1.71296657e-01	  9.14681596e-01	 -5.75350105e-01	
 0.00000000e+00	  0.00000000e+00	  0.00000000e+00	  1.00000000e+00	
15	 23	 55	
 9.93462118e-01	 -1.23921197e-02	 -1.13477088e-01	 -2.24725051e-01	
 1.42981218e-02	  9.99771804e-01	  1.59938238e-02	 -1.31708345e-02	
 1.13255131e-01	 -1.75130414e-02	  9.93410178e-01	  1.92598942e-01	
 0.00000000e+00	  0.00000000e+00	  0.00000000e+00	  1.00000000e+00	
15	 24	 55	
 9.67980051e-01	 -1.12020406e-01	  2.24637365e-01	 -2.36507080e-01	
 1.22696046e-01	  9.91859104e-01	 -3.40966885e-02	 -1.69039892e-01	
-2.18988051e-01	  6.05653593e-02	  9.73845266e-01	  5.70508928e-01	
 0.00000000e+00	  0.00000000e+00	  0.00000000e+00	  1.00000000e+00	
15	 49	 55	
 4.09568968e-01	 -2.79797086e-01	  8.68305583e-01	 -2.07701441e+00	
 4.29009273e-01	  8.99063921e-01	  8.73538732e-02	 -4.51732515e-01	
-8.05107494e-01	  3.36734889e-01	  4.88265960e-01	  1.34078378e+00	
 0.00000000e+00	  0.00000000e+00	  0.00000000e+00	  1.00000000e+00	
15	 50	 55	
 6.58564299e-01	 -9.62920177e-02	  7.46330166e-01	 -2.15526788e+00	
 3.32026847e-01	  9.27201655e-01	 -1.73349776e-01	 -5.22586639e-01	
-6.75309546e-01	  3.61964399e-01	  6.42596217e-01	  1.45675617e+00	
 0.00000000e+00	  0.00000000e+00	  0.00000000e+00	  1.00000000e+00	
15	 51	 55	
 4.97272457e-01	 -1.50279367e-01	  8.54472748e-01	 -2.25247825e+00	
 3.49350387e-01	  9.36192029e-01	 -3.86531078e-02	 -4.76964571e-01	
-7.94146436e-01	  3.17732429e-01	  5.18044985e-01	  1.38601043e+00	
 0.00000000e+00	  0.00000000e+00	  0.00000000e+00	  1.00000000e+00	
16	 17	 55	
 9.29267935e-01	  1.24482042e-01	 -3.47801325e-01	 -2.39643147e-01	
-1.18594707e-01	  9.92204839e-01	  3.82594687e-02	  1.34811124e-01	
 3.49852790e-01	  5.69258741e-03	  9.36788018e-01	 -3.10158156e-01	
 0.00000000e+00	  0.00000000e+00	  0.00000000e+00	  1.00000000e+00	
16	 22	 55	
 9.70015117e-01	  1.08048690e-01	 -2.17707409e-01	 -2.59390366e-01	
-6.59349150e-02	  9.79143808e-01	  1.92176339e-01	  1.26761922e-01	
 2.33930985e-01	 -1.72060962e-01	  9.56907234e-01	 -1.65295409e-01	
 0.00000000e+00	  0.00000000e+00	  0.00000000e+00	  1.00000000e+00	
16	 23	 55	
 9.96849714e-01	 -7.57807784e-02	  2.33919997e-02	  1.12151872e-02	
 7.59682634e-02	  9.97086179e-01	 -7.27028148e-03	 -2.17830255e-01	
-2.27718926e-02	  9.02350158e-03	  9.99698496e-01	  5.66961629e-01	
 0.00000000e+00	  0.00000000e+00	  0.00000000e+00	  1.00000000e+00	
16	 24	 55	
 9.19360041e-01	 -1.63058699e-01	  3.58031346e-01	  6.10444879e-02	
 1.87843356e-01	  9.81564960e-01	 -3.53180725e-02	 -3.80190193e-01	
-3.45671726e-01	  9.97226215e-02	  9.33040751e-01	  9.38991568e-01	
 0.00000000e+00	  0.00000000e+00	  0.00000000e+00	  1.00000000e+00	
16	 48	 55	
-2.15768324e-01	 -3.47548427e-01	  9.12491978e-01	 -1.75658508e+00	
 5.12319345e-01	  7.55252041e-01	  4.08802548e-01	 -6.45187756e-01	
-8.31244716e-01	  5.55695283e-01	  1.50940110e-02	  1.68679354e+00	
 0.00000000e+00	  0.00000000e+00	  0.00000000e+00	  1.00000000e+00	
16	 49	 55	
 2.68008590e-01	 -2.85290169e-01	  9.20200677e-01	 -1.63535054e+00	
 4.67209742e-01	  8.73803269e-01	  1.34832548e-01	 -7.92336210e-01	
-8.42544441e-01	  3.93791646e-01	  3.67477432e-01	  1.94551636e+00	
 0.00000000e+00	  0.00000000e+00	  0.00000000e+00	  1.00000000e+00	
16	 51	 55	
 3.61090705e-01	 -1.62128450e-01	  9.18322332e-01	 -1.80105794e+00	
 3.93155689e-01	  9.19437570e-01	  7.73636937e-03	 -8.29459822e-01	
-8.45598829e-01	  3.58250821e-01	  3.95743029e-01	  2.01357964e+00	
 0.00000000e+00	  0.00000000e+00	  0.00000000e+00	  1.00000000e+00	
17	 21	 55	
 9.42760640e-01	  1.77967802e-01	 -2.82008985e-01	 -2.52539882e-01	
-1.72794116e-01	  9.84005749e-01	  4.33209075e-02	  5.47663487e-02	
 2.85207738e-01	  7.89003780e-03	  9.58431380e-01	 -9.40883819e-02	
 0.00000000e+00	  0.00000000e+00	  0.00000000e+00	  1.00000000e+00	
17	 22	 55	
 9.91064390e-01	 -7.59095877e-02	  1.09677332e-01	  3.32847503e-02	
 5.66616365e-02	  9.83982944e-01	  1.69026326e-01	 -9.61980266e-03	
-1.20751127e-01	 -1.61301370e-01	  9.79489595e-01	  1.42265639e-01	
 0.00000000e+00	  0.00000000e+00	  0.00000000e+00	  1.00000000e+00	
18	 19	 55	
 7.61597694e-01	  2.09695204e-01	 -6.13184867e-01	 -2.35064756e-01	
-2.43124956e-01	  9.69543101e-01	  2.95943994e-02	 -1.94784361e-01	
 6.00715413e-01	  1.26541942e-01	  7.89384437e-01	  6.67261351e-02	
 0.00000000e+00	  0.00000000e+00	  0.00000000e+00	  1.00000000e+00	
18	 20	 55	
 9.90224466e-01	  2.62757787e-02	 -1.36988716e-01	 -1.07862631e-01	
-5.23560061e-02	  9.80306266e-01	 -1.90417273e-01	 -8.20191036e-02	
 1.29287833e-01	  1.95728231e-01	  9.72098342e-01	  1.06751983e-01	
 0.00000000e+00	  0.00000000e+00	  0.00000000e+00	  1.00000000e+00	
18	 36	 55	
 5.72858924e-01	  2.58408534e-01	 -7.77851385e-01	  1.15934022e+00	
-2.52287564e-01	  9.58516434e-01	  1.32633837e-01	 -3.39774277e-01	
 7.79859725e-01	  1.20262951e-01	  6.14284965e-01	  1.27430369e+00	
 0.00000000e+00	  0.00000000e+00	  0.00000000e+00	  1.00000000e+00	
18	 45	 55	
-6.14411982e-01	  2.95787814e-01	 -7.31435977e-01	  9.87096715e-01	
-2.11651542e-01	  8.31288803e-01	  5.13962520e-01	 -1.14458929e+00	
 7.60058672e-01	  4.70594662e-01	 -4.48153218e-01	  3.39780621e+00	
 0.00000000e+00	  0.00000000e+00	  0.00000000e+00	  1.00000000e+00	
19	 20	 55	
 8.44547308e-01	 -1.00747389e-01	  5.25919301e-01	  9.35051104e-02	
 1.73246036e-01	  9.80727789e-01	 -9.03331297e-02	  1.41069731e-01	
-5.06682957e-01	  1.67403276e-01	  8.45724099e-01	 -4.30656459e-02	
 0.00000000e+00	  0.00000000e+00	  0.00000000e+00	  1.00000000e+00	
19	 35	 55	
