0	 1	 38	
0.9971537140	0.0126102427	-0.0743333815	0.0030307791
-0.0078815319	0.9979463670	0.0635683053	-0.0048716499
0.0749823398	-0.0628015108	0.9952053150	0.5334470950
0.0000000000	0.0000000000	0.0000000000	1.0000000000
0	 2	 38	
0.9959900390	-0.0000141214	-0.0894641980	-0.1227128920
-0.0069661209	0.9969516660	-0.0777100285	0.3359745390
0.0891925787	0.0780216327	0.9929538300	0.6676937710
0.0000000000	0.0000000000	0.0000000000	1.0000000000
0	 10	 38	
-0.8607794350	0.1024772210	-0.4985550960	1.4049454300
0.1074258790	0.9940344560	0.0188462636	0.0597906853
0.4975122560	-0.0373352435	-0.8666531220	5.7814529700
0.0000000000	0.0000000000	0.0000000000	1.0000000000
0	 15	 38	
-0.2462100280	0.1850008280	-0.9513965080	1.4131763700
-0.5337558020	0.7934699200	0.2924213210	-0.7000295850
0.8090026980	0.5798104680	-0.0966149861	3.3278893800
0.0000000000	0.0000000000	0.0000000000	1.0000000000
0	 21	 38	
0.2982745110	-0.1979577910	0.9337264210	-4.4220888400
-0.2348511730	0.9329606200	0.2728175370	-0.4058710150
-0.9251363370	-0.3006612630	0.2317877530	2.9144764200
0.0000000000	0.0000000000	0.0000000000	1.0000000000
0	 28	 38	
0.9934092780	0.0665255985	-0.0933399736	0.8604836690
-0.0526081949	0.9881263080	0.1443564270	0.1025893020
0.1018350810	-0.1384945660	0.9851136340	0.7093553050
0.0000000000	0.0000000000	0.0000000000	1.0000000000
1	 2	 38	
0.9996185300	-0.0238155819	-0.0139861206	-0.1218861390
0.0252701243	0.9930217200	0.1151923790	-0.1835231820
0.0111451480	-0.1155018670	0.9932447350	-0.0468841687
0.0000000000	0.0000000000	0.0000000000	1.0000000000
1	 7	 38	
0.3391361070	0.0297468861	-0.9402668900	1.8682998300
-0.0919560528	0.9957616760	-0.0016642175	-0.1485559280
0.9362322280	0.0870276280	0.3404341450	2.4332299500
0.0000000000	0.0000000000	0.0000000000	1.0000000000
1	 14	 38	
-0.0063253838	0.1340654200	-0.9909522960	1.8889798000
-0.0025928404	0.9909665910	0.1340839050	-0.1665920290
0.9999766330	0.0034175133	-0.0059206338	2.9602072200
0.0000000000	0.0000000000	0.0000000000	1.0000000000
1	 19	 38	
-0.5064385120	-0.2459944390	0.8264422360	-3.8431381300
-0.6705683850	0.7149014190	-0.1981262270	0.6348963110
-0.5420867770	-0.6545247870	-0.5270097040	3.4808982500
0.0000000000	0.0000000000	0.0000000000	1.0000000000
1	 20	 38	
-0.4513729350	0.1046765000	-0.8861745330	1.4786564700
0.2807409350	0.9593246210	-0.0296782575	0.1167319080
0.8470224320	-0.2621814290	-0.4624001490	3.7240312500
0.0000000000	0.0000000000	0.0000000000	1.0000000000
1	 21	 38	
0.3727995290	-0.1121625340	0.9211080700	-4.1793855900
0.5546727170	0.8227304560	-0.1243091860	0.6997933780
-0.7438808300	0.5572559220	0.3689270240	1.8808464800
0.0000000000	0.0000000000	0.0000000000	1.0000000000
1	 28	 38	
0.9902156270	0.0430354541	0.1327439740	0.4952276720
-0.0629019736	0.9867880570	0.1493073060	-0.0780319324
-0.1245646600	-0.1561962850	0.9798399690	0.0925416785
0.0000000000	0.0000000000	0.0000000000	1.0000000000
1	 31	 38	
-0.4780556860	-0.0925007350	0.8734451190	-3.5081701800
-0.1053540600	-0.9812203470	-0.1615770790	0.5085926340
0.8719881210	-0.1692638310	0.4593326380	1.7024577800
0.0000000000	0.0000000000	0.0000000000	1.0000000000
2	 3	 38	
0.9998823300	0.0051313502	-0.0144566722	0.2123197380
-0.0046495807	0.9994391140	0.0331638214	-0.0642777065
0.0146187389	-0.0330927015	0.9993453690	0.7383362670
0.0000000000	0.0000000000	0.0000000000	1.0000000000
2	 4	 38	
0.9694325500	-0.0292200970	-0.2436118150	0.7145329890
0.0491099858	0.9958995570	0.0759755316	-0.0973086335
0.2403928860	-0.0856169261	0.9668924460	1.2857355100
0.0000000000	0.0000000000	0.0000000000	1.0000000000
2	 14	 38	
0.9586151110	0.0045675175	-0.2846685910	1.0150061000
-0.0115818912	0.9996692480	-0.0229620317	-0.1087188680
0.2844695560	0.0253087512	0.9583509480	0.3666905620
0.0000000000	0.0000000000	0.0000000000	1.0000000000
3	 4	 38	
0.9799653770	-0.0042364035	-0.1991228570	0.4664036560
0.0137050660	0.9988382990	0.0461976501	-0.0551977153
0.1986958240	-0.0480010895	0.9788850110	0.5197056600
0.0000000000	0.0000000000	0.0000000000	1.0000000000
3	 5	 38	
0.8144541390	0.1327801310	-0.5648308530	0.8023587080
-0.0741717091	0.9893027080	0.1256133350	-0.2118319770
0.5754676470	-0.0604118310	0.8155902140	1.0614313300
0.0000000000	0.0000000000	0.0000000000	1.0000000000
3	 6	 38	
0.6224907720	0.1025765060	-0.7758758270	1.1053704500
-0.1099569140	0.9930030450	0.0430630997	-0.0290844338
0.7748643210	0.0585065296	0.6294142280	0.9656444570
0.0000000000	0.0000000000	0.0000000000	1.0000000000
3	 7	 38	
0.9067865020	0.0143497476	0.4213458500	0.1014967220
-0.0128403882	0.9998969530	-0.0064193780	0.5929307700
-0.4213945480	0.0004107611	0.9068773160	-0.1252448040
0.0000000000	0.0000000000	0.0000000000	1.0000000000
3	 14	 38	
-0.7338847160	-0.6011154800	0.3163438050	-0.2538933370
0.4984632420	-0.7929499410	-0.3503780640	0.2106022700
0.4614624800	-0.0994513473	0.8815678130	-0.0533712186
0.0000000000	0.0000000000	0.0000000000	1.0000000000
3	 15	 38	
0.9958536590	-0.0000253143	-0.0909697212	1.5198815500
0.0008942688	0.9999543660	0.0095113809	-0.2352969730
0.0909653291	-0.0095532949	0.9958082360	-0.3447441730
0.0000000000	0.0000000000	0.0000000000	1.0000000000
3	 16	 38	
0.9919105530	-0.0751393205	-0.1023109790	0.4024080240
0.0741544860	0.9971567220	-0.0134009205	-0.0008087340
0.1030270160	0.0057056964	0.9946621930	-0.0361484226
0.0000000000	0.0000000000	0.0000000000	1.0000000000
3	 19	 38	
0.7429249210	-0.0126181775	0.6692558130	-0.3473884570
0.0728889230	0.9954020370	-0.0621449032	0.0304737533
-0.6653944450	0.0949503328	0.7404287050	0.0765371494
0.0000000000	0.0000000000	0.0000000000	1.0000000000
3	 20	 38	
0.9678958700	-0.0072499916	0.2512469350	0.4282856290
0.0146544788	0.9995112780	-0.0276125205	-0.1695484320
-0.2509239550	0.0304079374	0.9675290830	-0.1554274370
0.0000000000	0.0000000000	0.0000000000	1.0000000000
3	 35	 38	
0.9914211820	0.0485808336	0.1213422570	0.1946121680
-0.0087745617	0.9510040810	-0.3090537910	1.0698669800
-0.1304110730	0.3053377500	0.9432718650	0.7664743680
0.0000000000	0.0000000000	0.0000000000	1.0000000000
4	 5	 38	
0.9411548760	0.0726705650	-0.3300704290	0.3634323780
-0.0608564612	0.9970859710	0.0460006237	-0.0985910216
0.3324514850	-0.0232067930	0.9428347970	0.4001861850
0.0000000000	0.0000000000	0.0000000000	1.0000000000
4	 6	 38	
0.7263542370	0.1293611500	-0.6750371960	0.8545277210
-0.1084239610	0.9913971690	0.0733205152	-0.1310696290
0.6787147910	0.0199335394	0.7341313820	0.3575663480
0.0000000000	0.0000000000	0.0000000000	1.0000000000
4	 17	 38	
0.9914877200	0.0667398264	-0.1117939960	0.3025905270
-0.0803202727	0.9893061330	-0.1217457550	0.2925955640
0.1024731960	0.1296887450	0.9862454430	-0.1226526980
0.0000000000	0.0000000000	0.0000000000	1.0000000000
4	 18	 38	
0.9560857060	0.0917158219	-0.2783672590	1.1866590100
-0.0982237820	0.9951190860	-0.0094917380	-0.1434801310
0.2761380300	0.0364172000	0.9604278090	-0.2648659070
0.0000000000	0.0000000000	0.0000000000	1.0000000000
4	 20	 38	
0.6703585320	-0.6966578870	0.2555136530	-0.5420300460
0.7415891820	0.6170164920	-0.2633175510	0.5142495510
0.0257861111	0.3660033280	0.9302562230	-0.3304186760
0.0000000000	0.0000000000	0.0000000000	1.0000000000
5	 6	 38	
0.9276395130	0.0978537125	-0.3604297210	0.3683049270
-0.1010917250	0.9948277780	0.0099073747	0.0088232627
0.3595349720	0.0272459901	0.9327337560	-0.2134903670
0.0000000000	0.0000000000	0.0000000000	1.0000000000
5	 7	 38	
0.7411239460	0.0568321860	-0.6689584440	0.7870468860
-0.1213549380	0.9913376410	-0.0502260870	-0.0260831562
0.6603092270	0.1184051660	0.7416009310	-0.3679093510
0.0000000000	0.0000000000	0.0000000000	1.0000000000
5	 8	 38	
0.6347720830	0.0662155387	-0.7698570680	1.0269104400
-0.1161389830	0.9931791810	-0.0103368407	-0.2071964120
0.7639215530	0.0959719551	0.6381326230	-0.6171082320
0.0000000000	0.0000000000	0.0000000000	1.0000000000
5	 19	 38	
0.8094822330	0.2009853760	-0.5516732660	0.8391806950
-0.1942385850	0.9783508030	0.0714218407	-0.1715102270
0.5540847280	0.0493415234	0.8309967070	-0.0022243363
0.0000000000	0.0000000000	0.0000000000	1.0000000000
6	 7	 38	
0.9536323610	0.0133384503	-0.3006782430	0.2334331070
-0.0364333497	0.9967869100	-0.0713334903	-0.0451725860
0.2987606590	0.0789806403	0.9510542190	-0.2974374170
0.0000000000	0.0000000000	0.0000000000	1.0000000000
6	 8	 38	
0.9091342260	0.3358489810	-0.2463339620	-0.0001061253
-0.3477837280	0.9375598510	-0.0052918784	-0.1140660320
0.2291755610	0.0904819714	0.9691705600	-0.7669611020
0.0000000000	0.0000000000	0.0000000000	1.0000000000
6	 11	 38	
0.2322642160	-0.3399045330	-0.9113277360	0.9529126340
0.3103541560	0.9138731420	-0.2617559520	0.5573973910
0.9218099760	-0.2220378100	0.3177508130	0.3432133610
0.0000000000	0.0000000000	0.0000000000	1.0000000000
6	 13	 38	
0.8873431290	-0.3344215650	-0.3174655690	1.1877246200
0.3718363410	0.9261072130	0.0637429711	0.1226912690
0.2726901290	-0.1746071230	0.9461249630	-0.5342366970
0.0000000000	0.0000000000	0.0000000000	1.0000000000
6	 19	 38	
0.9838361760	0.0223172361	-0.1776747610	0.3781510640
-0.0296854047	0.9988012890	-0.0389199393	-0.0075314522
0.1765931950	0.0435651914	0.9833193370	-0.0209168328
0.0000000000	0.0000000000	0.0000000000	1.0000000000
6	 21	 38	
0.5659015880	0.2108015270	-0.7970684470	1.7480786400
-0.2314424530	0.9685055620	0.0918224778	-0.0374631298
0.7913215430	0.1325129910	0.5968672580	0.4581397850
0.0000000000	0.0000000000	0.0000000000	1.0000000000
6	 30	 38	
0.9291570680	0.1899655510	-0.3171438660	0.0994972798
-0.2016020200	0.9794595100	-0.0039615325	-0.3887417090
0.3098770210	0.0676177298	0.9483691660	-0.7472812500
0.0000000000	0.0000000000	0.0000000000	1.0000000000
7	 8	 38	
0.9796352740	-0.0308137303	-0.1984067620	0.1285060870
0.0155436897	0.9968270170	-0.0780659484	0.0714350829
0.2001827240	0.0733921836	0.9770058670	-0.3196782220
0.0000000000	0.0000000000	0.0000000000	1.0000000000
7	 13	 38	
0.9905754550	-0.1311224670	0.0395874509	-0.0622922135
0.1274826940	0.9883128320	0.0835817495	-0.3683021290
-0.0500842308	-0.0777473146	0.9957142790	-0.6508773620
0.0000000000	0.0000000000	0.0000000000	1.0000000000
7	 15	 38	
0.9741200030	-0.0393558472	-0.2225788330	0.3171177950
-0.0525496106	-0.9971752520	-0.0536661544	-0.6085110940
-0.2198380270	0.0639737055	-0.9734364930	5.7288872100
0.0000000000	0.0000000000	0.0000000000	1.0000000000
7	 16	 38	
0.2253600470	-0.9687340550	-0.1037650220	-0.3151061640
-0.9017111050	-0.2477221420	0.3543315170	-0.8829330220
-0.3689579010	0.0137139056	-0.9293449290	5.6222285100
0.0000000000	0.0000000000	0.0000000000	1.0000000000
7	 19	 38	
0.9712431350	-0.1584058810	0.1777479950	-0.2742362420
0.1384569730	0.9831215310	0.1195898040	-0.1486994530
-0.1936916090	-0.0915403274	0.9767824370	0.1389048630
0.0000000000	0.0000000000	0.0000000000	1.0000000000
7	 20	 38	
0.8723445580	0.4763680650	-0.1099474400	0.4442159190
-0.4718836410	0.8792306900	0.0654157671	-0.5648772010
0.1278311460	-0.0051826901	0.9917824040	0.2143875790
0.0000000000	0.0000000000	0.0000000000	1.0000000000
7	 30	 38	
0.5547803190	0.8319919800	0.0028534347	-0.5081473840
-0.8182445860	0.5462279970	-0.1791947880	0.8436606440
-0.1506472530	0.0970789344	0.9838094760	-0.1890066390
0.0000000000	0.0000000000	0.0000000000	1.0000000000
8	 11	 38	
0.8182173810	0.0518381189	-0.5725671370	-0.0277352326
0.0515229239	0.9853072920	0.1628340540	0.0407619342
0.5725955870	-0.1627339870	0.8035247000	0.4828215750
0.0000000000	0.0000000000	0.0000000000	1.0000000000
8	 19	 38	
-0.8785997730	-0.1548125420	-0.4517693170	0.7352256330
-0.1961933280	0.9794901710	0.0459040693	-0.1497078590
0.4353970800	0.1289654310	-0.8909530290	5.9987428100
0.0000000000	0.0000000000	0.0000000000	1.0000000000
8	 20	 38	
-0.9819302220	0.1892250860	-0.0026280756	-1.0836159500
0.1879954490	0.9769534040	0.1010928190	-0.6433954590
0.0216968048	0.0987720278	-0.9948735270	6.0592710300
0.0000000000	0.0000000000	0.0000000000	1.0000000000
8	 21	 38	
0.9260203170	0.2104114570	-0.3133901590	1.0718104700
-0.1375861980	0.9612604690	0.2388479610	-0.5961224590
0.3515059190	-0.1780599040	0.9190964370	0.1534920110
0.0000000000	0.0000000000	0.0000000000	1.0000000000
9	 10	 38	
0.9908198490	0.0043120896	-0.1351200660	0.1748755860
-0.0055288702	0.9999474650	-0.0086312222	0.0666774817
0.1350757490	0.0092990476	0.9907916380	-0.0589857188
0.0000000000	0.0000000000	0.0000000000	1.0000000000
9	 11	 38	
0.9326942250	0.0296713776	-0.3594455350	0.4859854290
-0.0026017586	0.9971378410	0.0755602881	0.0581658494
0.3606587220	-0.0695394538	0.9301019030	0.7556255140
0.0000000000	0.0000000000	0.0000000000	1.0000000000
9	 12	 38	
0.9981771720	-0.0568976942	-0.0201242479	0.2218257810
0.0584909268	0.9941976040	0.0902769991	-0.0454276286
0.0148709260	-0.0912895256	0.9957133510	0.0116661677
0.0000000000	0.0000000000	0.0000000000	1.0000000000
9	 13	 38	
0.9618119860	0.0808855357	0.2614865840	-0.4864699400
-0.0939667406	0.9948538670	0.0378950586	-0.0873059689
-0.2570757770	-0.0610189635	0.9644629240	0.3455371730
0.0000000000	0.0000000000	0.0000000000	1.0000000000
9	 21	 38	
0.9790857930	0.1948307750	-0.0585830868	1.0049917900
-0.1789592980	0.9617232850	0.2075135980	-0.7405999100
0.0967707539	-0.1926896280	0.9764763840	0.2237433210
0.0000000000	0.0000000000	0.0000000000	1.0000000000
9	 30	 38	
0.6079192160	-0.6540656220	0.4501470740	-1.2212237900
0.6925250790	0.7140978660	0.1023389110	-0.9184624440
-0.3883854290	0.2495243480	0.8870706620	0.9326136340
0.0000000000	0.0000000000	0.0000000000	1.0000000000
10	 11	 38	
0.9848970800	-0.0404559367	0.1683480290	-0.2250514420
0.0320561876	0.9981158290	0.0523181964	0.0354403685
-0.1701474140	-0.0461314429	0.9843382280	0.3788171490
0.0000000000	0.0000000000	0.0000000000	1.0000000000
10	 12	 38	
0.9797780570	-0.0119036539	-0.1997329790	0.4653851070
0.0429282531	0.9874893710	0.1517297180	-0.2246708870
0.1954280550	-0.1572356360	0.9680314200	0.6109884890
0.0000000000	0.0000000000	0.0000000000	1.0000000000
10	 20	 38	
0.5315667790	-0.7136682760	0.4561955190	0.4223732140
0.8124296540	0.5819285910	-0.0362928599	-0.0056527055
-0.2395721530	0.3899188470	0.8891391770	0.5798213450
0.0000000000	0.0000000000	0.0000000000	1.0000000000
10	 21	 38	
0.9727759980	-0.1018183000	0.2081823490	0.2117472270
0.0956614794	0.9946315550	0.0394582119	-0.1897180400
-0.2110823020	-0.0184689699	0.9772937940	0.3583727330
0.0000000000	0.0000000000	0.0000000000	1.0000000000
10	 30	 38	
-0.1503862360	-0.9258371770	0.3467124200	0.3706329930
0.9859829750	-0.1660914090	-0.0158498293	-0.0543979717
0.0722603157	0.3394689470	0.9378375560	0.2003913650
0.0000000000	0.0000000000	0.0000000000	1.0000000000
10	 36	 38	
0.5638704660	-0.0641358543	-0.8233691090	4.0808409200
-0.0663874626	0.9902335260	-0.1225979960	-0.3353388640
0.8231906230	0.1237907750	0.5541056230	2.8909326200
0.0000000000	0.0000000000	0.0000000000	1.0000000000
11	 12	 38	
0.9916130300	-0.0187081735	-0.1278812090	0.5336847310
0.0276019979	0.9972943440	0.0681331154	-0.1936173160
0.1262605600	-0.0710914619	0.9894464490	-0.2915838520
0.0000000000	0.0000000000	0.0000000000	1.0000000000
11	 30	 38	
-0.7127950100	0.1164917870	-0.6916306370	3.3451943800
-0.1434124120	0.9410683890	0.3063056770	-1.3131687400
0.6865538250	0.3175215760	-0.6540824830	4.8016863300
0.0000000000	0.0000000000	0.0000000000	1.0000000000
12	 13	 38	
0.9780556930	0.0475258399	-0.2028505750	-0.0703336683
-0.0499645072	0.9987270550	-0.0069150832	-0.1190428210
0.2022637120	0.0168986655	0.9791852870	0.7520953970
0.0000000000	0.0000000000	0.0000000000	1.0000000000
12	 16	 38	
0.9908556320	-0.0414170536	0.1284124030	-0.2265931720
0.0336360708	0.9974978800	0.0621819451	-0.1711484160
-0.1306664920	-0.0572940418	0.9897694990	0.1560052420
0.0000000000	0.0000000000	0.0000000000	1.0000000000
13	 18	 38	
0.9563250510	-0.0707914048	0.2836035520	-0.9221728520
0.0420518258	0.9934573230	0.1061799990	-0.0364367508
-0.2892646570	-0.0896165461	0.9530450320	0.2464671150
0.0000000000	0.0000000000	0.0000000000	1.0000000000
13	 19	 38	
0.8301276490	-0.5545260850	0.0582143270	-0.5455564740
0.5280780740	0.8154253930	0.2370969750	-0.7612755310
-0.1789458980	-0.1660790440	0.9697402320	0.5831565740
0.0000000000	0.0000000000	0.0000000000	1.0000000000
13	 20	 38	
0.9883789760	-0.0354193259	-0.1478258160	0.1369024440
0.0316441562	0.9991121520	-0.0278128705	0.1714633790
0.1486796820	0.0228118333	0.9886222600	0.7929085420
0.0000000000	0.0000000000	0.0000000000	1.0000000000
13	 21	 38	
0.7123553450	-0.6664262740	-0.2200588190	-0.7077146790
-0.6199357240	-0.7444912220	0.2478154940	-1.0425682700
-0.3289826150	-0.0401103684	-0.9434837560	6.4822725900
0.0000000000	0.0000000000	0.0000000000	1.0000000000
14	 15	 38	
0.9948999370	0.0373331908	-0.0937035072	0.1769548320
-0.0337288537	0.9986398600	0.0397592161	-0.0564067533
0.0950603957	-0.0363959297	0.9948059400	0.1289631570
0.0000000000	0.0000000000	0.0000000000	1.0000000000
14	 16	 38	
0.9927679990	0.0135928707	-0.1192767160	0.1140739290
-0.0058824060	0.9978835960	0.0647589782	-0.0341658598
0.1199045380	-0.0635890071	0.9907468600	0.1707117590
0.0000000000	0.0000000000	0.0000000000	1.0000000000
14	 17	 38	
0.9055040660	0.1414754110	-0.4000588630	0.3426804800
-0.1261959330	0.9899105760	0.0644332045	-0.1323127940
0.4051382140	-0.0078587271	0.9142216730	0.7532434400
0.0000000000	0.0000000000	0.0000000000	1.0000000000
14	 19	 38	
0.9279401040	0.0126250477	0.3725154640	-0.6798814630
-0.0008438734	0.9994947830	-0.0317721183	0.1834970660
-0.3727283870	0.0291682669	0.9274819470	0.2715614220
0.0000000000	0.0000000000	0.0000000000	1.0000000000
14	 20	 38	
0.9857200670	-0.0686092187	0.1537814170	-0.3394545520
0.0690378501	0.9976107630	0.0025575312	0.0260748729
-0.1535894670	0.0080957286	0.9881015810	0.2185166340
0.0000000000	0.0000000000	0.0000000000	1.0000000000
14	 30	 38	
-0.8612887680	-0.4222115710	-0.2826995720	1.1186602800
-0.4827947200	0.8534546600	0.1962763410	-0.9967380240
0.1584011250	0.3055364690	-0.9389124290	5.9786363100
0.0000000000	0.0000000000	0.0000000000	1.0000000000
14	 31	 38	
0.6455056420	-0.6398310070	0.4170596460	-1.4058248200
0.6313233700	0.7543172490	0.1801007800	-0.2334225410
-0.4298293480	0.1470434320	0.8908563080	0.6462983320
0.0000000000	0.0000000000	0.0000000000	1.0000000000
14	 33	 38	
0.9286720460	0.3405228770	-0.1470115680	0.9293568830
-0.3105237530	0.9305761590	0.1939149560	-0.4784005140
0.2028379390	-0.1344328150	0.9699405080	0.8469514360
0.0000000000	0.0000000000	0.0000000000	1.0000000000
14	 34	 38	
0.0961341912	-0.9851135100	0.1425117210	-0.6689947440
0.9657219780	0.0576268794	-0.2531011750	0.4486255240
0.2411208810	0.1619583770	0.9568856800	0.9444780400
0.0000000000	0.0000000000	0.0000000000	1.0000000000
15	 16	 38	
0.9987553990	-0.0150027199	-0.0475664978	0.0084390737
0.0163269931	0.9994863850	0.0275752522	0.0049842684
0.0471283632	-0.0283175499	0.9984873730	0.0576180420
0.0000000000	0.0000000000	0.0000000000	1.0000000000
15	 17	 38	
0.9527595950	0.0521031073	-0.2992230270	0.2336476410
-0.0586580135	0.9981940050	-0.0129601520	0.0090415811
0.2980073670	0.0298997375	0.9540951810	0.5818946800
0.0000000000	0.0000000000	0.0000000000	1.0000000000
15	 19	 38	
0.8588153120	-0.0141765520	0.5120891370	-0.8272880270
0.0659567746	0.9943571770	-0.0830873547	0.2768181730
-0.5080216170	0.1051324400	0.8549042090	0.2477868890
0.0000000000	0.0000000000	0.0000000000	1.0000000000
15	 20	 38	
0.9647447310	-0.0150684470	0.2627556760	-0.4579346240
0.0230864574	0.9993564300	-0.0274543596	0.0292367966
-0.2621728790	0.0325525465	0.9644717270	0.1312342620
0.0000000000	0.0000000000	0.0000000000	1.0000000000
15	 31	 38	
0.6805766720	0.2927794250	0.6716365110	-0.9365362180
-0.2449469560	0.9548637640	-0.1680362490	0.2088973520
-0.6905189230	-0.0501537676	0.7215734310	0.6144925140
0.0000000000	0.0000000000	0.0000000000	1.0000000000
16	 17	 38	
0.9607675860	0.1210457260	-0.2495467450	0.2501711140
-0.1299045420	0.9913390820	-0.0192778048	-0.0773228878
0.2450519450	0.0509387455	0.9681708470	0.4898322240
0.0000000000	0.0000000000	0.0000000000	1.0000000000
16	 19	 38	
0.7634322210	-0.0132502234	0.6457520230	-0.4706009070
0.0836792556	0.9933923810	-0.0785452729	0.1582139300
-0.6404443970	0.1140000410	0.7594965200	0.0855942160
0.0000000000	0.0000000000	0.0000000000	1.0000000000
16	 20	 38	
0.9507328710	0.0001254844	0.3100112770	0.1053804480
0.0196885801	0.9979567290	-0.0607842670	-0.0233147459
-0.3093854670	0.0638932826	0.9487877960	-0.1048148980
0.0000000000	0.0000000000	0.0000000000	1.0000000000
16	 21	 38	
0.9916695320	0.1019057130	-0.0787830184	0.0805068213
-0.1004310480	0.9946902680	0.0224694503	0.0005283685
0.0806544670	-0.0143700082	0.9966385300	-0.3558115290
0.0000000000	0.0000000000	0.0000000000	1.0000000000
16	 30	 38	
0.8601766420	0.0082178532	0.5099300060	-1.6171691700
0.0287499152	0.9974988080	-0.0645722038	0.0353417680
-0.5091852180	0.0702039459	0.8577889130	0.1824338860
0.0000000000	0.0000000000	0.0000000000	1.0000000000
16	 35	 38	
0.9574791180	0.2233671410	0.1825947920	0.2310336370
-0.1900467980	0.9645078960	-0.1833213910	0.6240009970
-0.2170620940	0.1408248480	0.9659463800	0.5089620740
0.0000000000	0.0000000000	0.0000000000	1.0000000000
17	 18	 38	
0.9478270530	0.0467723527	-0.3153350990	0.5013589210
-0.0233960056	0.9967165830	0.0775156735	-0.1200466910
0.3179253130	-0.0660938706	0.9458092280	0.6424883060
0.0000000000	0.0000000000	0.0000000000	1.0000000000
17	 20	 38	
0.9768136430	-0.0844646436	-0.1967252690	0.4246167400
0.0800928873	0.9963331930	-0.0300881684	0.1101116020
0.1985453020	0.0136342386	0.9799968730	0.8114108330
0.0000000000	0.0000000000	0.0000000000	1.0000000000
17	 21	 38	
0.9764508770	-0.0464926704	-0.2106706330	-0.6201623270
0.0486391309	0.9988038230	0.0050157209	0.1585831140
0.2101854400	-0.0151444416	0.9775442330	0.0425684496
0.0000000000	0.0000000000	0.0000000000	1.0000000000
18	 19	 38	
0.9157420520	0.0434815904	-0.3994068680	0.1116231410
-0.0273468389	0.9985665990	0.0460097584	-0.1194760160
0.4008349350	-0.0312105553	0.9156185100	0.5495873750
0.0000000000	0.0000000000	0.0000000000	1.0000000000
18	 20	 38	
0.5929580180	0.1070377570	-0.7980875310	0.6330577100
-0.0508200581	0.9941244120	0.0955718307	-0.3031404810
0.8036280920	-0.0161112285	0.5949137060	0.9727618950
0.0000000000	0.0000000000	0.0000000000	1.0000000000
18	 22	 38	
0.8423333310	0.0632901046	-0.5352279170	0.1087304720
-0.0880042783	0.9959042620	-0.0207351889	0.3085120940
0.5317234310	0.0645682873	0.8444531540	-0.2136037690
0.0000000000	0.0000000000	0.0000000000	1.0000000000
18	 30	 38	
0.8688380450	0.1166264930	-0.4811639150	0.0046247197
-0.1453758940	0.9891146780	-0.0227596699	0.0499230557
0.4732719100	0.0897241015	0.8763351440	-0.1456398440
0.0000000000	0.0000000000	0.0000000000	1.0000000000
19	 20	 38	
0.9363590680	0.0428684817	-0.3484164030	0.2169449510
-0.0482139382	0.9988146850	-0.0066813421	-0.0311110574
0.3477170010	0.0230546622	0.9373160460	0.1313170320
0.0000000000	0.0000000000	0.0000000000	1.0000000000
19	 21	 38	
0.6698273130	0.1644963160	-0.7240665260	0.7841934170
-0.1506769220	0.9849753050	0.0843807696	-0.0096772747
0.7270679720	0.0525795714	0.6845491600	0.1090441970
0.0000000000	0.0000000000	0.0000000000	1.0000000000
19	 30	 38	
-0.7272137180	-0.6496718880	0.2215550620	-1.1855726500
-0.6438335890	0.7575065240	0.1079915550	-0.4143825510
-0.2379884830	-0.0641116505	-0.9691497190	5.9630802900
0.0000000000	0.0000000000	0.0000000000	1.0000000000
20	 21	 38	
0.9148667140	0.1164905580	-0.3865861420	0.3351371520
-0.0903860564	0.9922643100	0.0850993474	-0.0305657192
0.3935089030	-0.0429125635	0.9183187110	-0.2498430630
0.0000000000	0.0000000000	0.0000000000	1.0000000000
20	 22	 38	
0.7746063110	0.1109607680	-0.6226337370	0.0932671738
-0.0460627727	0.9917723200	0.1194398870	0.0346153727
0.6307640470	-0.0638386542	0.7733442590	-0.3524285840
0.0000000000	0.0000000000	0.0000000000	1.0000000000
20	 30	 38	
0.9346890040	0.3529426130	0.0422844784	-0.4440632550
-0.3443917740	0.9285999460	-0.1381898910	0.0092171755
-0.0880384658	0.1146021460	0.9895026920	-0.4910702670
0.0000000000	0.0000000000	0.0000000000	1.0000000000
21	 22	 38	
0.9227095900	0.0381951328	-0.3835989380	0.1334408240
-0.0247740577	0.9988977400	0.0398691699	0.0353977002
0.3846989200	-0.0272843631	0.9226387720	-0.0648444155
0.0000000000	0.0000000000	0.0000000000	1.0000000000
21	 30	 38	
0.8850702110	0.0570743477	0.4619450620	-1.7713034000
-0.0578990298	0.9982453950	-0.0124029862	-0.3310957180
-0.4618424230	-0.0157686573	0.8868218120	0.5013974030
0.0000000000	0.0000000000	0.0000000000	1.0000000000
22	 23	 38	
0.9921088080	0.0427372457	-0.1178712870	0.0150046596
-0.0300877902	0.9937950100	0.1070803600	0.0616591968
0.1217162160	-0.1026888820	0.9872386520	0.0009109848
0.0000000000	0.0000000000	0.0000000000	1.0000000000
22	 24	 38	
0.9517494650	0.1051222140	-0.2883093410	0.0973380546
-0.0639490774	0.9868120550	0.1487026660	-0.0387094997
0.3001390870	-0.1230905660	0.9459203140	0.4191085070
0.0000000000	0.0000000000	0.0000000000	1.0000000000
22	 25	 38	
0.8918354250	0.1162932010	-0.4371561130	0.3608351280
-0.0656136804	0.9894255890	0.1293516490	-0.0514386662
0.4475761610	-0.0866769612	0.8900352150	0.8118857570
0.0000000000	0.0000000000	0.0000000000	1.0000000000
22	 27	 38	
0.2815396460	0.2570572660	-0.9244766030	2.4326718800
-0.0403388101	0.9657674720	0.2562537230	-0.3850506550
0.9587013130	-0.0348532962	0.2822712160	1.7102493600
0.0000000000	0.0000000000	0.0000000000	1.0000000000
22	 29	 38	
-0.4376674260	-0.1457581270	0.8872439310	-1.4359571700
0.0251479596	-0.9883712290	-0.1499663070	0.3817439420
0.8987851830	-0.0433229932	0.4362434110	0.7164774630
0.0000000000	0.0000000000	0.0000000000	1.0000000000
23	 24	 38	
0.9799084070	0.0040770364	-0.1994063500	0.2119710980
0.0018233481	0.9995661470	0.0293971671	-0.1116515700
0.1994396900	-0.0291701183	0.9794758360	0.4154738850
0.0000000000	0.0000000000	0.0000000000	1.0000000000
23	 25	 38	
0.9563473810	0.0713187417	-0.2833960540	0.4177708270
-0.0565105012	0.9965914930	0.0600995719	-0.2583498350
0.2867163220	-0.0414612152	0.9571179230	0.7605482900
0.0000000000	0.0000000000	0.0000000000	1.0000000000
23	 26	 38	
0.4287246600	-0.1877354410	0.8837140770	-1.5300481700
0.2337007430	0.9679227350	0.0922471777	-0.2646640330
-0.8726850110	0.1669759970	0.4588462580	1.3837539600
0.0000000000	0.0000000000	0.0000000000	1.0000000000
23	 27	 38	
0.4588964440	-0.1839256500	0.8692441600	-1.4595728800
0.2468550930	0.9662134470	0.0741224553	-0.2715130880
-0.8535084160	0.1805628170	0.4887948980	1.3580123900
0.0000000000	0.0000000000	0.0000000000	1.0000000000
24	 25	 38	
0.9788923390	0.0601466155	-0.1953258140	0.4342595920
-0.0588907052	0.9981894400	0.0122362541	-0.1203034790
0.1957081340	-0.0004751005	0.9806620730	0.3293544430
0.0000000000	0.0000000000	0.0000000000	1.0000000000
24	 26	 38	
0.8375698670	-0.0945739143	0.5380822360	-0.7758933130
0.1097673980	0.9939499010	0.0038355986	-0.1459796570
-0.5351895330	0.0558513053	0.8428836190	0.6991453430
0.0000000000	0.0000000000	0.0000000000	1.0000000000
24	 27	 38	
0.9851921920	-0.0513033084	0.1635980320	-0.3474444320
0.0567571349	0.9979715110	-0.0288355914	-0.0133217974
-0.1617868140	0.0376939551	0.9861055690	0.0710018492
0.0000000000	0.0000000000	0.0000000000	1.0000000000
25	 26	 38	
0.9686402900	0.0539484359	-0.2425398010	0.2546219800
-0.0546279743	0.9984990530	0.0039276249	-0.0895204551
0.2423876510	0.0094450023	0.9701335060	0.3758843860
0.0000000000	0.0000000000	0.0000000000	1.0000000000
25	 27	 38	
0.8459279730	0.1179025020	-0.5201008210	0.4389697990
-0.1049496770	0.9929882640	0.0544047076	-0.1232777150
0.5228684630	0.0085619490	0.8523703790	0.3425145740
0.0000000000	0.0000000000	0.0000000000	1.0000000000
25	 28	 38	
-0.2147291600	-0.1865749860	0.9586872080	-2.0278543000
-0.2296021520	-0.9444315150	-0.2352274770	1.6266503000
0.9493019750	-0.2706268440	0.1599589680	2.0250185200
0.0000000000	0.0000000000	0.0000000000	1.0000000000
26	 27	 38	
0.9448821820	0.0629763876	-0.3212968040	0.2906458560
-0.0614178359	0.9979995020	0.0149948102	-0.1132622910
0.3215983690	0.0055650254	0.9468598210	0.3738769280
0.0000000000	0.0000000000	0.0000000000	1.0000000000
27	 28	 38	
0.9967301410	0.0115993196	0.0799655073	0.1603898110
-0.0097375856	0.9996732890	-0.0236325009	-0.1488731700
-0.0802135026	0.0227765550	0.9965174470	0.4618453790
0.0000000000	0.0000000000	0.0000000000	1.0000000000
29	 31	 38	
0.8323091830	-0.0415447250	0.5527526210	0.1931593340
-0.0296464434	0.9924238870	0.1192305240	0.1019849560
-0.5535183040	-0.1156238090	0.8247718610	1.0008269500
0.0000000000	0.0000000000	0.0000000000	1.0000000000
30	 31	 38	
0.9580631560	-0.0099276872	0.2863851070	-0.0482817619
0.0163846723	0.9996625230	-0.0201589187	0.0059740795
-0.2860883270	0.0240058434	0.9579024940	0.6755601740
0.0000000000	0.0000000000	0.0000000000	1.0000000000
30	 32	 38	
0.6109989910	-0.0877304181	0.7867551120	-0.4176105270
0.0975117001	0.9946123970	0.0351802112	-0.0116407117
-0.7856027630	0.0552227550	0.6162619140	1.1195619500
0.0000000000	0.0000000000	0.0000000000	1.0000000000
31	 32	 38	
0.8335254450	-0.0445317767	0.5506834420	-0.4180361140
0.0561975808	0.9984103040	-0.0043239522	0.0603250798
-0.5496154690	0.0345512014	0.8347029710	0.2405919250
0.0000000000	0.0000000000	0.0000000000	1.0000000000
31	 33	 38	
0.5878288230	-0.0826870635	0.8047484850	-1.1934768700
0.0783073906	0.9959072980	0.0451287693	0.0452178858
-0.8051864550	0.0364897626	0.5918980230	0.3419926540
0.0000000000	0.0000000000	0.0000000000	1.0000000000
31	 34	 38	
0.4616080310	0.0342834731	0.8864212710	-1.3666029300
0.0666768764	0.9950852780	-0.0732084880	0.1206550000
-0.8845745980	0.0928974274	0.4570534410	0.2888778020
0.0000000000	0.0000000000	0.0000000000	1.0000000000
31	 37	 38	
0.5613558140	-0.0233659875	0.8272446320	-1.3116593000
0.0289245124	0.9995445600	0.0086049546	0.0417256713
-0.8270689350	0.0190972063	0.5617759990	0.1421849180
0.0000000000	0.0000000000	0.0000000000	1.0000000000
32	 33	 38	
0.9623774800	-0.0558127946	0.2659220160	-0.4336094720
0.0475768576	0.9981702170	0.0373183581	0.0198578729
-0.2675182780	-0.0232626136	0.9632719360	-0.3718707720
0.0000000000	0.0000000000	0.0000000000	1.0000000000
32	 34	 38	
0.8751118290	-0.0407204494	0.4822044500	-0.8136049640
0.0760607625	0.9956421640	-0.0539577696	0.0412906738
-0.4779058980	0.0838959206	0.8743954640	-0.4637689620
0.0000000000	0.0000000000	0.0000000000	1.0000000000
32	 35	 38	
0.8635027210	0.0533563301	0.5015138600	-0.8726351700
0.0547474358	0.9785955620	-0.1983770250	0.1061407890
-0.5013639080	0.1987556990	0.8420988090	-0.4838888790
0.0000000000	0.0000000000	0.0000000000	1.0000000000
32	 36	 38	
0.9261432160	0.0343392372	0.3756055910	-0.8025445220
0.0577593032	0.9711881590	-0.2312086120	0.0392106088
-0.3727232300	0.2358270050	0.8974759150	-0.5419362770
0.0000000000	0.0000000000	0.0000000000	1.0000000000
32	 37	 38	
0.9030622500	0.0257444202	0.4287374460	-0.8155377190
-0.0086558506	0.9990901610	-0.0417603481	0.1133844790
-0.4294224590	0.0340011066	0.9024634490	-0.5408639870
0.0000000000	0.0000000000	0.0000000000	1.0000000000
33	 34	 38	
0.9744740580	-0.0062561258	0.2244129480	-0.3367517510
0.0327808954	0.9928630310	-0.1146665390	0.0734538004
-0.2220939510	0.1190960250	0.9677243480	-0.1859296070
0.0000000000	0.0000000000	0.0000000000	1.0000000000
33	 35	 38	
0.9716288560	0.0328074033	0.2342243380	-0.3532005620
0.0234277183	0.9721113220	-0.2333467810	0.0782022271
-0.2353476330	0.2322138080	0.9437628090	-0.2150883720
0.0000000000	0.0000000000	0.0000000000	1.0000000000
33	 36	 38	
0.9944317180	0.0096949015	0.1049360150	-0.3020364800
0.0205265891	0.9588678060	-0.2831098560	0.0840185456
-0.1033644890	0.2836873990	0.9533295560	-0.2507855040
0.0000000000	0.0000000000	0.0000000000	1.0000000000
33	 37	 38	
0.9804973060	0.0555297301	0.1885244870	-0.3768079420
-0.0419145291	0.9962677800	-0.0754565008	0.0906461384
-0.1920109510	0.0660829807	0.9791653760	-0.2382083150
0.0000000000	0.0000000000	0.0000000000	1.0000000000
34	 35	 38	
0.9999919330	0.0016584732	-0.0036584239	0.0457755620
-0.0021538589	0.9901687110	-0.1398616650	0.0608586199
0.0033905000	0.1398684160	0.9901642950	-0.0337732536
0.0000000000	0.0000000000	0.0000000000	1.0000000000
34	 36	 38	
0.9916307350	-0.0124501730	-0.1285047770	0.0823422813
-0.0094402505	0.9856828940	-0.1683452220	-0.0010157816
0.1287608870	0.1681494140	0.9773159210	-0.0573902206
0.0000000000	0.0000000000	0.0000000000	1.0000000000
34	 37	 38	
0.9965845040	0.0662599722	-0.0492842933	0.0200035075
-0.0641164451	0.9969775540	0.0438729894	0.0066632473
0.0520423572	-0.0405632077	0.9978207350	-0.0549956858
0.0000000000	0.0000000000	0.0000000000	1.0000000000
35	 36	 38	
0.9919351510	-0.0176546495	-0.1255108350	0.0371900645
0.0140069845	0.9994551690	-0.0298859488	-0.0691752594
0.1259700790	0.0278868948	0.9916420020	-0.0126133066
0.0000000000	0.0000000000	0.0000000000	1.0000000000
35	 37	 38	
0.9957712770	0.0736227808	-0.0549476992	0.0061640951
-0.0636621342	0.9842294590	0.1650439450	-0.0230618952
0.0662321384	-0.1608479320	0.9847544090	-0.0167930071
0.0000000000	0.0000000000	0.0000000000	1.0000000000
36	 37	 38	
0.9953292360	0.0472657083	0.0841763892	-0.0711525316
-0.0639087506	0.9761295430	0.2075735710	0.0220186475
-0.0723559484	-0.2119836520	0.9745909650	0.0053235020
0.0000000000	0.0000000000	0.0000000000	1.0000000000
