0	 1	 38	
 5.00000000e+03	  0.00000000e+00	  0.00000000e+00	  0.00000000e+00	  1.51836084e+04	 -2.59723047e+03	
 0.00000000e+00	  5.00000000e+03	  0.00000000e+00	 -1.51836084e+04	  0.00000000e+00	 -4.14794336e+03	
 0.00000000e+00	  0.00000000e+00	  5.00000000e+03	  2.59723047e+03	  4.14794336e+03	  0.00000000e+00	
 0.00000000e+00	 -1.51836084e+04	  2.59723047e+03	  4.98027539e+04	  8.21385498e+02	  1.24745762e+04	
 1.51836084e+04	  0.00000000e+00	  4.14794336e+03	  8.21385498e+02	  5.21062852e+04	 -7.92715186e+03	
-2.59723047e+03	 -4.14794336e+03	  0.00000000e+00	  1.24745762e+04	 -7.92715186e+03	  8.73723438e+03	
0	 6	 38	
 5.00000000e+03	  0.00000000e+00	  0.00000000e+00	  0.00000000e+00	  1.62034150e+04	  1.24697083e+03	
 0.00000000e+00	  5.00000000e+03	  0.00000000e+00	 -1.62034150e+04	  0.00000000e+00	 -6.48911914e+03	
 0.00000000e+00	  0.00000000e+00	  5.00000000e+03	 -1.24697083e+03	  6.48911914e+03	  0.00000000e+00	
 0.00000000e+00	 -1.62034150e+04	 -1.24697083e+03	  5.40533750e+04	 -1.91458228e+03	  2.10471484e+04	
 1.62034150e+04	  0.00000000e+00	  6.48911914e+03	 -1.91458228e+03	  6.12755391e+04	  4.06876245e+03	
 1.24697083e+03	 -6.48911914e+03	  0.00000000e+00	  2.10471484e+04	  4.06876245e+03	  1.00561230e+04	
0	 8	 38	
 5.00000000e+03	  0.00000000e+00	  0.00000000e+00	  0.00000000e+00	  1.52071299e+04	  9.28996155e+02	
 0.00000000e+00	  5.00000000e+03	  0.00000000e+00	 -1.52071299e+04	  0.00000000e+00	 -5.37085791e+03	
 0.00000000e+00	  0.00000000e+00	  5.00000000e+03	 -9.28996155e+02	  5.37085791e+03	  0.00000000e+00	
 0.00000000e+00	 -1.52071299e+04	 -9.28996155e+02	  5.07029766e+04	 -2.63411353e+03	  1.66546016e+04	
 1.52071299e+04	  0.00000000e+00	  5.37085791e+03	 -2.63411353e+03	  5.36705820e+04	  3.66774414e+03	
 9.28996155e+02	 -5.37085791e+03	  0.00000000e+00	  1.66546016e+04	  3.66774414e+03	  1.04509512e+04	
0	 9	 38	
 5.00000000e+03	  0.00000000e+00	  0.00000000e+00	  0.00000000e+00	  1.52779736e+04	 -1.28305823e+03	
 0.00000000e+00	  5.00000000e+03	  0.00000000e+00	 -1.52779736e+04	  0.00000000e+00	 -4.54201660e+03	
 0.00000000e+00	  0.00000000e+00	  5.00000000e+03	  1.28305823e+03	  4.54201660e+03	  0.00000000e+00	
 0.00000000e+00	 -1.52779736e+04	  1.28305823e+03	  5.03863789e+04	 -3.04947052e+02	  1.44366172e+04	
 1.52779736e+04	  0.00000000e+00	  4.54201660e+03	 -3.04947052e+02	  5.28337461e+04	 -3.30937500e+03	
-1.28305823e+03	 -4.54201660e+03	  0.00000000e+00	  1.44366172e+04	 -3.30937500e+03	  8.46283203e+03	
0	 10	 38	
 5.00000000e+03	  0.00000000e+00	  0.00000000e+00	  0.00000000e+00	  1.45095166e+04	 -1.57953040e+03	
 0.00000000e+00	  5.00000000e+03	  0.00000000e+00	 -1.45095166e+04	  0.00000000e+00	 -4.56360498e+03	
 0.00000000e+00	  0.00000000e+00	  5.00000000e+03	  1.57953040e+03	  4.56360498e+03	  0.00000000e+00	
 0.00000000e+00	 -1.45095166e+04	  1.57953040e+03	  4.56756367e+04	  1.16734238e+02	  1.36783184e+04	
 1.45095166e+04	  0.00000000e+00	  4.56360498e+03	  1.16734238e+02	  4.82411367e+04	 -4.16560010e+03	
-1.57953040e+03	 -4.56360498e+03	  0.00000000e+00	  1.36783184e+04	 -4.16560010e+03	  8.48036523e+03	
0	 11	 38	
 3.57700000e+03	  0.00000000e+00	  0.00000000e+00	  0.00000000e+00	  7.03938574e+03	 -2.09037476e+03	
 0.00000000e+00	  3.57700000e+03	  0.00000000e+00	 -7.03938574e+03	  0.00000000e+00	 -1.28798828e+03	
 0.00000000e+00	  0.00000000e+00	  3.57700000e+03	  2.09037476e+03	  1.28798828e+03	  0.00000000e+00	
 0.00000000e+00	 -7.03938574e+03	  2.09037476e+03	  1.63765000e+04	  9.75797791e+02	  3.44495166e+03	
 7.03938574e+03	  0.00000000e+00	  1.28798828e+03	  9.75797791e+02	  1.67534707e+04	 -4.32269580e+03	
-2.09037476e+03	 -1.28798828e+03	  0.00000000e+00	  3.44495166e+03	 -4.32269580e+03	  3.48555298e+03	
0	 27	 38	
 5.00000000e+03	  0.00000000e+00	  0.00000000e+00	  0.00000000e+00	  1.46856455e+04	 -4.75272510e+03	
 0.00000000e+00	  5.00000000e+03	  0.00000000e+00	 -1.46856455e+04	  0.00000000e+00	 -4.65419800e+02	
 0.00000000e+00	  0.00000000e+00	  5.00000000e+03	  4.75272510e+03	  4.65419800e+02	  0.00000000e+00	
 0.00000000e+00	 -1.46856455e+04	  4.75272510e+03	  4.94768633e+04	  2.30802017e+02	  1.68139441e+03	
 1.46856455e+04	  0.00000000e+00	  4.65419800e+02	  2.30802017e+02	  4.56440664e+04	 -1.43091543e+04	
-4.75272510e+03	 -4.65419800e+02	  0.00000000e+00	  1.68139441e+03	 -1.43091543e+04	  6.31126074e+03	
0	 28	 38	
 5.00000000e+03	  0.00000000e+00	  0.00000000e+00	  0.00000000e+00	  1.54764785e+04	 -5.20644678e+03	
 0.00000000e+00	  5.00000000e+03	  0.00000000e+00	 -1.54764785e+04	  0.00000000e+00	 -1.65715973e+02	
 0.00000000e+00	  0.00000000e+00	  5.00000000e+03	  5.20644678e+03	  1.65715973e+02	  0.00000000e+00	
 0.00000000e+00	 -1.54764785e+04	  5.20644678e+03	  5.37546211e+04	  1.07007584e+02	  5.96256348e+02	
 1.54764785e+04	  0.00000000e+00	  1.65715973e+02	  1.07007584e+02	  4.89419609e+04	 -1.61201338e+04	
-5.20644678e+03	 -1.65715973e+02	  0.00000000e+00	  5.96256348e+02	 -1.61201338e+04	  6.21762988e+03	
1	 2	 38	
 5.00000000e+03	  0.00000000e+00	  0.00000000e+00	  0.00000000e+00	  1.53513105e+04	 -2.63245508e+03	
 0.00000000e+00	  5.00000000e+03	  0.00000000e+00	 -1.53513105e+04	  0.00000000e+00	 -1.25243030e+03	
 0.00000000e+00	  0.00000000e+00	  5.00000000e+03	  2.63245508e+03	  1.25243030e+03	  0.00000000e+00	
 0.00000000e+00	 -1.53513105e+04	  2.63245508e+03	  4.99254180e+04	  1.78992236e+00	  3.87233032e+03	
 1.53513105e+04	  0.00000000e+00	  1.25243030e+03	  1.78992236e+00	  4.99596836e+04	 -8.06119678e+03	
-2.63245508e+03	 -1.25243030e+03	  0.00000000e+00	  3.87233032e+03	 -8.06119678e+03	  4.70377344e+03	
1	 6	 38	
 5.00000000e+03	  0.00000000e+00	  0.00000000e+00	  0.00000000e+00	  1.47563193e+04	  1.35873560e+03	
 0.00000000e+00	  5.00000000e+03	  0.00000000e+00	 -1.47563193e+04	  0.00000000e+00	 -4.20584912e+03	
 0.00000000e+00	  0.00000000e+00	  5.00000000e+03	 -1.35873560e+03	  4.20584912e+03	  0.00000000e+00	
 0.00000000e+00	 -1.47563193e+04	 -1.35873560e+03	  4.56715352e+04	 -2.06357446e+03	  1.21866914e+04	
 1.47563193e+04	  0.00000000e+00	  4.20584912e+03	 -2.06357446e+03	  4.82227852e+04	  3.81647412e+03	
 1.35873560e+03	 -4.20584912e+03	  0.00000000e+00	  1.21866914e+04	  3.81647412e+03	  6.33162939e+03	
1	 8	 38	
 5.00000000e+03	  0.00000000e+00	  0.00000000e+00	  0.00000000e+00	  1.48766123e+04	  1.09480017e+03	
 0.00000000e+00	  5.00000000e+03	  0.00000000e+00	 -1.48766123e+04	  0.00000000e+00	 -4.14580615e+03	
 0.00000000e+00	  0.00000000e+00	  5.00000000e+03	 -1.09480017e+03	  4.14580615e+03	  0.00000000e+00	
 0.00000000e+00	 -1.48766123e+04	 -1.09480017e+03	  4.78908164e+04	 -1.97658936e+03	  1.27212832e+04	
 1.48766123e+04	  0.00000000e+00	  4.14580615e+03	 -1.97658936e+03	  4.96554453e+04	  4.17559814e+03	
 1.09480017e+03	 -4.14580615e+03	  0.00000000e+00	  1.27212832e+04	  4.17559814e+03	  6.72528955e+03	
1	 9	 38	
 5.00000000e+03	  0.00000000e+00	  0.00000000e+00	  0.00000000e+00	  1.42750010e+04	  2.30907074e+02	
 0.00000000e+00	  5.00000000e+03	  0.00000000e+00	 -1.42750010e+04	  0.00000000e+00	 -3.77426343e+03	
 0.00000000e+00	  0.00000000e+00	  5.00000000e+03	 -2.30907074e+02	  3.77426343e+03	  0.00000000e+00	
 0.00000000e+00	 -1.42750010e+04	 -2.30907074e+02	  4.35112969e+04	 -1.42606506e+03	  1.10283555e+04	
 1.42750010e+04	  0.00000000e+00	  3.77426343e+03	 -1.42606506e+03	  4.53917578e+04	  1.19360974e+03	
 2.30907074e+02	 -3.77426343e+03	  0.00000000e+00	  1.10283555e+04	  1.19360974e+03	  6.05966357e+03	
1	 10	 38	
 5.00000000e+03	  0.00000000e+00	  0.00000000e+00	  0.00000000e+00	  1.31455508e+04	  4.20560333e+02	
 0.00000000e+00	  5.00000000e+03	  0.00000000e+00	 -1.31455508e+04	  0.00000000e+00	 -4.59168555e+03	
 0.00000000e+00	  0.00000000e+00	  5.00000000e+03	 -4.20560333e+02	  4.59168555e+03	  0.00000000e+00	
 0.00000000e+00	 -1.31455508e+04	 -4.20560333e+02	  3.68297695e+04	 -1.27823120e+03	  1.22260859e+04	
 1.31455508e+04	  0.00000000e+00	  4.59168555e+03	 -1.27823120e+03	  4.00803984e+04	  1.29669666e+03	
 4.20560333e+02	 -4.59168555e+03	  0.00000000e+00	  1.22260859e+04	  1.29669666e+03	  6.93595068e+03	
1	 27	 38	
 5.00000000e+03	  0.00000000e+00	  0.00000000e+00	  0.00000000e+00	  1.41934590e+04	 -3.79791187e+03	
 0.00000000e+00	  5.00000000e+03	  0.00000000e+00	 -1.41934590e+04	  0.00000000e+00	  1.20271777e+03	
 0.00000000e+00	  0.00000000e+00	  5.00000000e+03	  3.79791187e+03	 -1.20271777e+03	  0.00000000e+00	
 0.00000000e+00	 -1.41934590e+04	  3.79791187e+03	  4.44977969e+04	 -1.69122754e+03	 -4.10680273e+03	
 1.41934590e+04	  0.00000000e+00	 -1.20271777e+03	 -1.69122754e+03	  4.37454570e+04	 -1.08778789e+04	
-3.79791187e+03	  1.20271777e+03	  0.00000000e+00	 -4.10680273e+03	 -1.08778789e+04	  6.23493701e+03	
1	 28	 38	
 5.00000000e+03	  0.00000000e+00	  0.00000000e+00	  0.00000000e+00	  1.46842109e+04	 -3.81869946e+03	
 0.00000000e+00	  5.00000000e+03	  0.00000000e+00	 -1.46842109e+04	  0.00000000e+00	  1.62526941e+03	
 0.00000000e+00	  0.00000000e+00	  5.00000000e+03	  3.81869946e+03	 -1.62526941e+03	  0.00000000e+00	
 0.00000000e+00	 -1.46842109e+04	  3.81869946e+03	  4.66912695e+04	 -1.58097925e+03	 -4.72569141e+03	
 1.46842109e+04	  0.00000000e+00	 -1.62526941e+03	 -1.58097925e+03	  4.51973438e+04	 -1.11147871e+04	
-3.81869946e+03	  1.62526941e+03	  0.00000000e+00	 -4.72569141e+03	 -1.11147871e+04	  4.99234814e+03	
2	 3	 38	
 5.00000000e+03	  0.00000000e+00	  0.00000000e+00	  0.00000000e+00	  1.57696582e+04	 -2.01888779e+02	
 0.00000000e+00	  5.00000000e+03	  0.00000000e+00	 -1.57696582e+04	  0.00000000e+00	  3.16581665e+03	
 0.00000000e+00	  0.00000000e+00	  5.00000000e+03	  2.01888779e+02	 -3.16581665e+03	  0.00000000e+00	
 0.00000000e+00	 -1.57696582e+04	  2.01888779e+02	  5.21484844e+04	 -4.52892822e+02	 -1.05422734e+04	
 1.57696582e+04	  0.00000000e+00	 -3.16581665e+03	 -4.52892822e+02	  5.47050117e+04	 -2.70859467e+02	
-2.01888779e+02	  3.16581665e+03	  0.00000000e+00	 -1.05422734e+04	 -2.70859467e+02	  5.90610059e+03	
2	 5	 38	
 5.00000000e+03	  0.00000000e+00	  0.00000000e+00	  0.00000000e+00	  1.42052080e+04	  3.39199097e+02	
 0.00000000e+00	  5.00000000e+03	  0.00000000e+00	 -1.42052080e+04	  0.00000000e+00	 -3.19376904e+03	
 0.00000000e+00	  0.00000000e+00	  5.00000000e+03	 -3.39199097e+02	  3.19376904e+03	  0.00000000e+00	
 0.00000000e+00	 -1.42052080e+04	 -3.39199097e+02	  4.25156484e+04	 -6.50542847e+02	  9.21562305e+03	
 1.42052080e+04	  0.00000000e+00	  3.19376904e+03	 -6.50542847e+02	  4.41052109e+04	  1.03081079e+03	
 3.39199097e+02	 -3.19376904e+03	  0.00000000e+00	  9.21562305e+03	  1.03081079e+03	  3.98708911e+03	
2	 8	 38	
 5.00000000e+03	  0.00000000e+00	  0.00000000e+00	  0.00000000e+00	  1.42864434e+04	  1.62475391e+03	
 0.00000000e+00	  5.00000000e+03	  0.00000000e+00	 -1.42864434e+04	  0.00000000e+00	 -3.68277051e+03	
 0.00000000e+00	  0.00000000e+00	  5.00000000e+03	 -1.62475391e+03	  3.68277051e+03	  0.00000000e+00	
 0.00000000e+00	 -1.42864434e+04	 -1.62475391e+03	  4.39868906e+04	 -1.75096484e+03	  1.10314707e+04	
 1.42864434e+04	  0.00000000e+00	  3.68277051e+03	 -1.75096484e+03	  4.50127539e+04	  5.31870508e+03	
 1.62475391e+03	 -3.68277051e+03	  0.00000000e+00	  1.10314707e+04	  5.31870508e+03	  5.58993262e+03	
3	 4	 38	
 5.00000000e+03	  0.00000000e+00	  0.00000000e+00	  0.00000000e+00	  1.24025107e+04	 -4.60996490e+02	
 0.00000000e+00	  5.00000000e+03	  0.00000000e+00	 -1.24025107e+04	  0.00000000e+00	 -4.29536011e+02	
 0.00000000e+00	  0.00000000e+00	  5.00000000e+03	  4.60996490e+02	  4.29536011e+02	  0.00000000e+00	
 0.00000000e+00	 -1.24025107e+04	  4.60996490e+02	  3.30979023e+04	 -4.07369751e+02	  9.36517273e+02	
 1.24025107e+04	  0.00000000e+00	  4.29536011e+02	 -4.07369751e+02	  3.30908867e+04	 -1.06360864e+03	
-4.60996490e+02	 -4.29536011e+02	  0.00000000e+00	  9.36517273e+02	 -1.06360864e+03	  2.98084790e+03	
3	 5	 38	
 5.00000000e+03	  0.00000000e+00	  0.00000000e+00	  0.00000000e+00	  1.22260664e+04	 -1.08038318e+03	
 0.00000000e+00	  5.00000000e+03	  0.00000000e+00	 -1.22260664e+04	  0.00000000e+00	 -1.10416577e+03	
 0.00000000e+00	  0.00000000e+00	  5.00000000e+03	  1.08038318e+03	  1.10416577e+03	  0.00000000e+00	
 0.00000000e+00	 -1.22260664e+04	  1.08038318e+03	  3.29434102e+04	 -3.50510468e+02	  2.72946924e+03	
 1.22260664e+04	  0.00000000e+00	  1.10416577e+03	 -3.50510468e+02	  3.19134004e+04	 -2.59943896e+03	
-1.08038318e+03	 -1.10416577e+03	  0.00000000e+00	  2.72946924e+03	 -2.59943896e+03	  2.60657959e+03	
3	 6	 38	
 5.00000000e+03	  0.00000000e+00	  0.00000000e+00	  0.00000000e+00	  1.19117920e+04	 -5.65955017e+02	
 0.00000000e+00	  5.00000000e+03	  0.00000000e+00	 -1.19117920e+04	  0.00000000e+00	 -1.73960620e+03	
 0.00000000e+00	  0.00000000e+00	  5.00000000e+03	  5.65955017e+02	  1.73960620e+03	  0.00000000e+00	
 0.00000000e+00	 -1.19117920e+04	  5.65955017e+02	  3.17267461e+04	 -5.41418091e+02	  4.42387793e+03	
 1.19117920e+04	  0.00000000e+00	  1.73960620e+03	 -5.41418091e+02	  3.08718789e+04	 -1.02387268e+03	
-5.65955017e+02	 -1.73960620e+03	  0.00000000e+00	  4.42387793e+03	 -1.02387268e+03	  3.18987964e+03	
4	 5	 38	
 5.00000000e+03	  0.00000000e+00	  0.00000000e+00	  0.00000000e+00	  1.11562285e+04	 -7.27935059e+02	
 0.00000000e+00	  5.00000000e+03	  0.00000000e+00	 -1.11562285e+04	  0.00000000e+00	 -1.66299341e+03	
 0.00000000e+00	  0.00000000e+00	  5.00000000e+03	  7.27935059e+02	  1.66299341e+03	  0.00000000e+00	
 0.00000000e+00	 -1.11562285e+04	  7.27935059e+02	  2.72697871e+04	  1.13164520e+01	  3.83022119e+03	
 1.11562285e+04	  0.00000000e+00	  1.66299341e+03	  1.13164520e+01	  2.70836777e+04	 -1.69600781e+03	
-7.27935059e+02	 -1.66299341e+03	  0.00000000e+00	  3.83022119e+03	 -1.69600781e+03	  2.92036572e+03	
4	 6	 38	
 5.00000000e+03	  0.00000000e+00	  0.00000000e+00	  0.00000000e+00	  1.11195605e+04	 -8.06805847e+02	
 0.00000000e+00	  5.00000000e+03	  0.00000000e+00	 -1.11195605e+04	  0.00000000e+00	 -2.55542578e+03	
 0.00000000e+00	  0.00000000e+00	  5.00000000e+03	  8.06805847e+02	  2.55542578e+03	  0.00000000e+00	
 0.00000000e+00	 -1.11195605e+04	  8.06805847e+02	  2.71113828e+04	  1.54951124e+01	  5.85898096e+03	
 1.11195605e+04	  0.00000000e+00	  2.55542578e+03	  1.54951124e+01	  2.73163984e+04	 -1.79172925e+03	
-8.06805847e+02	 -2.55542578e+03	  0.00000000e+00	  5.85898096e+03	 -1.79172925e+03	  3.38895801e+03	
4	 7	 38	
 5.00000000e+03	  0.00000000e+00	  0.00000000e+00	  0.00000000e+00	  1.07639531e+04	  4.95999184e+01	
 0.00000000e+00	  5.00000000e+03	  0.00000000e+00	 -1.07639531e+04	  0.00000000e+00	 -3.66463013e+03	
 0.00000000e+00	  0.00000000e+00	  5.00000000e+03	 -4.95999184e+01	  3.66463013e+03	  0.00000000e+00	
 0.00000000e+00	 -1.07639531e+04	 -4.95999184e+01	  2.53624902e+04	 -2.23195053e+02	  8.10982178e+03	
 1.07639531e+04	  0.00000000e+00	  3.66463013e+03	 -2.23195053e+02	  2.68632422e+04	  6.54680252e+01	
 4.95999184e+01	 -3.66463013e+03	  0.00000000e+00	  8.10982178e+03	  6.54680252e+01	  4.45181885e+03	
5	 6	 38	
 5.00000000e+03	  0.00000000e+00	  0.00000000e+00	  0.00000000e+00	  9.87246484e+03	 -2.81671936e+02	
 0.00000000e+00	  5.00000000e+03	  0.00000000e+00	 -9.87246484e+03	  0.00000000e+00	 -2.39647119e+03	
 0.00000000e+00	  0.00000000e+00	  5.00000000e+03	  2.81671936e+02	  2.39647119e+03	  0.00000000e+00	
 0.00000000e+00	 -9.87246484e+03	  2.81671936e+02	  2.19562539e+04	  1.16044731e+02	  4.74201562e+03	
 9.87246484e+03	  0.00000000e+00	  2.39647119e+03	  1.16044731e+02	  2.23645254e+04	 -4.66883820e+02	
-2.81671936e+02	 -2.39647119e+03	  0.00000000e+00	  4.74201562e+03	 -4.66883820e+02	  3.58772021e+03	
5	 7	 38	
 5.00000000e+03	  0.00000000e+00	  0.00000000e+00	  0.00000000e+00	  9.48016406e+03	 -5.88313354e+02	
 0.00000000e+00	  5.00000000e+03	  0.00000000e+00	 -9.48016406e+03	  0.00000000e+00	 -3.18284619e+03	
 0.00000000e+00	  0.00000000e+00	  5.00000000e+03	  5.88313354e+02	  3.18284619e+03	  0.00000000e+00	
 0.00000000e+00	 -9.48016406e+03	  5.88313354e+02	  2.04830176e+04	  2.37418564e+02	  6.13385254e+03	
 9.48016406e+03	  0.00000000e+00	  3.18284619e+03	  2.37418564e+02	  2.15587559e+04	 -1.01372552e+03	
-5.88313354e+02	 -3.18284619e+03	  0.00000000e+00	  6.13385254e+03	 -1.01372552e+03	  3.83210742e+03	
5	 8	 38	
 5.00000000e+03	  0.00000000e+00	  0.00000000e+00	  0.00000000e+00	  9.34236523e+03	  3.17777771e+02	
 0.00000000e+00	  5.00000000e+03	  0.00000000e+00	 -9.34236523e+03	  0.00000000e+00	 -4.67611426e+03	
 0.00000000e+00	  0.00000000e+00	  5.00000000e+03	 -3.17777771e+02	  4.67611426e+03	  0.00000000e+00	
 0.00000000e+00	 -9.34236523e+03	 -3.17777771e+02	  1.94621406e+04	 -7.23497192e+02	  8.79849902e+03	
 9.34236523e+03	  0.00000000e+00	  4.67611426e+03	 -7.23497192e+02	  2.29339102e+04	  4.41878021e+02	
 3.17777771e+02	 -4.67611426e+03	  0.00000000e+00	  8.79849902e+03	  4.41878021e+02	  6.10041943e+03	
6	 7	 38	
 5.00000000e+03	  0.00000000e+00	  0.00000000e+00	  0.00000000e+00	  1.16052949e+04	  1.23542236e+03	
 0.00000000e+00	  5.00000000e+03	  0.00000000e+00	 -1.16052949e+04	  0.00000000e+00	 -1.40667749e+03	
 0.00000000e+00	  0.00000000e+00	  5.00000000e+03	 -1.23542236e+03	  1.40667749e+03	  0.00000000e+00	
 0.00000000e+00	 -1.16052949e+04	 -1.23542236e+03	  3.02449434e+04	 -2.70789978e+02	  3.07048193e+03	
 1.16052949e+04	  0.00000000e+00	  1.40667749e+03	 -2.70789978e+02	  2.93443867e+04	  3.08938306e+03	
 1.23542236e+03	 -1.40667749e+03	  0.00000000e+00	  3.07048193e+03	  3.08938306e+03	  4.29372607e+03	
6	 8	 38	
 5.00000000e+03	  0.00000000e+00	  0.00000000e+00	  0.00000000e+00	  1.11616318e+04	  1.06513696e+03	
 0.00000000e+00	  5.00000000e+03	  0.00000000e+00	 -1.11616318e+04	  0.00000000e+00	 -4.20345557e+03	
 0.00000000e+00	  0.00000000e+00	  5.00000000e+03	 -1.06513696e+03	  4.20345557e+03	  0.00000000e+00	
 0.00000000e+00	 -1.11616318e+04	 -1.06513696e+03	  2.78053613e+04	 -1.36600012e+03	  9.27711816e+03	
 1.11616318e+04	  0.00000000e+00	  4.20345557e+03	 -1.36600012e+03	  3.00189375e+04	  2.21301367e+03	
 1.06513696e+03	 -4.20345557e+03	  0.00000000e+00	  9.27711816e+03	  2.21301367e+03	  6.97689014e+03	
7	 8	 38	
 5.00000000e+03	  0.00000000e+00	  0.00000000e+00	  0.00000000e+00	  1.37226992e+04	  6.39405823e+02	
 0.00000000e+00	  5.00000000e+03	  0.00000000e+00	 -1.37226992e+04	  0.00000000e+00	 -2.01255774e+03	
 0.00000000e+00	  0.00000000e+00	  5.00000000e+03	 -6.39405823e+02	  2.01255774e+03	  0.00000000e+00	
 0.00000000e+00	 -1.37226992e+04	 -6.39405823e+02	  4.14540977e+04	 -4.93919647e+02	  5.63723145e+03	
 1.37226992e+04	  0.00000000e+00	  2.01255774e+03	 -4.93919647e+02	  4.13787109e+04	  1.97713538e+03	
 6.39405823e+02	 -2.01255774e+03	  0.00000000e+00	  5.63723145e+03	  1.97713538e+03	  6.47119385e+03	
9	 10	 38	
 5.00000000e+03	  0.00000000e+00	  0.00000000e+00	  0.00000000e+00	  1.43530859e+04	 -3.01880786e+03	
 0.00000000e+00	  5.00000000e+03	  0.00000000e+00	 -1.43530859e+04	  0.00000000e+00	  1.51619873e+02	
 0.00000000e+00	  0.00000000e+00	  5.00000000e+03	  3.01880786e+03	 -1.51619873e+02	  0.00000000e+00	
 0.00000000e+00	 -1.43530859e+04	  3.01880786e+03	  4.65087578e+04	  1.33576526e+03	 -9.20019897e+02	
 1.43530859e+04	  0.00000000e+00	 -1.51619873e+02	  1.33576526e+03	  4.48632891e+04	 -8.02248926e+03	
-3.01880786e+03	  1.51619873e+02	  0.00000000e+00	 -9.20019897e+02	 -8.02248926e+03	  6.88164160e+03	
9	 11	 38	
 5.00000000e+03	  0.00000000e+00	  0.00000000e+00	  0.00000000e+00	  1.56612256e+04	 -4.74893311e+03	
 0.00000000e+00	  5.00000000e+03	  0.00000000e+00	 -1.56612256e+04	  0.00000000e+00	 -3.77542310e+03	
 0.00000000e+00	  0.00000000e+00	  5.00000000e+03	  4.74893311e+03	  3.77542310e+03	  0.00000000e+00	
 0.00000000e+00	 -1.56612256e+04	  4.74893311e+03	  5.43891836e+04	  3.77933105e+03	  1.16943408e+04	
 1.56612256e+04	  0.00000000e+00	  3.77542310e+03	  3.77933105e+03	  5.34466445e+04	 -1.49970713e+04	
-4.74893311e+03	 -3.77542310e+03	  0.00000000e+00	  1.16943408e+04	 -1.49970713e+04	  8.55427441e+03	
10	 11	 38	
 5.00000000e+03	  0.00000000e+00	  0.00000000e+00	  0.00000000e+00	  1.57574531e+04	 -4.41745020e+03	
 0.00000000e+00	  5.00000000e+03	  0.00000000e+00	 -1.57574531e+04	  0.00000000e+00	 -2.21169312e+03	
 0.00000000e+00	  0.00000000e+00	  5.00000000e+03	  4.41745020e+03	  2.21169312e+03	  0.00000000e+00	
 0.00000000e+00	 -1.57574531e+04	  4.41745020e+03	  5.42074648e+04	  2.44990845e+03	  7.04036230e+03	
 1.57574531e+04	  0.00000000e+00	  2.21169312e+03	  2.44990845e+03	  5.35886055e+04	 -1.40517617e+04	
-4.41745020e+03	 -2.21169312e+03	  0.00000000e+00	  7.04036230e+03	 -1.40517617e+04	  7.76305469e+03	
14	 15	 38	
 5.00000000e+03	  0.00000000e+00	  0.00000000e+00	  0.00000000e+00	  1.48763096e+04	 -1.22634338e+03	
 0.00000000e+00	  5.00000000e+03	  0.00000000e+00	 -1.48763096e+04	  0.00000000e+00	 -5.60357788e+02	
 0.00000000e+00	  0.00000000e+00	  5.00000000e+03	  1.22634338e+03	  5.60357788e+02	  0.00000000e+00	
 0.00000000e+00	 -1.48763096e+04	  1.22634338e+03	  4.70803945e+04	  2.69503693e+02	  2.26322192e+03	
 1.48763096e+04	  0.00000000e+00	  5.60357788e+02	  2.69503693e+02	  4.74191992e+04	 -3.62271729e+03	
-1.22634338e+03	 -5.60357788e+02	  0.00000000e+00	  2.26322192e+03	 -3.62271729e+03	  5.24816650e+03	
14	 16	 38	
 5.00000000e+03	  0.00000000e+00	  0.00000000e+00	  0.00000000e+00	  1.49663662e+04	 -1.27010803e+03	
 0.00000000e+00	  5.00000000e+03	  0.00000000e+00	 -1.49663662e+04	  0.00000000e+00	 -1.24712708e+03	
 0.00000000e+00	  0.00000000e+00	  5.00000000e+03	  1.27010803e+03	  1.24712708e+03	  0.00000000e+00	
 0.00000000e+00	 -1.49663662e+04	  1.27010803e+03	  4.77730742e+04	  3.03655487e+02	  4.23609814e+03	
 1.49663662e+04	  0.00000000e+00	  1.24712708e+03	  3.03655487e+02	  4.77977148e+04	 -3.68555200e+03	
-1.27010803e+03	 -1.24712708e+03	  0.00000000e+00	  4.23609814e+03	 -3.68555200e+03	  5.27256885e+03	
14	 17	 38	
 5.00000000e+03	  0.00000000e+00	  0.00000000e+00	  0.00000000e+00	  1.55404287e+04	 -1.33599258e+02	
 0.00000000e+00	  5.00000000e+03	  0.00000000e+00	 -1.55404287e+04	  0.00000000e+00	 -2.46024805e+03	
 0.00000000e+00	  0.00000000e+00	  5.00000000e+03	  1.33599258e+02	  2.46024805e+03	  0.00000000e+00	
 0.00000000e+00	 -1.55404287e+04	  1.33599258e+02	  5.04833906e+04	  5.42848267e+02	  8.13472607e+03	
 1.55404287e+04	  0.00000000e+00	  2.46024805e+03	  5.42848267e+02	  5.16426797e+04	 -6.03831238e+02	
-1.33599258e+02	 -2.46024805e+03	  0.00000000e+00	  8.13472607e+03	 -6.03831238e+02	  5.11474902e+03	
15	 16	 38	
 5.00000000e+03	  0.00000000e+00	  0.00000000e+00	  0.00000000e+00	  1.45733115e+04	 -7.45114075e+02	
 0.00000000e+00	  5.00000000e+03	  0.00000000e+00	 -1.45733115e+04	  0.00000000e+00	 -9.63345093e+02	
 0.00000000e+00	  0.00000000e+00	  5.00000000e+03	  7.45114075e+02	  9.63345093e+02	  0.00000000e+00	
 0.00000000e+00	 -1.45733115e+04	  7.45114075e+02	  4.53861875e+04	  7.10610275e+01	  3.55043726e+03	
 1.45733115e+04	  0.00000000e+00	  9.63345093e+02	  7.10610275e+01	  4.54920039e+04	 -2.04552161e+03	
-7.45114075e+02	 -9.63345093e+02	  0.00000000e+00	  3.55043726e+03	 -2.04552161e+03	  4.72914697e+03	
15	 17	 38	
 5.00000000e+03	  0.00000000e+00	  0.00000000e+00	  0.00000000e+00	  1.53718330e+04	 -2.56286478e+00	
 0.00000000e+00	  5.00000000e+03	  0.00000000e+00	 -1.53718330e+04	  0.00000000e+00	 -2.37859155e+03	
 0.00000000e+00	  0.00000000e+00	  5.00000000e+03	  2.56286478e+00	  2.37859155e+03	  0.00000000e+00	
 0.00000000e+00	 -1.53718330e+04	  2.56286478e+00	  4.95520430e+04	  4.27092529e+02	  7.91844336e+03	
 1.53718330e+04	  0.00000000e+00	  2.37859155e+03	  4.27092529e+02	  5.03959219e+04	 -2.53859802e+02	
-2.56286478e+00	 -2.37859155e+03	  0.00000000e+00	  7.91844336e+03	 -2.53859802e+02	  4.77596094e+03	
16	 17	 38	
 5.00000000e+03	  0.00000000e+00	  0.00000000e+00	  0.00000000e+00	  1.47478506e+04	  3.77076538e+02	
 0.00000000e+00	  5.00000000e+03	  0.00000000e+00	 -1.47478506e+04	  0.00000000e+00	 -1.69632068e+03	
 0.00000000e+00	  0.00000000e+00	  5.00000000e+03	 -3.77076538e+02	  1.69632068e+03	  0.00000000e+00	
 0.00000000e+00	 -1.47478506e+04	 -3.77076538e+02	  4.61220039e+04	  3.44272430e+02	  5.51520361e+03	
 1.47478506e+04	  0.00000000e+00	  1.69632068e+03	  3.44272430e+02	  4.62617461e+04	  9.90300903e+02	
 3.77076538e+02	 -1.69632068e+03	  0.00000000e+00	  5.51520361e+03	  9.90300903e+02	  4.77109814e+03	
17	 18	 38	
 5.00000000e+03	  0.00000000e+00	  0.00000000e+00	  0.00000000e+00	  1.42326006e+04	 -1.20149719e+03	
 0.00000000e+00	  5.00000000e+03	  0.00000000e+00	 -1.42326006e+04	  0.00000000e+00	 -2.12347974e+03	
 0.00000000e+00	  0.00000000e+00	  5.00000000e+03	  1.20149719e+03	  2.12347974e+03	  0.00000000e+00	
 0.00000000e+00	 -1.42326006e+04	  1.20149719e+03	  4.32433867e+04	  7.55656189e+02	  7.07020703e+03	
 1.42326006e+04	  0.00000000e+00	  2.12347974e+03	  7.55656189e+02	  4.42138047e+04	 -3.42107788e+03	
-1.20149719e+03	 -2.12347974e+03	  0.00000000e+00	  7.07020703e+03	 -3.42107788e+03	  4.73895947e+03	
18	 19	 38	
 5.00000000e+03	  0.00000000e+00	  0.00000000e+00	  0.00000000e+00	  1.43448232e+04	 -7.83400269e+01	
 0.00000000e+00	  5.00000000e+03	  0.00000000e+00	 -1.43448232e+04	  0.00000000e+00	 -5.17406055e+03	
 0.00000000e+00	  0.00000000e+00	  5.00000000e+03	  7.83400269e+01	  5.17406055e+03	  0.00000000e+00	
 0.00000000e+00	 -1.43448232e+04	  7.83400269e+01	  4.36926680e+04	  1.18691307e+02	  1.46491768e+04	
 1.43448232e+04	  0.00000000e+00	  5.17406055e+03	  1.18691307e+02	  4.75214023e+04	 -6.62597122e+01	
-7.83400269e+01	 -5.17406055e+03	  0.00000000e+00	  1.46491768e+04	 -6.62597122e+01	  8.18503662e+03	
19	 20	 38	
 5.00000000e+03	  0.00000000e+00	  0.00000000e+00	  0.00000000e+00	  1.34330449e+04	 -2.08175308e+02	
 0.00000000e+00	  5.00000000e+03	  0.00000000e+00	 -1.34330449e+04	  0.00000000e+00	 -2.20106079e+03	
 0.00000000e+00	  0.00000000e+00	  5.00000000e+03	  2.08175308e+02	  2.20106079e+03	  0.00000000e+00	
 0.00000000e+00	 -1.34330449e+04	  2.08175308e+02	  3.83888984e+04	  1.16727264e+02	  5.74827686e+03	
 1.34330449e+04	  0.00000000e+00	  2.20106079e+03	  1.16727264e+02	  3.85506055e+04	 -5.80819092e+02	
-2.08175308e+02	 -2.20106079e+03	  0.00000000e+00	  5.74827686e+03	 -5.80819092e+02	  4.45852197e+03	
19	 21	 38	
 5.00000000e+03	  0.00000000e+00	  0.00000000e+00	  0.00000000e+00	  1.22927871e+04	 -8.65219482e+02	
 0.00000000e+00	  5.00000000e+03	  0.00000000e+00	 -1.22927871e+04	  0.00000000e+00	 -5.58102441e+03	
 0.00000000e+00	  0.00000000e+00	  5.00000000e+03	  8.65219482e+02	  5.58102441e+03	  0.00000000e+00	
 0.00000000e+00	 -1.22927871e+04	  8.65219482e+02	  3.28537422e+04	  8.47713623e+02	  1.37208936e+04	
 1.22927871e+04	  0.00000000e+00	  5.58102441e+03	  8.47713623e+02	  3.69226953e+04	 -2.00248340e+03	
-8.65219482e+02	 -5.58102441e+03	  0.00000000e+00	  1.37208936e+04	 -2.00248340e+03	  9.10972363e+03	
20	 21	 38	
 5.00000000e+03	  0.00000000e+00	  0.00000000e+00	  0.00000000e+00	  1.29382109e+04	 -1.25443860e+03	
 0.00000000e+00	  5.00000000e+03	  0.00000000e+00	 -1.29382109e+04	  0.00000000e+00	 -3.93798584e+03	
 0.00000000e+00	  0.00000000e+00	  5.00000000e+03	  1.25443860e+03	  3.93798584e+03	  0.00000000e+00	
 0.00000000e+00	 -1.29382109e+04	  1.25443860e+03	  3.73192930e+04	  8.18789734e+02	  1.02903262e+04	
 1.29382109e+04	  0.00000000e+00	  3.93798584e+03	  8.18789734e+02	  3.80531367e+04	 -2.79349316e+03	
-1.25443860e+03	 -3.93798584e+03	  0.00000000e+00	  1.02903262e+04	 -2.79349316e+03	  7.72491064e+03	
21	 22	 38	
 5.00000000e+03	  0.00000000e+00	  0.00000000e+00	  0.00000000e+00	  1.34597695e+04	 -9.74981689e+02	
 0.00000000e+00	  5.00000000e+03	  0.00000000e+00	 -1.34597695e+04	  0.00000000e+00	 -2.64946802e+03	
 0.00000000e+00	  0.00000000e+00	  5.00000000e+03	  9.74981689e+02	  2.64946802e+03	  0.00000000e+00	
 0.00000000e+00	 -1.34597695e+04	  9.74981689e+02	  4.13361250e+04	  1.72097852e+03	  6.24479443e+03	
 1.34597695e+04	  0.00000000e+00	  2.64946802e+03	  1.72097852e+03	  4.12657070e+04	 -1.29907019e+03	
-9.74981689e+02	 -2.64946802e+03	  0.00000000e+00	  6.24479443e+03	 -1.29907019e+03	  5.87694775e+03	
22	 23	 38	
 5.00000000e+03	  0.00000000e+00	  0.00000000e+00	  0.00000000e+00	  1.28983945e+04	 -2.68264258e+03	
 0.00000000e+00	  5.00000000e+03	  0.00000000e+00	 -1.28983945e+04	  0.00000000e+00	 -3.77016449e+01	
 0.00000000e+00	  0.00000000e+00	  5.00000000e+03	  2.68264258e+03	  3.77016449e+01	  0.00000000e+00	
 0.00000000e+00	 -1.28983945e+04	  2.68264258e+03	  3.76668789e+04	  8.08523315e+02	 -1.26360583e+03	
 1.28983945e+04	  0.00000000e+00	  3.77016449e+01	  8.08523315e+02	  3.78436562e+04	 -6.32131201e+03	
-2.68264258e+03	 -3.77016449e+01	  0.00000000e+00	 -1.26360583e+03	 -6.32131201e+03	  4.92641602e+03	
22	 24	 38	
 5.00000000e+03	  0.00000000e+00	  0.00000000e+00	  0.00000000e+00	  1.24235830e+04	 -3.33045386e+03	
 0.00000000e+00	  5.00000000e+03	  0.00000000e+00	 -1.24235830e+04	  0.00000000e+00	 -1.77984412e+03	
 0.00000000e+00	  0.00000000e+00	  5.00000000e+03	  3.33045386e+03	  1.77984412e+03	  0.00000000e+00	
 0.00000000e+00	 -1.24235830e+04	  3.33045386e+03	  3.48061133e+04	  1.12797949e+03	  3.97266187e+03	
 1.24235830e+04	  0.00000000e+00	  1.77984412e+03	  1.12797949e+03	  3.38867812e+04	 -8.49329590e+03	
-3.33045386e+03	 -1.77984412e+03	  0.00000000e+00	  3.97266187e+03	 -8.49329590e+03	  4.01886987e+03	
23	 24	 38	
 5.00000000e+03	  0.00000000e+00	  0.00000000e+00	  0.00000000e+00	  1.29785361e+04	 -1.74689697e+03	
 0.00000000e+00	  5.00000000e+03	  0.00000000e+00	 -1.29785361e+04	  0.00000000e+00	 -1.68089441e+03	
 0.00000000e+00	  0.00000000e+00	  5.00000000e+03	  1.74689697e+03	  1.68089441e+03	  0.00000000e+00	
 0.00000000e+00	 -1.29785361e+04	  1.74689697e+03	  3.57345938e+04	  6.38549805e+02	  4.28625391e+03	
 1.29785361e+04	  0.00000000e+00	  1.68089441e+03	  6.38549805e+02	  3.73825664e+04	 -4.61607520e+03	
-1.74689697e+03	 -1.68089441e+03	  0.00000000e+00	  4.28625391e+03	 -4.61607520e+03	  3.25191406e+03	
23	 25	 38	
 5.00000000e+03	  0.00000000e+00	  0.00000000e+00	  0.00000000e+00	  1.31526289e+04	 -1.69422583e+03	
 0.00000000e+00	  5.00000000e+03	  0.00000000e+00	 -1.31526289e+04	  0.00000000e+00	 -3.02343652e+03	
 0.00000000e+00	  0.00000000e+00	  5.00000000e+03	  1.69422583e+03	  3.02343652e+03	  0.00000000e+00	
 0.00000000e+00	 -1.31526289e+04	  1.69422583e+03	  3.65214883e+04	  1.19712659e+03	  8.05732764e+03	
 1.31526289e+04	  0.00000000e+00	  3.02343652e+03	  1.19712659e+03	  3.91731133e+04	 -4.61868750e+03	
-1.69422583e+03	 -3.02343652e+03	  0.00000000e+00	  8.05732764e+03	 -4.61868750e+03	  4.20859912e+03	
24	 25	 38	
 5.00000000e+03	  0.00000000e+00	  0.00000000e+00	  0.00000000e+00	  1.29366621e+04	 -1.25068066e+03	
 0.00000000e+00	  5.00000000e+03	  0.00000000e+00	 -1.29366621e+04	  0.00000000e+00	  4.64111725e+02	
 0.00000000e+00	  0.00000000e+00	  5.00000000e+03	  1.25068066e+03	 -4.64111725e+02	  0.00000000e+00	
 0.00000000e+00	 -1.29366621e+04	  1.25068066e+03	  3.62688711e+04	  5.30785461e+02	 -2.06388647e+03	
 1.29366621e+04	  0.00000000e+00	 -4.64111725e+02	  5.30785461e+02	  3.78552656e+04	 -2.79849683e+03	
-1.25068066e+03	  4.64111725e+02	  0.00000000e+00	 -2.06388647e+03	 -2.79849683e+03	  3.79055200e+03	
25	 26	 38	
 5.00000000e+03	  0.00000000e+00	  0.00000000e+00	  0.00000000e+00	  9.84828027e+03	 -1.95903333e+03	
 0.00000000e+00	  5.00000000e+03	  0.00000000e+00	 -9.84828027e+03	  0.00000000e+00	 -3.18656470e+03	
 0.00000000e+00	  0.00000000e+00	  5.00000000e+03	  1.95903333e+03	  3.18656470e+03	  0.00000000e+00	
 0.00000000e+00	 -9.84828027e+03	  1.95903333e+03	  2.16983477e+04	  1.51785095e+03	  6.49859961e+03	
 9.84828027e+03	  0.00000000e+00	  3.18656470e+03	  1.51785095e+03	  2.34831113e+04	 -4.14860010e+03	
-1.95903333e+03	 -3.18656470e+03	  0.00000000e+00	  6.49859961e+03	 -4.14860010e+03	  3.89728613e+03	
26	 27	 38	
 5.00000000e+03	  0.00000000e+00	  0.00000000e+00	  0.00000000e+00	  1.26320186e+04	 -1.78112585e+03	
 0.00000000e+00	  5.00000000e+03	  0.00000000e+00	 -1.26320186e+04	  0.00000000e+00	 -1.50109351e+03	
 0.00000000e+00	  0.00000000e+00	  5.00000000e+03	  1.78112585e+03	  1.50109351e+03	  0.00000000e+00	
 0.00000000e+00	 -1.26320186e+04	  1.78112585e+03	  3.47000977e+04	  2.86476532e+02	  4.12076221e+03	
 1.26320186e+04	  0.00000000e+00	  1.50109351e+03	  2.86476532e+02	  3.58024414e+04	 -4.37378076e+03	
-1.78112585e+03	 -1.50109351e+03	  0.00000000e+00	  4.12076221e+03	 -4.37378076e+03	  2.81053906e+03	
26	 28	 38	
 5.00000000e+03	  0.00000000e+00	  0.00000000e+00	  0.00000000e+00	  1.57939844e+04	 -1.50667981e+03	
 0.00000000e+00	  5.00000000e+03	  0.00000000e+00	 -1.57939844e+04	  0.00000000e+00	 -7.56005737e+02	
 0.00000000e+00	  0.00000000e+00	  5.00000000e+03	  1.50667981e+03	  7.56005737e+02	  0.00000000e+00	
 0.00000000e+00	 -1.57939844e+04	  1.50667981e+03	  5.06943164e+04	  1.53323761e+02	  2.53066748e+03	
 1.57939844e+04	  0.00000000e+00	  7.56005737e+02	  1.53323761e+02	  5.10889336e+04	 -4.70839453e+03	
-1.50667981e+03	 -7.56005737e+02	  0.00000000e+00	  2.53066748e+03	 -4.70839453e+03	  1.38017981e+03	
27	 28	 38	
 5.00000000e+03	  0.00000000e+00	  0.00000000e+00	  0.00000000e+00	  1.38765781e+04	 -1.92751135e+03	
 0.00000000e+00	  5.00000000e+03	  0.00000000e+00	 -1.38765781e+04	  0.00000000e+00	  1.35674023e+03	
 0.00000000e+00	  0.00000000e+00	  5.00000000e+03	  1.92751135e+03	 -1.35674023e+03	  0.00000000e+00	
 0.00000000e+00	 -1.38765781e+04	  1.92751135e+03	  4.01173711e+04	 -6.77369080e+02	 -3.12987500e+03	
 1.38765781e+04	  0.00000000e+00	 -1.35674023e+03	 -6.77369080e+02	  4.14279219e+04	 -5.15033057e+03	
-1.92751135e+03	  1.35674023e+03	  0.00000000e+00	 -3.12987500e+03	 -5.15033057e+03	  3.08078027e+03	
29	 30	 38	
 5.00000000e+03	  0.00000000e+00	  0.00000000e+00	  0.00000000e+00	  1.65000957e+04	 -2.83986304e+03	
 0.00000000e+00	  5.00000000e+03	  0.00000000e+00	 -1.65000957e+04	  0.00000000e+00	  5.60961182e+03	
 0.00000000e+00	  0.00000000e+00	  5.00000000e+03	  2.83986304e+03	 -5.60961182e+03	  0.00000000e+00	
 0.00000000e+00	 -1.65000957e+04	  2.83986304e+03	  5.91019414e+04	 -2.45214111e+03	 -1.84767031e+04	
 1.65000957e+04	  0.00000000e+00	 -5.60961182e+03	 -2.45214111e+03	  6.22867461e+04	 -9.40530957e+03	
-2.83986304e+03	  5.60961182e+03	  0.00000000e+00	 -1.84767031e+04	 -9.40530957e+03	  1.14120615e+04	
30	 31	 38	
 5.00000000e+03	  0.00000000e+00	  0.00000000e+00	  0.00000000e+00	  1.45333730e+04	  4.54958588e+02	
 0.00000000e+00	  5.00000000e+03	  0.00000000e+00	 -1.45333730e+04	  0.00000000e+00	  4.40765381e+03	
 0.00000000e+00	  0.00000000e+00	  5.00000000e+03	 -4.54958588e+02	 -4.40765381e+03	  0.00000000e+00	
 0.00000000e+00	 -1.45333730e+04	 -4.54958588e+02	  4.55192734e+04	  3.90536713e+02	 -1.27693359e+04	
 1.45333730e+04	  0.00000000e+00	 -4.40765381e+03	  3.90536713e+02	  4.82682227e+04	  1.64526855e+03	
 4.54958588e+02	  4.40765381e+03	  0.00000000e+00	 -1.27693359e+04	  1.64526855e+03	  5.68501221e+03	
31	 32	 38	
 5.00000000e+03	  0.00000000e+00	  0.00000000e+00	  0.00000000e+00	  9.90858398e+03	 -4.98133316e+01	
 0.00000000e+00	  5.00000000e+03	  0.00000000e+00	 -9.90858398e+03	  0.00000000e+00	  2.95084424e+03	
 0.00000000e+00	  0.00000000e+00	  5.00000000e+03	  4.98133316e+01	 -2.95084424e+03	  0.00000000e+00	
 0.00000000e+00	 -9.90858398e+03	  4.98133316e+01	  2.27031289e+04	  2.50640564e+02	 -5.82037012e+03	
 9.90858398e+03	  0.00000000e+00	 -2.95084424e+03	  2.50640564e+02	  2.34567422e+04	  2.15477570e+02	
-4.98133316e+01	  2.95084424e+03	  0.00000000e+00	 -5.82037012e+03	  2.15477570e+02	  3.06699585e+03	
31	 33	 38	
 5.00000000e+03	  0.00000000e+00	  0.00000000e+00	  0.00000000e+00	  9.87204102e+03	  3.54424408e+02	
 0.00000000e+00	  5.00000000e+03	  0.00000000e+00	 -9.87204102e+03	  0.00000000e+00	  3.02672876e+03	
 0.00000000e+00	  0.00000000e+00	  5.00000000e+03	 -3.54424408e+02	 -3.02672876e+03	  0.00000000e+00	
 0.00000000e+00	 -9.87204102e+03	 -3.54424408e+02	  2.26080078e+04	  4.23499878e+02	 -5.96637012e+03	
 9.87204102e+03	  0.00000000e+00	 -3.02672876e+03	  4.23499878e+02	  2.34297891e+04	  1.05288037e+03	
 3.54424408e+02	  3.02672876e+03	  0.00000000e+00	 -5.96637012e+03	  1.05288037e+03	  3.14391602e+03	
31	 34	 38	
 5.00000000e+03	  0.00000000e+00	  0.00000000e+00	  0.00000000e+00	  9.61673340e+03	 -1.86150848e+02	
 0.00000000e+00	  5.00000000e+03	  0.00000000e+00	 -9.61673340e+03	  0.00000000e+00	  2.89976343e+03	
 0.00000000e+00	  0.00000000e+00	  5.00000000e+03	  1.86150848e+02	 -2.89976343e+03	  0.00000000e+00	
 0.00000000e+00	 -9.61673340e+03	  1.86150848e+02	  2.11196699e+04	  6.79155960e+01	 -5.55653271e+03	
 9.61673340e+03	  0.00000000e+00	 -2.89976343e+03	  6.79155960e+01	  2.20099062e+04	  5.06469040e+01	
-1.86150848e+02	  2.89976343e+03	  0.00000000e+00	 -5.55653271e+03	  5.06469040e+01	  2.76978833e+03	
31	 35	 38	
 5.00000000e+03	  0.00000000e+00	  0.00000000e+00	  0.00000000e+00	  9.46367578e+03	  3.69308685e+02	
 0.00000000e+00	  5.00000000e+03	  0.00000000e+00	 -9.46367578e+03	  0.00000000e+00	  3.07666772e+03	
 0.00000000e+00	  0.00000000e+00	  5.00000000e+03	 -3.69308685e+02	 -3.07666772e+03	  0.00000000e+00	
 0.00000000e+00	 -9.46367578e+03	 -3.69308685e+02	  2.04204746e+04	  3.33781342e+02	 -5.87142529e+03	
 9.46367578e+03	  0.00000000e+00	 -3.07666772e+03	  3.33781342e+02	  2.16183555e+04	  1.35875757e+03	
 3.69308685e+02	  3.07666772e+03	  0.00000000e+00	 -5.87142529e+03	  1.35875757e+03	  2.80596729e+03	
31	 36	 38	
 5.00000000e+03	  0.00000000e+00	  0.00000000e+00	  0.00000000e+00	  9.97770508e+03	 -6.01567574e+01	
 0.00000000e+00	  5.00000000e+03	  0.00000000e+00	 -9.97770508e+03	  0.00000000e+00	  2.84183472e+03	
 0.00000000e+00	  0.00000000e+00	  5.00000000e+03	  6.01567574e+01	 -2.84183472e+03	  0.00000000e+00	
 0.00000000e+00	 -9.97770508e+03	  6.01567574e+01	  2.27927051e+04	  1.58080795e+02	 -5.62097705e+03	
 9.97770508e+03	  0.00000000e+00	 -2.84183472e+03	  1.58080795e+02	  2.33297832e+04	  3.78227142e+02	
-6.01567574e+01	  2.84183472e+03	  0.00000000e+00	 -5.62097705e+03	  3.78227142e+02	  2.96263672e+03	
31	 37	 38	
 5.00000000e+03	  0.00000000e+00	  0.00000000e+00	  0.00000000e+00	  9.91904492e+03	  4.20849991e+01	
 0.00000000e+00	  5.00000000e+03	  0.00000000e+00	 -9.91904492e+03	  0.00000000e+00	  2.98562769e+03	
 0.00000000e+00	  0.00000000e+00	  5.00000000e+03	 -4.20849991e+01	 -2.98562769e+03	  0.00000000e+00	
 0.00000000e+00	 -9.91904492e+03	 -4.20849991e+01	  2.26477578e+04	  2.75672638e+02	 -5.89748145e+03	
 9.91904492e+03	  0.00000000e+00	 -2.98562769e+03	  2.75672638e+02	  2.34461621e+04	  2.69660675e+02	
 4.20849991e+01	  2.98562769e+03	  0.00000000e+00	 -5.89748145e+03	  2.69660675e+02	  3.05869775e+03	
32	 33	 38	
 5.00000000e+03	  0.00000000e+00	  0.00000000e+00	  0.00000000e+00	  1.02176670e+04	  2.30164204e+01	
 0.00000000e+00	  5.00000000e+03	  0.00000000e+00	 -1.02176670e+04	  0.00000000e+00	 -9.01748962e+02	
 0.00000000e+00	  0.00000000e+00	  5.00000000e+03	 -2.30164204e+01	  9.01748962e+02	  0.00000000e+00	
 0.00000000e+00	 -1.02176670e+04	 -2.30164204e+01	  2.36691484e+04	  4.26551552e+01	  2.84349585e+03	
 1.02176670e+04	  0.00000000e+00	  9.01748962e+02	  4.26551552e+01	  2.35686250e+04	  3.87033264e+02	
 2.30164204e+01	 -9.01748962e+02	  0.00000000e+00	  2.84349585e+03	  3.87033264e+02	  2.84852612e+03	
32	 34	 38	
 5.00000000e+03	  0.00000000e+00	  0.00000000e+00	  0.00000000e+00	  9.53613086e+03	 -2.78179321e+02	
 0.00000000e+00	  5.00000000e+03	  0.00000000e+00	 -9.53613086e+03	  0.00000000e+00	 -9.10835419e+01	
 0.00000000e+00	  0.00000000e+00	  5.00000000e+03	  2.78179321e+02	  9.10835419e+01	  0.00000000e+00	
 0.00000000e+00	 -9.53613086e+03	  2.78179321e+02	  2.06669395e+04	 -1.64735031e+02	  9.53756592e+02	
 9.53613086e+03	  0.00000000e+00	  9.10835419e+01	 -1.64735031e+02	  2.01386719e+04	 -4.88445930e+01	
-2.78179321e+02	 -9.10835419e+01	  0.00000000e+00	  9.53756592e+02	 -4.88445930e+01	  2.03444592e+03	
32	 35	 38	
 5.00000000e+03	  0.00000000e+00	  0.00000000e+00	  0.00000000e+00	  9.65665625e+03	  6.35225342e+02	
