0	 1	 38	
 9.99003356e-01	  1.06245369e-02	 -4.33433172e-02	 -8.65495280e-02	
-8.39019668e-03	  9.98642394e-01	  5.14181905e-02	  3.20687406e-02	
 4.38306831e-02	 -5.10020577e-02	  9.97738057e-01	  4.71076796e-01	
 0.00000000e+00	  0.00000000e+00	  0.00000000e+00	  1.00000000e+00	
0	 6	 38	
 5.19691840e-01	  1.25593738e-01	 -8.45070222e-01	  1.14959046e+00	
 4.82074013e-02	  9.83249840e-01	  1.75775830e-01	  2.92246424e-02	
 8.52992382e-01	 -1.32087058e-01	  5.04933954e-01	  3.19893719e+00	
 0.00000000e+00	  0.00000000e+00	  0.00000000e+00	  1.00000000e+00	
0	 8	 38	
 5.66319392e-02	 -2.00317182e-03	 -9.98390802e-01	  1.87386445e+00	
 6.01511465e-02	  9.98188427e-01	  1.40972962e-03	 -3.89707781e-02	
 9.96582725e-01	 -6.01330823e-02	  5.66511009e-02	  3.21836783e+00	
 0.00000000e+00	  0.00000000e+00	  0.00000000e+00	  1.00000000e+00	
0	 9	 38	
-3.02508933e-01	  6.44745070e-02	 -9.50962857e-01	  2.22460976e+00	
 8.76018837e-02	  9.95368496e-01	  3.96190274e-02	 -2.70993608e-02	
 9.49114747e-01	 -7.13205615e-02	 -3.06754999e-01	  3.31049651e+00	
 0.00000000e+00	  0.00000000e+00	  0.00000000e+00	  1.00000000e+00	
0	 10	 38	
-4.52416434e-01	  7.54573889e-02	 -8.88607068e-01	  2.20857748e+00	
 8.76876167e-02	  9.95350280e-01	  3.98764586e-02	 -9.87606598e-03	
 8.87486342e-01	 -5.98768393e-02	 -4.56930215e-01	  3.52140002e+00	
 0.00000000e+00	  0.00000000e+00	  0.00000000e+00	  1.00000000e+00	
0	 11	 38	
-5.96122016e-01	  1.59558973e-01	 -7.86879560e-01	  1.37507848e+00	
 1.16952871e-01	  9.86857033e-01	  1.11508988e-01	 -1.26804152e-04	
 7.94331718e-01	 -2.55543747e-02	 -6.06949188e-01	  3.30813650e+00	
 0.00000000e+00	  0.00000000e+00	  0.00000000e+00	  1.00000000e+00	
0	 27	 38	
 9.21721216e-01	  8.35910203e-02	 -3.78733098e-01	  1.38541979e+00	
 1.60412959e-02	  9.67445639e-01	  2.52567354e-01	 -3.53729888e-02	
 3.87517234e-01	 -2.38870774e-01	  8.90378818e-01	  6.15336849e-01	
 0.00000000e+00	  0.00000000e+00	  0.00000000e+00	  1.00000000e+00	
0	 28	 38	
 9.47377094e-01	  6.26451377e-02	 -3.13927961e-01	  1.40321679e+00	
 8.36902163e-03	  9.75481917e-01	  2.19913143e-01	 -3.96716621e-02	
 3.20007362e-01	 -2.10966117e-01	  9.23629107e-01	  1.06015931e+00	
 0.00000000e+00	  0.00000000e+00	  0.00000000e+00	  1.00000000e+00	
1	 2	 38	
 9.98955551e-01	 -3.18743153e-02	 -3.27285818e-02	  2.84759915e-02	
 3.30897753e-02	  9.98757623e-01	  3.72776225e-02	  3.80402132e-03	
 3.14992241e-02	 -3.83226049e-02	  9.98768408e-01	  8.71095982e-01	
 0.00000000e+00	  0.00000000e+00	  0.00000000e+00	  1.00000000e+00	
1	 6	 38	
 5.56157082e-01	  1.11429837e-01	 -8.23571778e-01	  1.35449681e+00	
 1.01582525e-02	  9.89985485e-01	  1.40805032e-01	 -1.28835969e-01	
 8.31013434e-01	 -8.66758627e-02	  5.49455852e-01	  2.66795574e+00	
 0.00000000e+00	  0.00000000e+00	  0.00000000e+00	  1.00000000e+00	
1	 8	 38	
 9.97517864e-02	 -1.30115435e-02	 -9.94925304e-01	  2.07947333e+00	
 9.84224525e-03	  9.99878193e-01	 -1.20893683e-02	 -1.90234444e-01	
 9.94963061e-01	 -8.58635408e-03	  9.98686712e-02	  2.65244363e+00	
 0.00000000e+00	  0.00000000e+00	  0.00000000e+00	  1.00000000e+00	
1	 9	 38	
-2.61342291e-01	  5.29332361e-02	 -9.63793503e-01	  2.43380781e+00	
 3.58608786e-02	  9.98339009e-01	  4.51068145e-02	 -1.79351377e-01	
 9.64580362e-01	 -2.27748331e-02	 -2.62805182e-01	  2.72977155e+00	
 0.00000000e+00	  0.00000000e+00	  0.00000000e+00	  1.00000000e+00	
1	 10	 38	
-4.13802438e-01	  6.44069195e-02	 -9.08084255e-01	  2.42689104e+00	
 3.74969893e-02	  9.97853843e-01	  5.36858352e-02	 -1.73078573e-01	
 9.09593457e-01	 -1.18340072e-02	 -4.15329625e-01	  2.94177771e+00	
 0.00000000e+00	  0.00000000e+00	  0.00000000e+00	  1.00000000e+00	
1	 27	 38	
 9.37653863e-01	  6.49211405e-02	 -3.41449024e-01	  1.47739227e+00	
 6.04807915e-03	  9.79202788e-01	  2.02788107e-01	 -5.90683233e-02	
 3.47513745e-01	 -1.92209722e-01	  9.17763301e-01	  7.66657481e-02	
 0.00000000e+00	  0.00000000e+00	  0.00000000e+00	  1.00000000e+00	
1	 28	 38	
 9.60389556e-01	  4.51517741e-02	 -2.74977077e-01	  1.51470449e+00	
 2.10203683e-03	  9.85582376e-01	  1.69170930e-01	 -8.58594318e-02	
 2.78650331e-01	 -1.63047224e-01	  9.46450423e-01	  5.19488026e-01	
 0.00000000e+00	  0.00000000e+00	  0.00000000e+00	  1.00000000e+00	
2	 3	 38	
 9.99393923e-01	 -1.65773587e-02	 -3.06073746e-02	  2.52724426e-01	
 1.74685871e-02	  9.99425432e-01	  2.90763735e-02	 -5.47868177e-02	
 3.01087664e-02	 -2.95926395e-02	  9.99109081e-01	  7.37178811e-01	
 0.00000000e+00	  0.00000000e+00	  0.00000000e+00	  1.00000000e+00	
2	 5	 38	
 8.33547396e-01	  8.04975097e-02	 -5.46552917e-01	  9.73582778e-01	
-3.84454473e-03	  9.90147849e-01	  1.39968772e-01	 -2.08605410e-01	
 5.52436131e-01	 -1.14567335e-01	  8.25643603e-01	  1.75239019e+00	
 0.00000000e+00	  0.00000000e+00	  0.00000000e+00	  1.00000000e+00	
2	 8	 38	
 1.31314403e-01	  1.98168458e-02	 -9.91141019e-01	  2.09854792e+00	
-3.14782138e-02	  9.99378386e-01	  1.58115871e-02	 -3.27436500e-01	
 9.90840743e-01	  2.91240826e-02	  1.31857180e-01	  1.70479641e+00	
 0.00000000e+00	  0.00000000e+00	  0.00000000e+00	  1.00000000e+00	
3	 4	 38	
 9.78631631e-01	  1.14112287e-02	 -2.05299057e-01	  4.66290027e-01	
 2.09284658e-03	  9.97853790e-01	  6.54383471e-02	 -9.81884766e-02	
 2.05605485e-01	 -6.44694481e-02	  9.76508326e-01	  5.19748771e-01	
 0.00000000e+00	  0.00000000e+00	  0.00000000e+00	  1.00000000e+00	
3	 5	 38	
 8.49607756e-01	  9.42955869e-02	 -5.18918458e-01	  7.48300316e-01	
-3.40089505e-02	  9.91633188e-01	  1.24515030e-01	 -1.95723539e-01	
 5.26317982e-01	 -8.81399404e-02	  8.45705781e-01	  9.87769024e-01	
 0.00000000e+00	  0.00000000e+00	  0.00000000e+00	  1.00000000e+00	
3	 6	 38	
 6.05500476e-01	  1.56918334e-01	 -7.80220708e-01	  1.15052706e+00	
-7.30892731e-02	  9.87188807e-01	  1.41822146e-01	 -2.37203398e-01	
 7.92479617e-01	 -2.88476408e-02	  6.09213771e-01	  9.68328905e-01	
 0.00000000e+00	  0.00000000e+00	  0.00000000e+00	  1.00000000e+00	
4	 5	 38	
 9.39597655e-01	  7.62336283e-02	 -3.33688675e-01	  3.72008341e-01	
-5.81729194e-02	  9.96264554e-01	  6.38041304e-02	 -1.24281083e-01	
 3.37305034e-01	 -4.05376641e-02	  9.40521852e-01	  3.92747255e-01	
 0.00000000e+00	  0.00000000e+00	  0.00000000e+00	  1.00000000e+00	
4	 6	 38	
 7.55348604e-01	  1.49699898e-01	 -6.37995771e-01	  7.61557223e-01	
-1.17114287e-01	  9.88721718e-01	  9.33390545e-02	 -1.59828928e-01	
 6.44772288e-01	  4.21459026e-03	  7.64362882e-01	  2.88472408e-01	
 0.00000000e+00	  0.00000000e+00	  0.00000000e+00	  1.00000000e+00	
4	 7	 38	
 5.09008691e-01	  9.91151716e-02	 -8.55036671e-01	  1.17001272e+00	
-1.12008308e-01	  9.92527997e-01	  4.83752047e-02	 -2.48322308e-01	
 8.53441563e-01	  7.11484433e-02	  5.16309813e-01	  2.32881529e-01	
 0.00000000e+00	  0.00000000e+00	  0.00000000e+00	  1.00000000e+00	
5	 6	 38	
 9.34019913e-01	  8.45625043e-02	 -3.47062920e-01	  3.32913402e-01	
-8.52316896e-02	  9.96271784e-01	  1.33672406e-02	 -1.49098318e-03	
 3.46900580e-01	  1.70945128e-02	  9.37746238e-01	 -2.30328146e-01	
 0.00000000e+00	  0.00000000e+00	  0.00000000e+00	  1.00000000e+00	
5	 7	 38	
 7.72648639e-01	  5.93891411e-02	 -6.32047532e-01	  7.03092728e-01	
-1.07383480e-01	  9.93494160e-01	 -3.79189929e-02	 -5.62620752e-02	
 6.25684785e-01	  9.71695866e-02	  7.74001665e-01	 -4.24554916e-01	
 0.00000000e+00	  0.00000000e+00	  0.00000000e+00	  1.00000000e+00	
5	 8	 38	
 6.56953372e-01	  2.87646725e-02	 -7.53379444e-01	  9.11874188e-01	
-1.34117635e-01	  9.87792289e-01	 -7.92359220e-02	 -2.16501907e-02	
 7.41906631e-01	  1.53095315e-01	  6.52791779e-01	 -6.70781478e-01	
 0.00000000e+00	  0.00000000e+00	  0.00000000e+00	  1.00000000e+00	
6	 7	 38	
 9.47873761e-01	  4.50227214e-03	 -3.18613891e-01	  2.83046897e-01	
-3.09492565e-02	  9.96472924e-01	 -7.79934225e-02	 -2.65838297e-02	
 3.17138985e-01	  8.37897541e-02	  9.44671631e-01	 -3.11343787e-01	
 0.00000000e+00	  0.00000000e+00	  0.00000000e+00	  1.00000000e+00	
6	 8	 38	
 8.82407664e-01	 -4.21507815e-03	 -4.70466854e-01	  3.89687580e-01	
-6.53803812e-02	  9.89158699e-01	 -1.31488614e-01	  2.13447925e-02	
 4.65921940e-01	  1.46786345e-01	  8.72565204e-01	 -6.14239797e-01	
 0.00000000e+00	  0.00000000e+00	  0.00000000e+00	  1.00000000e+00	
7	 8	 38	
 9.86196856e-01	  1.19420836e-02	 -1.65149584e-01	  3.53850231e-03	
-2.21381130e-02	  9.97950724e-01	 -6.00319202e-02	  2.28604506e-02	
 1.64094498e-01	  6.28588778e-02	  9.84437983e-01	 -3.23851875e-01	
 0.00000000e+00	  0.00000000e+00	  0.00000000e+00	  1.00000000e+00	
9	 10	 38	
 9.86863541e-01	  7.53735246e-03	 -1.61373422e-01	  2.06529388e-01	
-5.18458317e-03	  9.99873815e-01	  1.49872600e-02	  1.06798879e-03	
 1.61464901e-01	 -1.39554704e-02	  9.86779094e-01	 -4.87672508e-02	
 0.00000000e+00	  0.00000000e+00	  0.00000000e+00	  1.00000000e+00	
9	 11	 38	
 9.44485242e-01	  1.39277579e-02	 -3.28256286e-01	  2.57112772e-01	
 2.13234950e-02	  9.94394478e-01	  1.03546249e-01	 -2.77577633e-02	
 3.27858877e-01	 -1.04798153e-01	  9.38896935e-01	  8.09666435e-01	
 0.00000000e+00	  0.00000000e+00	  0.00000000e+00	  1.00000000e+00	
10	 11	 38	
 9.84907873e-01	 -8.33315151e-03	 -1.72881602e-01	  1.88676673e-01	
 2.38635723e-02	  9.95837104e-01	  8.79583981e-02	 -4.04193185e-02	
 1.71430317e-01	 -9.07551313e-02	  9.81008569e-01	  8.38490560e-01	
 0.00000000e+00	  0.00000000e+00	  0.00000000e+00	  1.00000000e+00	
14	 15	 38	
 9.95371187e-01	  3.17965435e-02	 -9.06857241e-02	  1.44215903e-01	
-2.90610422e-02	  9.99087200e-01	  3.13231837e-02	 -3.23912781e-02	
 9.15998030e-02	 -2.85431256e-02	  9.95385738e-01	  1.25438885e-01	
 0.00000000e+00	  0.00000000e+00	  0.00000000e+00	  1.00000000e+00	
14	 16	 38	
 9.91646078e-01	 -8.39603077e-04	 -1.28982434e-01	  1.28886121e-01	
 9.14251980e-03	  9.97921570e-01	  6.37960022e-02	 -2.71497082e-02	
 1.28661386e-01	 -6.44431158e-02	  9.89592279e-01	  1.78442703e-01	
 0.00000000e+00	  0.00000000e+00	  0.00000000e+00	  1.00000000e+00	
14	 17	 38	
 9.28206201e-01	  9.68359261e-02	 -3.59243487e-01	  2.38946042e-01	
-8.55355964e-02	  9.95214973e-01	  4.72553935e-02	 -8.20516340e-02	
 3.62100137e-01	 -1.31347048e-02	  9.32045271e-01	  6.92581250e-01	
 0.00000000e+00	  0.00000000e+00	  0.00000000e+00	  1.00000000e+00	
15	 16	 38	
 9.98576686e-01	 -3.57396482e-02	 -3.95938683e-02	 -1.05560710e-02	
 3.69923680e-02	  9.98822417e-01	  3.13908192e-02	  3.23647429e-03	
 3.84251400e-02	 -3.28112571e-02	  9.98723433e-01	  5.43137487e-02	
 0.00000000e+00	  0.00000000e+00	  0.00000000e+00	  1.00000000e+00	
15	 17	 38	
 9.59564624e-01	  6.62623341e-02	 -2.73579918e-01	  1.47684650e-01	
-6.62793797e-02	  9.97759516e-01	  9.18645512e-03	 -6.27907571e-02	
 2.73574731e-01	  9.31784865e-03	  9.61805369e-01	  5.54380291e-01	
 0.00000000e+00	  0.00000000e+00	  0.00000000e+00	  1.00000000e+00	
16	 17	 38	
 9.66258831e-01	  1.03436269e-01	 -2.35892927e-01	  1.74788097e-01	
-1.09471321e-01	  9.93910622e-01	 -1.26044975e-02	 -8.80123973e-02	
 2.33151843e-01	  3.80032662e-02	  9.71696454e-01	  4.91089397e-01	
 0.00000000e+00	  0.00000000e+00	  0.00000000e+00	  1.00000000e+00	
17	 18	 38	
 9.73409364e-01	  2.05848497e-02	 -2.28147739e-01	  2.34194846e-01	
-5.42305116e-03	  9.97744223e-01	  6.68864738e-02	 -5.78352696e-02	
 2.29010623e-01	 -6.38704706e-02	  9.71327181e-01	  5.53951114e-01	
 0.00000000e+00	  0.00000000e+00	  0.00000000e+00	  1.00000000e+00	
18	 19	 38	
 9.12595815e-01	  3.07556094e-02	 -4.07705020e-01	  1.95510213e-01	
-2.84526712e-02	  9.99527221e-01	  1.17125104e-02	 -4.21668338e-02	
 4.07871470e-01	  9.10719103e-04	  9.13038145e-01	  4.53370714e-01	
 0.00000000e+00	  0.00000000e+00	  0.00000000e+00	  1.00000000e+00	
19	 20	 38	
 9.32376916e-01	  5.17939453e-02	 -3.57758385e-01	  2.33721551e-01	
-5.36579100e-02	  9.98548024e-01	  4.72426892e-03	 -7.15957792e-02	
 3.57482963e-01	  1.47929196e-02	  9.33802994e-01	  1.14241434e-01	
 0.00000000e+00	  0.00000000e+00	  0.00000000e+00	  1.00000000e+00	
19	 21	 38	
 7.22288673e-01	  1.27891467e-01	 -6.79662841e-01	  4.64172358e-01	
-8.68888071e-02	  9.91746121e-01	  9.42775864e-02	 -7.94812371e-02	
 6.86110681e-01	 -9.03912698e-03	  7.27440830e-01	 -1.16174227e-01	
 0.00000000e+00	  0.00000000e+00	  0.00000000e+00	  1.00000000e+00	
20	 21	 38	
 9.23380655e-01	  6.27969757e-02	 -3.78712520e-01	  1.32920316e-01	
-3.92031420e-02	  9.96796904e-01	  6.96979054e-02	  6.53874404e-04	
 3.81876862e-01	 -4.95109918e-02	  9.22885312e-01	 -2.97645311e-01	
 0.00000000e+00	  0.00000000e+00	  0.00000000e+00	  1.00000000e+00	
21	 22	 38	
 9.38942773e-01	  4.27385579e-02	 -3.41408725e-01	  4.33254000e-02	
-3.68574353e-02	  9.99039459e-01	  2.37002713e-02	  6.11094238e-02	
 3.42093791e-01	 -9.67076515e-03	  9.39616568e-01	 -9.73389301e-02	
 0.00000000e+00	  0.00000000e+00	  0.00000000e+00	  1.00000000e+00	
22	 23	 38	
 9.93426702e-01	  4.88565216e-02	 -1.03532127e-01	 -2.57078414e-02	
-3.70936829e-02	  9.92943337e-01	  1.12633177e-01	  4.71041585e-02	
 1.08303598e-01	 -1.08051202e-01	  9.88228749e-01	  9.38371347e-03	
 0.00000000e+00	  0.00000000e+00	  0.00000000e+00	  1.00000000e+00	
22	 24	 38	
 9.23998290e-01	  9.94896350e-02	 -3.69230000e-01	  2.48114378e-01	
-4.44410593e-02	  9.86957274e-01	  1.54721711e-01	 -4.58719940e-02	
 3.79805715e-01	 -1.26553387e-01	  9.16368350e-01	  5.27205705e-01	
 0.00000000e+00	  0.00000000e+00	  0.00000000e+00	  1.00000000e+00	
23	 24	 38	
 9.60705519e-01	  4.85183526e-02	 -2.73294786e-01	  3.31552923e-01	
-4.00239363e-02	  9.98529084e-01	  3.65754500e-02	 -1.34894308e-01	
 2.74666384e-01	 -2.42007031e-02	  9.61234108e-01	  4.72904806e-01	
 0.00000000e+00	  0.00000000e+00	  0.00000000e+00	  1.00000000e+00	
23	 25	 38	
 8.88012583e-01	  1.05074522e-01	 -4.47651229e-01	  6.24594544e-01	
-9.10905250e-02	  9.94446155e-01	  5.27239913e-02	 -2.53165729e-01	
 4.50704165e-01	 -6.04315886e-03	  8.92652992e-01	  8.90877361e-01	
 0.00000000e+00	  0.00000000e+00	  0.00000000e+00	  1.00000000e+00	
24	 25	 38	
 9.80559184e-01	  5.94845890e-02	 -1.86988723e-01	  4.01064230e-01	
-5.87785264e-02	  9.98227685e-01	  9.32493659e-03	 -1.13994425e-01	
 1.87212498e-01	  1.84787040e-03	  9.82318637e-01	  3.17357599e-01	
 0.00000000e+00	  0.00000000e+00	  0.00000000e+00	  1.00000000e+00	
25	 26	 38	
 9.26526361e-01	  9.59029378e-02	 -3.63801585e-01	  3.82564510e-01	
-1.00725212e-01	  9.94896599e-01	  5.73927050e-03	 -8.95062085e-02	
 3.62495695e-01	  3.13263108e-02	  9.31458468e-01	  4.16180215e-01	
 0.00000000e+00	  0.00000000e+00	  0.00000000e+00	  1.00000000e+00	
26	 27	 38	
 9.40188965e-01	  6.12606587e-02	 -3.35096789e-01	  3.36133863e-01	
-5.92743673e-02	  9.98111348e-01	  1.61662462e-02	 -1.13255299e-01	
 3.35454290e-01	  4.66338854e-03	  9.42045699e-01	  3.71489571e-01	
 0.00000000e+00	  0.00000000e+00	  0.00000000e+00	  1.00000000e+00	
26	 28	 38	
 9.62422405e-01	  4.16935485e-02	 -2.68337431e-01	  3.76789354e-01	
-4.94503961e-02	  9.98529176e-01	 -2.22107890e-02	 -2.26885849e-01	
 2.67015822e-01	  3.46456111e-02	  9.63069394e-01	  8.00018560e-01	
 0.00000000e+00	  0.00000000e+00	  0.00000000e+00	  1.00000000e+00	
27	 28	 38	
 9.97363411e-01	 -8.36392266e-03	  7.20937475e-02	  1.88710987e-01	
 1.08483260e-02	  9.99358132e-01	 -3.41166527e-02	 -1.08926818e-01	
-7.17636121e-02	  3.48082154e-02	  9.96813994e-01	  3.88232807e-01	
 0.00000000e+00	  0.00000000e+00	  0.00000000e+00	  1.00000000e+00	
29	 30	 38	
 9.60338816e-01	 -3.07158702e-02	  2.77138949e-01	  8.34314747e-02	
-7.82384129e-03	  9.90554615e-01	  1.36896119e-01	  6.40023162e-02	
-2.78726655e-01	 -1.33634823e-01	  9.51026228e-01	  3.34171926e-01	
 0.00000000e+00	  0.00000000e+00	  0.00000000e+00	  1.00000000e+00	
30	 31	 38	
 9.55373874e-01	 -2.29555904e-02	  2.94502817e-01	 -5.01808814e-02	
 2.48046111e-02	  9.99688085e-01	 -2.54617692e-03	 -3.36743330e-02	
-2.94353163e-01	  9.73687198e-03	  9.55647425e-01	  6.67665738e-01	
 0.00000000e+00	  0.00000000e+00	  0.00000000e+00	  1.00000000e+00	
31	 32	 38	
 8.30854740e-01	 -5.03636697e-02	  5.54207322e-01	 -4.21702970e-01	
 5.52226936e-02	  9.98443481e-01	  7.94442123e-03	  2.99987403e-02	
-5.53743952e-01	  2.40051302e-02	  8.32342253e-01	  2.42789591e-01	
 0.00000000e+00	  0.00000000e+00	  0.00000000e+00	  1.00000000e+00	
31	 33	 38	
 6.45100001e-01	 -9.65017820e-02	  7.57979254e-01	 -9.95807171e-01	
 9.74210146e-02	  9.94284535e-01	  4.36738675e-02	  6.43198684e-02	
-7.57861219e-01	  4.56698755e-02	  6.50815871e-01	  1.67066614e-01	
 0.00000000e+00	  0.00000000e+00	  0.00000000e+00	  1.00000000e+00	
31	 34	 38	
 4.42642912e-01	 -1.88993795e-02	  8.96498510e-01	 -1.38347288e+00	
 1.28972761e-01	  9.90724464e-01	 -4.27932989e-02	  8.94788657e-02	
-8.87372853e-01	  1.34567507e-01	  4.40974090e-01	  3.30778086e-01	
 0.00000000e+00	  0.00000000e+00	  0.00000000e+00	  1.00000000e+00	
31	 35	 38	
 4.44666803e-01	  9.54933801e-02	  8.90590813e-01	 -1.40214511e+00	
 1.22474118e-01	  9.78479638e-01	 -1.66067137e-01	  1.14145690e-01	
-8.87284000e-01	  1.82920048e-01	  4.23401813e-01	  2.91301642e-01	
 0.00000000e+00	  0.00000000e+00	  0.00000000e+00	  1.00000000e+00	
31	 36	 38	
 5.57993286e-01	  1.22006584e-01	  8.20827552e-01	 -1.39544754e+00	
 1.10309037e-01	  9.69449924e-01	 -2.19084111e-01	  7.84438107e-02	
-8.22480153e-01	  2.12793457e-01	  5.27488407e-01	  2.42764330e-01	
 0.00000000e+00	  0.00000000e+00	  0.00000000e+00	  1.00000000e+00	
31	 37	 38	
 4.93298449e-01	 -1.50532381e-02	  8.69729202e-01	 -1.41516203e+00	
 5.12633548e-02	  9.98615056e-01	 -1.17913616e-02	  1.05734049e-01	
-8.68347121e-01	  5.04031429e-02	  4.93388796e-01	  2.81144790e-01	
 0.00000000e+00	  0.00000000e+00	  0.00000000e+00	  1.00000000e+00	
32	 33	 38	
 9.61023902e-01	 -5.05603839e-02	  2.71796696e-01	 -4.33170045e-01	
 4.65881052e-02	  9.98691242e-01	  2.10537761e-02	  6.13636999e-02	
-2.72506170e-01	 -7.57061724e-03	  9.62123749e-01	 -3.80926610e-01	
 0.00000000e+00	  0.00000000e+00	  0.00000000e+00	  1.00000000e+00	
32	 34	 38	
 8.66270303e-01	 -3.55072101e-02	  4.98309319e-01	 -8.44528164e-01	
 8.51782535e-02	  9.93362321e-01	 -7.72919560e-02	  1.09937315e-01	
-4.92256192e-01	  1.09401886e-01	  8.63545329e-01	 -4.59309769e-01	
 0.00000000e+00	  0.00000000e+00	  0.00000000e+00	  1.00000000e+00	
32	 35	 38	
 8.67543780e-01	  3.20853204e-02	  4.96323808e-01	 -8.36820059e-01	
 7.85899422e-02	  9.76536052e-01	 -2.00497935e-01	  1.34558491e-01	
-4.91112207e-01	  2.12947527e-01	  8.44665877e-01	 -5.02319914e-01	
 0.00000000e+00	  0.00000000e+00	  0.00000000e+00	  1.00000000e+00	
32	 36	 38	
 9.25144998e-01	  3.70730610e-02	  3.77795749e-01	 -8.06349735e-01	
 6.22918948e-02	  9.66902206e-01	 -2.47420271e-01	  9.74098518e-02	
-3.74463785e-01	  2.52434412e-01	  8.92216959e-01	 -5.39291241e-01	
 0.00000000e+00	  0.00000000e+00	  0.00000000e+00	  1.00000000e+00	
32	 37	 38	
 8.93530880e-01	  1.47295512e-02	  4.48755699e-01	 -8.42475442e-01	
 5.49548595e-03	  9.99026622e-01	 -4.37319832e-02	  1.26571728e-01	
-4.48964015e-01	  4.15427411e-02	  8.92582756e-01	 -5.18054743e-01	
 0.00000000e+00	  0.00000000e+00	  0.00000000e+00	  1.00000000e+00	
33	 34	 38	
 9.70620337e-01	 -1.76575038e-02	  2.39966273e-01	 -3.71703409e-01	
 4.49942223e-02	  9.93031373e-01	 -1.08923617e-01	  6.99022269e-02	
-2.36368271e-01	  1.16521360e-01	  9.64650339e-01	 -1.86197908e-01	
 0.00000000e+00	  0.00000000e+00	  0.00000000e+00	  1.00000000e+00	
33	 35	 38	
 9.71225505e-01	  1.83000003e-02	  2.37463015e-01	 -3.51428127e-01	
 3.83414706e-02	  9.72025633e-01	 -2.31725289e-01	  9.44271198e-02	
-2.35060195e-01	  2.34162419e-01	  9.43352361e-01	 -2.24965620e-01	
 0.00000000e+00	  0.00000000e+00	  0.00000000e+00	  1.00000000e+00	
33	 36	 38	
 9.94035106e-01	  1.18841078e-02	  1.08410371e-01	 -3.13801078e-01	
 1.82692341e-02	  9.61853246e-01	 -2.72953416e-01	  5.60663111e-02	
-1.07517122e-01	  2.73306555e-01	  9.55898894e-01	 -2.53036997e-01	
 0.00000000e+00	  0.00000000e+00	  0.00000000e+00	  1.00000000e+00	
33	 37	 38	
 9.81308848e-01	  4.93773134e-02	  1.85994511e-01	 -3.52947349e-01	
-3.62905016e-02	  9.96661996e-01	 -7.31218503e-02	  8.68558583e-02	
-1.88984048e-01	  6.50058895e-02	  9.79825965e-01	 -2.41809758e-01	
 0.00000000e+00	  0.00000000e+00	  0.00000000e+00	  1.00000000e+00	
34	 35	 38	
 9.99978860e-01	  6.14903608e-03	 -2.92090030e-03	  2.99466750e-02	
-6.46465722e-03	  9.92213345e-01	 -1.24383336e-01	  1.94787256e-02	
 2.13170508e-03	  1.24399280e-01	  9.92230272e-01	 -3.52033841e-02	
 0.00000000e+00	  0.00000000e+00	  0.00000000e+00	  1.00000000e+00	
34	 36	 38	
 9.91067713e-01	 -9.78861007e-03	 -1.33002840e-01	  7.13775278e-02	
-1.19383622e-02	  9.86786242e-01	 -1.61583454e-01	 -2.25500536e-02	
 1.32826278e-01	  1.61728201e-01	  9.77856047e-01	 -4.90749261e-02	
 0.00000000e+00	  0.00000000e+00	  0.00000000e+00	  1.00000000e+00	
34	 37	 38	
 9.95516867e-01	  7.74055541e-02	 -5.43623418e-02	  3.21128875e-02	
-7.53857489e-02	  9.96419024e-01	  3.82735570e-02	  1.00243616e-02	
 5.71280600e-02	 -3.40040237e-02	  9.97788221e-01	 -5.09919846e-02	
 0.00000000e+00	  0.00000000e+00	  0.00000000e+00	  1.00000000e+00	
35	 36	 38	
 9.91403275e-01	 -1.58225262e-02	 -1.29868842e-01	  4.16719158e-02	
 1.07724319e-02	  9.99160844e-01	 -3.94984934e-02	 -4.31723427e-02	
 1.30385879e-01	  3.77604280e-02	  9.90744287e-01	 -8.65702858e-03	
 0.00000000e+00	  0.00000000e+00	  0.00000000e+00	  1.00000000e+00	
35	 37	 38	
 9.96100991e-01	  7.08896105e-02	 -5.24798003e-02	  2.19359460e-03	
-6.15703363e-02	  9.84905848e-01	  1.61765366e-01	 -1.13315130e-02	
 6.31546666e-02	 -1.57903586e-01	  9.85433144e-01	 -1.44962766e-02	
 0.00000000e+00	  0.00000000e+00	  0.00000000e+00	  1.00000000e+00	
36	 37	 38	
 9.95112107e-01	  6.03017406e-02	  7.81995538e-02	 -3.95574167e-02	
-7.48951463e-02	  9.76996642e-01	  1.99670193e-01	  3.22183231e-02	
-6.43615392e-02	 -2.04551160e-01	  9.76737800e-01	 -1.91582951e-03	
 0.00000000e+00	  0.00000000e+00	  0.00000000e+00	  1.00000000e+00	
