0	 1	 53	
0.9971903040	0.0312311089	-0.0680890288	-0.2874178600
-0.0247162342	0.9952172480	0.0945078701	-0.6317577400
0.0707149614	-0.0925594273	0.9931929050	0.4220507970
0.0000000000	0.0000000000	0.0000000000	1.0000000000
0	 3	 53	
0.8166222690	0.3590409350	-0.4519045000	-0.1364670820
-0.1701936190	0.8979439000	0.4058705270	-0.1487249540
0.5515090230	-0.2545316490	0.7943874610	0.7613067570
0.0000000000	0.0000000000	0.0000000000	1.0000000000
0	 8	 53	
0.7819100670	0.4852944740	-0.3912875160	0.5223432250
-0.5892980790	0.3706771040	-0.7178622840	3.6149731700
-0.2033332760	0.7918887290	0.5758192600	0.0406678156
0.0000000000	0.0000000000	0.0000000000	1.0000000000
0	 23	 53	
0.9132272850	-0.1286823510	0.3865964020	-0.6560937670
0.0957343332	0.9900226720	0.1033926840	-0.9112331510
-0.3960440160	-0.0574104711	0.9164350360	0.5220295690
0.0000000000	0.0000000000	0.0000000000	1.0000000000
0	 36	 53	
0.5463921170	0.1026895190	-0.8312102730	2.9880312100
-0.0324835175	0.9943065090	0.1014858960	-0.2544796610
0.8368993230	-0.0284504599	0.5466169550	-1.7463640600
0.0000000000	0.0000000000	0.0000000000	1.0000000000
0	 41	 53	
0.9868047540	-0.1519035110	0.0560508702	0.6633652420
-0.1614533230	-0.9492676720	0.2698586900	3.7031763600
0.0122147966	-0.2753474370	-0.9612671780	4.6042571000
0.0000000000	0.0000000000	0.0000000000	1.0000000000
0	 43	 53	
0.9408170270	-0.1925821850	0.2788824560	0.9628683370
0.0407658336	0.8811980150	0.4709864180	-0.0244867206
-0.3364542600	-0.4317431660	0.8368968690	1.1216020700
0.0000000000	0.0000000000	0.0000000000	1.0000000000
0	 44	 53	
0.9621856140	-0.1135372610	0.2476047950	0.6216212000
0.0730078346	0.9832256770	0.1671440250	-0.1532699600
-0.2624284660	-0.1427464860	0.9543347110	1.2279374000
0.0000000000	0.0000000000	0.0000000000	1.0000000000
0	 45	 53	
0.8885980270	0.1910241040	-0.4170171910	0.5109615680
-0.1471613960	0.9798216850	0.1352515780	-0.4159094730
0.4344387980	-0.0588154536	0.8987789900	-0.2356668140
0.0000000000	0.0000000000	0.0000000000	1.0000000000
0	 52	 53	
-0.4171521000	0.2467086760	-0.8747107830	4.0751052900
0.8894100190	0.3087499740	-0.3370805130	0.6819624370
0.1869062450	-0.9185903780	-0.3482208680	5.2164567000
0.0000000000	0.0000000000	0.0000000000	1.0000000000
1	 2	 53	
0.9704336130	-0.0589636992	0.2340553020	-0.1106348980
0.0548449036	0.9982046430	0.0240733722	-0.0985751934
-0.2350545440	-0.0105248691	0.9719251970	1.2008497200
0.0000000000	0.0000000000	0.0000000000	1.0000000000
1	 3	 53	
0.2794788440	0.6110805320	0.7405890620	-1.0091715700
0.2426709750	-0.7912385800	0.5612952050	2.0621975500
0.9289792110	0.0228493347	-0.3694259520	1.7533398700
0.0000000000	0.0000000000	0.0000000000	1.0000000000
1	 8	 53	
0.9769757460	-0.1759895300	0.1206071150	0.5512468920
-0.1948866750	-0.5061100230	0.8401617870	1.4463758900
-0.0868192079	-0.8443224090	-0.5287552310	5.1374670500
0.0000000000	0.0000000000	0.0000000000	1.0000000000
1	 11	 53	
0.9300423560	0.0687600818	-0.3609615860	0.3064748610
0.3655070750	-0.0721686933	0.9280066040	-0.7659899220
0.0377596840	-0.9950194630	-0.0922522380	4.8012374600
0.0000000000	0.0000000000	0.0000000000	1.0000000000
1	 12	 53	
0.3420387270	0.8584751180	0.3821386940	-1.6920009300
-0.9201995260	0.3883866870	-0.0488734403	2.7093510700
-0.1903742140	-0.3349272350	0.9228116850	1.1813832600
0.0000000000	0.0000000000	0.0000000000	1.0000000000
1	 21	 53	
0.9407479580	0.3388322250	-0.0136383262	-0.2939991940
-0.3153112580	0.8888273280	0.3325128430	0.6073521530
0.1247881830	-0.3085104600	0.9430001090	-0.2973232680
0.0000000000	0.0000000000	0.0000000000	1.0000000000
1	 24	 53	
0.8928321600	-0.1901683080	0.4082728860	-0.1917605100
0.1322934390	0.9772325590	0.1658763730	-0.6389015560
-0.4305219860	-0.0940879364	0.8976626760	0.9549278650
0.0000000000	0.0000000000	0.0000000000	1.0000000000
1	 26	 53	
-0.2191095590	0.5574499910	-0.8007749430	2.8940145400
-0.9357573890	-0.3524830900	0.0106667840	5.2228779400
-0.2763134280	0.7516682640	0.5988703620	-0.0873328995
0.0000000000	0.0000000000	0.0000000000	1.0000000000
1	 27	 53	
0.4892521350	0.4621137310	-0.7396507610	1.0041503000
-0.8208053150	-0.0426986992	-0.5696099160	4.3332323200
-0.2948066890	0.8857921430	0.3584149770	-0.3272342350
0.0000000000	0.0000000000	0.0000000000	1.0000000000
1	 28	 53	
-0.5173175210	0.6357029580	0.5729435680	0.3502426560
-0.8498407810	-0.4604294690	-0.2564670560	4.8193576300
0.1007632370	-0.6195857110	0.7784345290	0.6395373720
0.0000000000	0.0000000000	0.0000000000	1.0000000000
1	 31	 53	
0.3675455450	0.4677328660	-0.8038260000	1.3865069700
-0.8873003410	-0.0825444223	-0.4537449970	4.2559822500
-0.2785828010	0.8800070370	0.3846806970	0.1604380600
0.0000000000	0.0000000000	0.0000000000	1.0000000000
1	 35	 53	
0.9650309290	-0.2357119330	0.1146960840	-1.0336312200
-0.1663638140	-0.2125815240	0.9628770310	0.9971097170
-0.2025793380	-0.9482873930	-0.2443616820	6.0588195100
0.0000000000	0.0000000000	0.0000000000	1.0000000000
1	 41	 53	
0.9985043910	-0.0437584049	0.0327747271	0.8328476320
-0.0528109559	-0.9270560490	0.3711847050	4.4531886100
0.0141415584	-0.3723604230	-0.9279804590	4.6873619600
0.0000000000	0.0000000000	0.0000000000	1.0000000000
1	 44	 53	
0.9462677930	-0.1033470940	0.3064255880	0.8875056940
0.0795787627	0.9928380960	0.0891051943	0.4918341090
-0.3134397610	-0.0599324064	0.9477149480	0.7940960560
0.0000000000	0.0000000000	0.0000000000	1.0000000000
1	 45	 53	
0.9286383750	0.1326555640	-0.3464581800	0.7790096560
-0.1300135810	0.9910284170	0.0309700660	0.2707828220
0.3474582540	0.0162842771	0.9375540430	-0.6670158460
0.0000000000	0.0000000000	0.0000000000	1.0000000000
1	 47	 53	
0.5985966570	0.3933186150	0.6978413210	-1.6263568300
0.2182117230	-0.9182762450	0.3303821740	2.7709204700
0.7707565680	-0.0454885082	-0.6355038230	2.1522769900
0.0000000000	0.0000000000	0.0000000000	1.0000000000
1	 51	 53	
0.1926032400	0.3103163570	-0.9309176930	1.8520930500
0.9434927720	0.2021550990	0.2625922800	-1.1467318800
0.2696764380	-0.9288902380	-0.2538455130	4.0139206900
0.0000000000	0.0000000000	0.0000000000	1.0000000000
1	 52	 53	
0.2068812330	0.1725813470	-0.9630243160	3.7818282300
0.9396285070	0.2391874750	0.2447194710	-0.0409378439
0.2725773710	-0.9555129670	-0.1126789540	4.2763016200
0.0000000000	0.0000000000	0.0000000000	1.0000000000
2	 3	 53	
0.7118730410	0.3578776550	-0.6042849970	-0.3290237570
-0.2144569280	0.9301003770	0.2981971060	0.5921359530
0.6687637850	-0.0826853768	0.7388627260	-0.8573732950
0.0000000000	0.0000000000	0.0000000000	1.0000000000
2	 7	 53	
0.9515039910	0.2933328180	-0.0927146861	-0.8707607790
0.2093370900	-0.3965226020	0.8938388050	1.5686882800
0.2254287870	-0.8698998130	-0.4386982770	3.7426278300
0.0000000000	0.0000000000	0.0000000000	1.0000000000
2	 8	 53	
0.0050062182	-0.8091755700	0.5875456020	1.6017809300
0.9563560420	-0.1677880130	-0.2392285600	1.8906484200
0.2921610160	0.5631004160	0.7730199620	-1.7552928500
0.0000000000	0.0000000000	0.0000000000	1.0000000000
2	 9	 53	
0.6422423610	-0.5673092400	0.5154463850	-0.4745455210
0.6856447850	0.1245764700	-0.7171972750	2.5706678600
0.3426601500	0.8140275980	0.4689809080	-2.1664366000
0.0000000000	0.0000000000	0.0000000000	1.0000000000
2	 10	 53	
-0.5730773450	-0.2644467250	0.7756611930	0.0055397751
0.8015962150	-0.3776601270	0.4634828330	1.1402302300
0.1703697880	0.8873785880	0.4284079570	-2.7811390500
0.0000000000	0.0000000000	0.0000000000	1.0000000000
2	 11	 53	
0.6170460490	-0.4476997390	0.6471623570	-0.4295802860
0.6932019470	-0.0800043957	-0.7162892970	2.5274112300
0.3724583650	0.8905976870	0.2609799350	-2.2235346000
0.0000000000	0.0000000000	0.0000000000	1.0000000000
2	 12	 53	
0.9534430520	0.2426439220	-0.1790817510	-1.0744857600
-0.2280781350	0.9686787780	0.0981926113	0.8301950700
0.1972985320	-0.0527764312	0.9789218240	-0.8427932350
0.0000000000	0.0000000000	0.0000000000	1.0000000000
2	 13	 53	
-0.1998259630	0.4420439400	-0.8744522510	1.9405342500
0.9399955790	0.3383693820	-0.0437546900	-1.2532551800
0.2765463730	-0.8307245730	-0.4831343370	3.5285066800
0.0000000000	0.0000000000	0.0000000000	1.0000000000
2	 16	 53	
0.8534599940	0.2024323240	-0.4802366010	-1.0086517200
-0.0814840878	0.9619781460	0.2606882990	0.5488188050
0.5147488530	-0.1833553930	0.8375048760	-0.3496174610
0.0000000000	0.0000000000	0.0000000000	1.0000000000
2	 17	 53	
0.9770783500	-0.2064288230	0.0520099958	-0.5126539210
0.0852592508	0.1555992140	-0.9841340080	3.3777284300
0.1950609100	0.9660103650	0.1696325900	-1.5532479100
0.0000000000	0.0000000000	0.0000000000	1.0000000000
2	 21	 53	
0.8708470360	0.4267924700	-0.2438721540	-0.4553325440
0.3510886080	-0.1928113260	0.9162753860	0.0075757701
0.3440381220	-0.8835564390	-0.3177511460	3.8111393800
0.0000000000	0.0000000000	0.0000000000	1.0000000000
2	 24	 53	
0.9669244170	-0.0198804418	0.2542871220	-1.0850795500
-0.0025516730	0.9961539480	0.0875831041	0.2910880580
-0.2550503110	-0.0853350994	0.9631548470	-0.1461258520
0.0000000000	0.0000000000	0.0000000000	1.0000000000
2	 26	 53	
-0.4847216920	0.5543889740	-0.6765336260	2.3062703700
0.8493129410	0.4832101270	-0.2125452950	-0.9796862290
0.2090751310	-0.6776140780	-0.7050721600	3.7355128900
0.0000000000	0.0000000000	0.0000000000	1.0000000000
2	 27	 53	
-0.9874138380	0.1348367840	0.0826616876	3.7103867100
0.0329756832	0.6866837250	-0.7262080040	1.7242900800
-0.1546819870	-0.7143420070	-0.6824873480	4.9901270000
0.0000000000	0.0000000000	0.0000000000	1.0000000000
2	 28	 53	
0.6045550350	0.1502118820	-0.7822720760	1.1394222600
-0.7818092990	-0.0762462925	-0.6188382040	5.8631000000
-0.1526021970	0.9857093350	0.0713419661	-0.7551889070
0.0000000000	0.0000000000	0.0000000000	1.0000000000
2	 29	 53	
-0.1224807760	0.9693543610	0.2129567630	-0.5999666120
-0.9444199940	-0.1797928700	0.2752188200	4.5982237800
0.3050726710	-0.1674116110	0.9374988100	-0.8196443890
0.0000000000	0.0000000000	0.0000000000	1.0000000000
2	 30	 53	
0.4830115700	0.4691934970	-0.7392951270	0.2614593250
0.8039316970	0.0969444893	0.5867670690	-0.4339612460
0.3469778820	-0.8777580690	-0.3303742140	3.6813015300
0.0000000000	0.0000000000	0.0000000000	1.0000000000
2	 31	 53	
0.5465058170	0.4815660290	-0.6851463720	0.1883227730
0.7617645540	0.0540312795	0.6455969210	0.0575263977
0.3479168810	-0.8747426940	-0.3373115230	3.2440595600
0.0000000000	0.0000000000	0.0000000000	1.0000000000
2	 32	 53	
-0.0266359241	0.8096075560	-0.5863668930	1.3722270600
-0.3547677340	0.5407370210	0.7627210030	0.7209941170
0.9345749740	0.2283398330	0.2728196080	-2.0381784900
0.0000000000	0.0000000000	0.0000000000	1.0000000000
2	 34	 53	
-0.9832774380	-0.0592936689	-0.1721910000	4.3175808500
-0.0213873579	-0.9013724880	0.4325161490	4.1349876100
-0.1808537000	0.4289660810	0.8850310960	-1.0573491800
0.0000000000	0.0000000000	0.0000000000	1.0000000000
2	 35	 53	
0.2359260310	0.5278661890	-0.8159020740	1.1384201600
-0.3641721870	0.8264437850	0.4293824500	0.1995441050
0.9009536760	0.1958263460	0.3872137870	-1.0306737300
0.0000000000	0.0000000000	0.0000000000	1.0000000000
2	 39	 53	
-0.9868144460	-0.1566271660	0.0408066094	4.5185197300
0.1135428850	-0.4902206110	0.8641711440	1.1926684900
-0.1153484360	0.8574098690	0.5015406810	-0.1187654090
0.0000000000	0.0000000000	0.0000000000	1.0000000000
2	 40	 53	
-0.9902260260	0.1375011570	0.0233633970	2.8949472300
0.0435693780	0.4640939280	-0.8847138160	2.9255784500
-0.1324919840	-0.8750487180	-0.4655487260	3.6564785900
0.0000000000	0.0000000000	0.0000000000	1.0000000000
2	 41	 53	
0.6217044600	-0.0699641031	0.7801208810	-0.3295671100
0.7097542060	-0.3709144130	-0.5988918650	2.1466853000
0.3312590110	0.9260278200	-0.1809418280	-0.6319123410
0.0000000000	0.0000000000	0.0000000000	1.0000000000
2	 42	 53	
0.0529399466	0.5321211470	-0.8450115070	0.8135426470
0.9475569670	0.2403040180	0.2106888060	-0.6222109580
0.3151716300	-0.8118503950	-0.4914934190	3.8415407900
0.0000000000	0.0000000000	0.0000000000	1.0000000000
2	 43	 53	
-0.0276345742	-0.7717735470	0.6352967200	2.2748891000
0.9496902140	-0.2186146510	-0.2242679930	1.3910204300
0.3119692750	0.5971375270	0.7389871080	-1.7279603300
0.0000000000	0.0000000000	0.0000000000	1.0000000000
2	 44	 53	
0.9962633580	-0.0582409247	0.0637755144	1.1595767800
0.0544456334	0.9967296320	0.0597136042	0.4977695300
-0.0670447205	-0.0560181776	0.9961761740	-0.1543391020
0.0000000000	0.0000000000	0.0000000000	1.0000000000
2	 45	 53	
0.8307163720	0.1498166160	-0.5361578980	1.3295913600
-0.1501430780	0.9877128610	0.0433631316	0.2302530730
0.5360665690	0.0444779337	0.8430031720	-1.5216583200
0.0000000000	0.0000000000	0.0000000000	1.0000000000
2	 46	 53	
0.9688122470	0.1032964860	-0.2252391300	-1.4707246200
-0.1063472620	0.9943280360	-0.0014204359	0.1461106030
0.2238148560	0.0253297004	0.9743024770	-0.9898714970
0.0000000000	0.0000000000	0.0000000000	1.0000000000
2	 47	 53	
-0.5728475180	-0.4215270880	0.7029656010	2.1240881700
0.1735928520	0.7757826050	0.6066521840	-0.9924609530
-0.8010688130	0.4695490010	-0.3712310500	2.8502949300
0.0000000000	0.0000000000	0.0000000000	1.0000000000
2	 48	 53	
0.9647635450	-0.0989782957	-0.2437921220	-0.0869587114
0.1173908080	0.9911387530	0.0621560168	-0.5329223050
0.2354797230	-0.0885848133	0.9678336790	-0.2075863970
0.0000000000	0.0000000000	0.0000000000	1.0000000000
2	 49	 53	
0.7076260810	-0.2523127030	0.6600027490	-0.6402439730
-0.2095128890	-0.9669890050	-0.1450400390	4.7611897300
0.6748108460	-0.0356449685	-0.7371294040	1.2095744400
0.0000000000	0.0000000000	0.0000000000	1.0000000000
2	 50	 53	
-0.6612672500	0.4710746790	-0.5837930030	2.4828038700
0.7375106030	0.5505219020	-0.3911569320	-0.0682222533
0.1371267080	-0.6892127980	-0.7114646750	4.2058684900
0.0000000000	0.0000000000	0.0000000000	1.0000000000
2	 51	 53	
0.9792588170	-0.0679423220	-0.1908821870	-0.5801425950
-0.1850713790	0.0835045841	-0.9791708580	3.9104051500
0.0824666794	0.9941885260	0.0691984211	-1.1339273700
0.0000000000	0.0000000000	0.0000000000	1.0000000000
2	 52	 53	
-0.3115330890	-0.0987881378	0.9450862600	0.1815264650
-0.8849074800	0.3925650600	-0.2506619760	3.3154272900
-0.3462454140	-0.9144034000	-0.2097153680	4.5879918400
0.0000000000	0.0000000000	0.0000000000	1.0000000000
3	 4	 53	
-0.0518690879	0.2067706130	-0.9770135680	2.6383393400
0.5718093310	-0.7959338850	-0.1988047790	1.7910324000
-0.8187451910	-0.5689772970	-0.0769490013	4.3806914800
0.0000000000	0.0000000000	0.0000000000	1.0000000000
3	 12	 53	
0.8971933080	-0.1418424310	0.4182402340	-0.9148697620
0.2037387430	0.9731589820	-0.1070145770	-0.2779482070
-0.3918350330	0.1812245020	0.9020105250	0.4775405800
0.0000000000	0.0000000000	0.0000000000	1.0000000000
3	 13	 53	
0.4290123400	0.7811119550	-0.4536656540	-1.0554982700
-0.5637673260	-0.1608711390	-0.8101153490	4.6143648700
-0.7057724950	0.6033113540	0.3713496950	1.4534132800
0.0000000000	0.0000000000	0.0000000000	1.0000000000
3	 15	 53	
-0.1053880500	-0.4601675100	-0.8815550020	4.2632749600
-0.9906183050	-0.0289745633	0.1335509220	3.0573626600
-0.0869984666	0.8873591930	-0.4527967860	0.0548470842
0.0000000000	0.0000000000	0.0000000000	1.0000000000
3	 23	 53	
-0.1236111780	0.6514762240	0.7485312330	-1.0048093500
-0.7226834400	0.4578261080	-0.5178068170	4.0174772600
-0.6800359710	-0.6049578370	0.4142186540	2.4684896400
0.0000000000	0.0000000000	0.0000000000	1.0000000000
3	 24	 53	
0.5202766230	-0.3171638080	0.7929182520	0.3504097760
0.4161827510	0.9049260350	0.0888863773	-0.5135295070
-0.7457239120	0.2837533950	0.6028099670	0.5795035560
0.0000000000	0.0000000000	0.0000000000	1.0000000000
3	 26	 53	
-0.8146540400	-0.5009430380	-0.2922240020	6.3792399000
-0.3127381600	0.8037993080	-0.5060647350	1.8955265200
0.4883990560	-0.3208780850	-0.8114823580	2.1699078400
0.0000000000	0.0000000000	0.0000000000	1.0000000000
3	 30	 53	
0.7325089520	0.4363459110	0.5225254840	-1.4425515700
0.6278490940	-0.1363457750	-0.7662997750	2.3889219200
-0.2631276310	0.8893885970	-0.3738338850	0.2826934320
0.0000000000	0.0000000000	0.0000000000	1.0000000000
3	 31	 53	
0.7392973290	-0.6712745470	0.0531971983	2.3491001200
-0.0629050004	0.0098078792	0.9979713250	0.8957669420
-0.6704345010	-0.7411439050	-0.0349755867	4.2655057400
0.0000000000	0.0000000000	0.0000000000	1.0000000000
3	 38	 53	
0.4657715390	0.8583031390	-0.2153429710	-1.0988352300
-0.5004457630	0.0547943170	-0.8640321880	4.1961056300
-0.7298019680	0.5102090790	0.4550558020	0.3988543810
0.0000000000	0.0000000000	0.0000000000	1.0000000000
3	 39	 53	
-0.8074467970	-0.5828773280	-0.0910147822	5.3328974400
-0.3390378090	0.5847383880	-0.7369765140	2.6302421200
0.4827867380	-0.5642118730	-0.6697625910	1.4218244500
0.0000000000	0.0000000000	0.0000000000	1.0000000000
3	 40	 53	
-0.6688318720	-0.6627707290	0.3367475130	3.7331224000
-0.7323989090	0.5097577570	-0.4513744190	3.4498742500
0.1274980960	-0.5485271090	-0.8263547950	3.3638505700
0.0000000000	0.0000000000	0.0000000000	1.0000000000
3	 41	 53	
0.7740372460	0.2520951840	0.5807877060	-0.5814949840
0.2975790010	0.6648255270	-0.6851669550	-0.2560283450
-0.5588497830	0.7031749690	0.4395814870	-1.2940258300
0.0000000000	0.0000000000	0.0000000000	1.0000000000
3	 42	 53	
-0.6017698850	0.4793805010	0.6388014870	0.9918123850
0.1464443340	-0.7200423700	0.6783015870	2.5423139600
0.7851286910	0.5017303270	0.3630972560	-2.1619897000
0.0000000000	0.0000000000	0.0000000000	1.0000000000
3	 44	 53	
0.6340581730	-0.3986882600	0.6625842620	0.3545948600
0.5611277830	0.8267872300	-0.0394776868	-0.2324956370
-0.5320769170	0.3968255880	0.7479462600	0.1798541280
0.0000000000	0.0000000000	0.0000000000	1.0000000000
3	 45	 53	
0.3510310500	-0.0637221268	-0.9341930700	2.1559760400
0.1855929320	-0.9731532340	0.1361177680	2.6129910800
-0.9177867210	-0.2211611940	-0.3297806250	5.2904773900
0.0000000000	0.0000000000	0.0000000000	1.0000000000
3	 46	 53	
-0.8099927460	0.4361196750	-0.3920604300	3.8370755700
0.0591537412	0.7258940610	0.6852580880	-1.3892552300
0.5834488730	0.5318622390	-0.6137670340	-0.3894126140
0.0000000000	0.0000000000	0.0000000000	1.0000000000
3	 47	 53	
0.9853275160	0.0575865984	-0.1606657070	-0.3973740840
-0.0883147252	0.9775638080	-0.1912315640	0.0901304456
0.1460486050	0.2026148700	0.9683062630	-0.8633547050
0.0000000000	0.0000000000	0.0000000000	1.0000000000
3	 48	 53	
-0.1709655590	0.5042094190	0.8464890070	0.2773676560
-0.9199260070	0.2259939560	-0.3204104750	3.5714183400
-0.3528553790	-0.8334864090	0.4251981740	3.2681151100
0.0000000000	0.0000000000	0.0000000000	1.0000000000
3	 49	 53	
0.9597290840	0.2629519950	0.0988753471	-0.8927673120
0.2100005430	-0.9053020790	0.3692261070	2.2279162400
0.1866007990	-0.3335931570	-0.9240647960	3.0518750600
0.0000000000	0.0000000000	0.0000000000	1.0000000000
3	 50	 53	
-0.7572285320	0.4024502700	0.5144304910	1.4578818800
-0.0189706256	-0.8008340480	0.5985857860	2.8665381600
0.6528744640	0.4435071680	0.6140491240	-2.0403795700
0.0000000000	0.0000000000	0.0000000000	1.0000000000
3	 51	 53	
-0.4692108180	-0.8040508520	0.3651622050	4.6752092900
-0.8706231310	0.4904138050	-0.0388543877	2.9115914600
-0.1478396830	-0.3361495610	-0.9301327330	3.7572715500
0.0000000000	0.0000000000	0.0000000000	1.0000000000
3	 52	 53	
0.6414189870	0.6941084430	-0.3267952760	0.3249943190
-0.2660020680	-0.1983310840	-0.9433491830	5.0544255600
-0.7196002940	0.6920102960	0.0574209582	0.8735329160
0.0000000000	0.0000000000	0.0000000000	1.0000000000
4	 5	 53	
0.9210521430	-0.1075549370	-0.3742925140	0.3738304680
-0.0614873161	0.9088887960	-0.4124808680	0.2951190040
0.3845546260	0.4029306290	0.8305207090	-1.3755044000
0.0000000000	0.0000000000	0.0000000000	1.0000000000
4	 7	 53	
-0.0942534912	0.9874506300	0.1267183180	-0.1377161720
-0.9883057860	-0.0774813352	-0.1313328470	3.3301366500
-0.1198663980	-0.1376150260	0.9832060570	0.2402260260
0.0000000000	0.0000000000	0.0000000000	1.0000000000
4	 8	 53	
0.0090486153	0.9686603770	0.2482240860	-0.0684096682
-0.9722750240	0.0665287892	-0.2241767120	3.3893090900
-0.2336651460	-0.2393135900	0.9424062850	-0.3539819490
0.0000000000	0.0000000000	0.0000000000	1.0000000000
4	 9	 53	
0.0530117415	-0.3737493820	-0.9260135820	5.3349782500
0.9983246120	0.0413693909	0.0404542035	0.3910335630
0.0231888843	-0.9266066980	0.3753162700	2.2225431300
0.0000000000	0.0000000000	0.0000000000	1.0000000000
4	 10	 53	
-0.1264436650	0.2051937390	-0.9705192060	4.3926489600
-0.0852915603	0.9724997560	0.2167246530	-0.0833492607
0.9883002320	0.1101805570	-0.1054651390	-1.1451368400
0.0000000000	0.0000000000	0.0000000000	1.0000000000
4	 11	 53	
-0.7890787790	-0.5521906760	-0.2691470570	5.6539150100
0.0726135643	-0.5189151110	0.8517360960	0.4398002270
-0.6099852050	0.6525431520	0.4495614350	0.2498824280
0.0000000000	0.0000000000	0.0000000000	1.0000000000
4	 12	 53	
-0.1328666660	0.9669131110	-0.2177739310	0.4929936000
-0.9868292180	-0.1495128290	-0.0617576525	3.9211335600
-0.0922742804	0.2067001450	0.9740433810	-0.7412196460
0.0000000000	0.0000000000	0.0000000000	1.0000000000
4	 13	 53	
-0.1183554990	0.6161872130	0.7786560820	-0.2582523260
0.9334997020	-0.1982592030	0.2987835250	-0.7785210060
0.3384823220	0.7622378940	-0.5517455130	-0.7897884960
0.0000000000	0.0000000000	0.0000000000	1.0000000000
4	 15	 53	
-0.9557027600	-0.0990306396	0.2771735320	3.2607100500
0.0595368646	0.8571895730	0.5115480410	-1.6205542100
-0.2882491920	0.5053899170	-0.8133224670	1.8990811800
0.0000000000	0.0000000000	0.0000000000	1.0000000000
4	 18	 53	
0.2829021020	-0.1057711830	0.9532989340	-1.9458115200
0.1163407740	0.9903465320	0.0753562946	-0.5212307540
-0.9520668180	0.0895890815	0.2924766170	2.5978499900
0.0000000000	0.0000000000	0.0000000000	1.0000000000
4	 21	 53	
0.4976455100	-0.4663064700	-0.7313735170	4.6541605700
0.7310235990	-0.2283612580	0.6430051580	0.6980663520
-0.4668548420	-0.8546399310	0.2272380790	3.1326556000
0.0000000000	0.0000000000	0.0000000000	1.0000000000
4	 23	 53	
-0.7625211910	-0.2496332720	0.5968623490	1.8218066100
0.1537270790	-0.9660486410	-0.2076487620	5.2736985500
0.6284341010	-0.0665826761	0.7750079530	-1.2617969000
0.0000000000	0.0000000000	0.0000000000	1.0000000000
4	 24	 53	
0.1155586960	-0.1914017630	0.9746853610	0.3936061370
-0.2692685740	0.9384800780	0.2162165090	0.2546789460
-0.9561070140	-0.2874378350	0.0569110546	2.9548783200
0.0000000000	0.0000000000	0.0000000000	1.0000000000
4	 25	 53	
0.1832364680	0.9806919740	0.0683202010	-0.5158791200
-0.8743462650	0.1943457980	-0.4446890140	3.7307038000
-0.4493806910	0.0217477318	0.8930756020	0.5147710480
0.0000000000	0.0000000000	0.0000000000	1.0000000000
4	 26	 53	
0.2268375130	-0.4778809950	-0.8486309550	4.1714706700
0.9506935370	-0.0805629312	0.2994852470	-1.5292758200
-0.2114865050	-0.8747224520	0.4360436790	3.3215012600
0.0000000000	0.0000000000	0.0000000000	1.0000000000
4	 27	 53	
-0.5457430600	0.7697437420	0.3311481290	1.4729579900
-0.1696538610	-0.4885013040	0.8559112360	2.3523627900
0.8205986110	0.4109270580	0.3971861950	-3.2286346800
0.0000000000	0.0000000000	0.0000000000	1.0000000000
4	 30	 53	
-0.5672460160	0.7500596100	0.3400625510	0.4783745150
-0.0854677489	-0.4643095220	0.8815395240	1.4738664900
0.8191014720	0.4709854020	0.3274836330	-1.7485117400
0.0000000000	0.0000000000	0.0000000000	1.0000000000
4	 31	 53	
0.4875045780	-0.8677854310	-0.0963728783	3.2708609200
-0.3888557210	-0.3146164880	0.8659143690	1.7589207700
-0.7817483700	-0.3846620740	-0.4908203080	4.2740950700
0.0000000000	0.0000000000	0.0000000000	1.0000000000
4	 32	 53	
-0.8276420270	-0.3653547980	-0.4260569770	5.9101108200
-0.0343681038	-0.7246978430	0.6882091760	1.2411239300
-0.5602030960	0.5842336080	0.5872338400	0.6004108430
0.0000000000	0.0000000000	0.0000000000	1.0000000000
4	 33	 53	
-0.3276483970	0.9193458950	0.2178294150	0.0807376616
-0.9157408240	-0.3657562410	0.1662561740	3.5293210200
0.2325193990	-0.1450017190	0.9617220130	-1.2586817700
0.0000000000	0.0000000000	0.0000000000	1.0000000000
4	 34	 53	
-0.3020268300	-0.3555382370	-0.8845181490	6.0213495000
0.7821743800	0.4379903910	-0.4431339040	-0.5397778440
0.5449614960	-0.8256857630	0.1458080510	1.6546227600
0.0000000000	0.0000000000	0.0000000000	1.0000000000
4	 36	 53	
0.4896618920	0.8509452700	0.1900615130	-1.9764498800
-0.2945836240	0.3666227290	-0.8825011410	4.3085648100
-0.8206410420	0.3761381690	0.4301957200	1.4090951700
0.0000000000	0.0000000000	0.0000000000	1.0000000000
4	 37	 53	
0.8508174350	-0.5242900190	-0.0350666347	0.7671784890
0.4128198480	0.6256517660	0.6619211740	-1.7768144600
-0.3250991630	-0.5776502780	0.7487527570	0.5329759510
0.0000000000	0.0000000000	0.0000000000	1.0000000000
4	 39	 53	
-0.0742047365	0.9212744560	-0.3817682990	1.6022852900
-0.9966168270	-0.0820733285	-0.0043439229	4.4783363600
-0.0353349402	0.3801543710	0.9242478540	-0.3337227440
0.0000000000	0.0000000000	0.0000000000	1.0000000000
4	 40	 53	
-0.5506361510	0.7675344440	0.3281626220	0.5224323870
0.4910622850	-0.0200616714	0.8708934270	-1.5899202000
0.6750241930	0.6406936910	-0.3658605370	0.1066498400
0.0000000000	0.0000000000	0.0000000000	1.0000000000
4	 42	 53	
0.3092254060	-0.7896314590	0.5299639670	2.0553942200
0.6599253010	-0.2230860500	-0.7174477060	2.1695660700
0.6847468470	0.5715896890	0.4521139040	-2.4047613600
0.0000000000	0.0000000000	0.0000000000	1.0000000000
4	 43	 53	
0.3365613070	0.9235844010	0.1836255440	-0.2254733750
-0.6936956400	0.3750455490	-0.6149204790	2.9923392900
-0.6367989060	0.0795782006	0.7669122920	-0.0573805955
0.0000000000	0.0000000000	0.0000000000	1.0000000000
4	 44	 53	
-0.1230473630	-0.8087041660	0.5752016330	2.4455108400
0.9923951350	-0.0983120184	0.0740718792	0.0494511460
-0.0033530037	0.5799416520	0.8146511140	-1.1853635000
0.0000000000	0.0000000000	0.0000000000	1.0000000000
4	 46	 53	
-0.6004337060	0.0540865217	-0.7978433510	5.1798014800
-0.4573205550	0.7952318510	0.3980756370	1.0454514600
0.6560009720	0.6038881940	-0.4527491290	-1.1458983500
0.0000000000	0.0000000000	0.0000000000	1.0000000000
4	 47	 53	
-0.8065655190	0.2948120850	0.5123845210	1.9742883000
-0.5721590420	-0.1714212820	-0.8020279140	4.7700613100
-0.1486139100	-0.9400534980	0.3069418950	2.9324685900
0.0000000000	0.0000000000	0.0000000000	1.0000000000
4	 48	 53	
-0.0023905766	-0.8157242850	0.5784359740	3.2461915300
0.9606936360	-0.1624484310	-0.2251182920	-0.2837380400
0.2776004740	0.5551615960	0.7840494750	-1.6670057700
0.0000000000	0.0000000000	0.0000000000	1.0000000000
4	 50	 53	
-0.3065158070	0.5313312080	0.7897690850	0.1021285180
0.7386972580	-0.3904898040	0.5494033800	0.0672770403
0.6003119370	0.7518010780	-0.2728016090	-1.5444591100
0.0000000000	0.0000000000	0.0000000000	1.0000000000
4	 51	 53	
-0.5070915140	0.6670158640	0.5458461630	1.0880892600
0.2940554430	-0.4614234720	0.8370303320	1.1892190300
0.8101787420	0.5849600130	0.0378442820	-2.0118993200
0.0000000000	0.0000000000	0.0000000000	1.0000000000
4	 52	 53	
0.1019813440	0.9452883920	-0.3098865290	0.6642094040
-0.9467634450	-0.0033895034	-0.3219122410	4.4141871400
-0.3053502660	0.3262182810	0.8946188280	-1.0319213900
0.0000000000	0.0000000000	0.0000000000	1.0000000000
5	 6	 53	
0.6789436260	0.0444587488	-0.7328430750	0.5393538730
0.1828545040	0.9564722840	0.2274313100	-0.0211163681
0.7110554010	-0.2884166950	0.6412612780	-0.9340609590
0.0000000000	0.0000000000	0.0000000000	1.0000000000
5	 15	 53	
0.5608069280	0.7658885340	0.3145001480	-1.3043700100
-0.8274149530	0.5048283370	0.2460342350	2.0159021200
0.0296662130	-0.3981998290	0.9168188550	0.9390012710
0.0000000000	0.0000000000	0.0000000000	1.0000000000
5	 21	 53	
0.1789755140	-0.7549744810	0.6308575900	1.3178125800
0.9560051160	0.2849321810	0.0697701327	0.1347942320
-0.2324262990	0.5906159380	0.7727553490	-1.8199263400
0.0000000000	0.0000000000	0.0000000000	1.0000000000
5	 23	 53	
0.9927815740	0.0029689587	0.1198996690	-0.6117320000
-0.0774625319	0.7790917110	0.6221058280	-0.6448835640
-0.0915658322	-0.6269029360	0.7736978790	-0.1445554920
0.0000000000	0.0000000000	0.0000000000	1.0000000000
5	 43	 53	
-0.1324988760	-0.7784847050	0.6135190390	1.8919923300
0.9687686560	0.0291777439	0.2462436790	0.0723461517
-0.2095980390	0.6269850260	0.7503055640	-1.3422797200
0.0000000000	0.0000000000	0.0000000000	1.0000000000
5	 51	 53	
0.8938922510	-0.3769143890	0.2426771230	-0.5153367060
0.4295430050	0.5652828400	-0.7042358400	0.3813951810
0.1282554080	0.7337512210	0.6672028900	-1.7793891500
0.0000000000	0.0000000000	0.0000000000	1.0000000000
5	 52	 53	
-0.9122987010	0.0636740335	0.4045450500	1.7303619900
-0.4070357510	-0.0322235823	-0.9128436550	5.2748705300
-0.0450885468	-0.9974503790	0.0553151404	3.3121039500
0.0000000000	0.0000000000	0.0000000000	1.0000000000
6	 7	 53	
0.8370630570	0.3481187040	-0.4220649310	-0.2004377280
-0.0257508360	0.7956632170	0.6051916560	0.5312699900
0.5465000760	-0.4957150520	0.6749846320	-0.2969298850
0.0000000000	0.0000000000	0.0000000000	1.0000000000
6	 8	 53	
0.7873383370	0.4413596460	-0.4304648720	-0.5025660270
-0.0165324243	0.7130793370	0.7008883920	0.2718867260
0.6162994580	-0.5447196740	0.5687314440	-0.6420098140
0.0000000000	0.0000000000	0.0000000000	1.0000000000
6	 11	 53	
0.9536738180	0.1873744050	-0.2353658440	0.7214716430
-0.1006615020	0.9360055740	0.3372844910	0.2683258130
0.2835022220	-0.2979671090	0.9115053990	-1.5732409000
0.0000000000	0.0000000000	0.0000000000	1.0000000000
6	 16	 53	
0.9841755590	-0.0933977320	0.1505833090	0.5744823640
0.0242908533	0.9129007660	0.4074581520	0.3456474880
-0.1755232860	-0.3973525570	0.9007233320	1.0770457900
0.0000000000	0.0000000000	0.0000000000	1.0000000000
6	 17	 53	
0.7653576140	0.3136132090	-0.5620271140	0.3050180840
-0.0293891106	0.8893669450	0.4562485250	0.3693230480
0.6429339020	-0.3326758060	0.6899005770	-0.6271173910
0.0000000000	0.0000000000	0.0000000000	1.0000000000
6	 18	 53	
0.8448623890	0.0350724330	-0.5338328100	0.5275678590
-0.0331616374	0.9993631640	0.0131746819	-0.0913890667
0.5339549140	0.0065719768	0.8454874090	-1.4530749000
0.0000000000	0.0000000000	0.0000000000	1.0000000000
6	 19	 53	
0.9073261240	0.0687262274	-0.4147722400	0.2914344260
0.0095365893	0.9829305750	0.1837295250	-0.2197224980
0.4203193540	-0.1706581100	0.8911831740	-1.0546655300
0.0000000000	0.0000000000	0.0000000000	1.0000000000
6	 21	 53	
0.9805538130	-0.0991564983	0.1693582280	-0.9034390990
0.0091447781	0.8851184740	0.4652758970	-0.0327038299
-0.1960372250	-0.4546793110	0.8688130580	0.6013155260
0.0000000000	0.0000000000	0.0000000000	1.0000000000
6	 24	 53	
0.3305786370	-0.3583605870	0.8730953300	0.6199882520
0.0152098579	0.9270090180	0.3747304910	-0.1099292680
-0.9436558830	-0.1105982390	0.3118999910	2.2721772400
0.0000000000	0.0000000000	0.0000000000	1.0000000000
6	 28	 53	
-0.4347636300	0.3068349300	-0.8466598560	3.4773263500
-0.1122429370	0.9143698330	0.3890107080	0.2214017330
0.8935223050	0.2641592970	-0.3630946940	-0.0755640080
0.0000000000	0.0000000000	0.0000000000	1.0000000000
6	 29	 53	
0.9938794670	-0.0108753559	-0.1099333030	0.3546437890
0.0402079725	0.9624977960	0.2682933310	0.0872848576
0.1028927770	-0.2710714280	0.9570440730	-0.4578612780
0.0000000000	0.0000000000	0.0000000000	1.0000000000
6	 30	 53	
0.9801619220	-0.1119124240	0.1635793870	0.0829822665
0.0614754471	0.9562900690	0.2858847200	0.0326026503
-0.1884233960	-0.2701572010	0.9441989780	0.5664370210
0.0000000000	0.0000000000	0.0000000000	1.0000000000
6	 31	 53	
0.6895309620	0.3355435440	-0.6418392180	0.6568506660
-0.0824840739	0.9168207930	0.3906865900	0.8453112380
0.7195439040	-0.2164489870	0.6598533220	-1.0436566200
0.0000000000	0.0000000000	0.0000000000	1.0000000000
6	 32	 53	
0.6339610230	0.3908126530	-0.6673521500	0.8046327280
0.0144121978	0.8567999300	0.5154475420	0.1034147830
0.7732306970	-0.3363916620	0.5375452910	-0.9802283970
0.0000000000	0.0000000000	0.0000000000	1.0000000000
6	 33	 53	
0.8367532390	0.4047635320	-0.3687960140	-0.2205194670
-0.0748365569	0.7517131590	0.6552303530	-0.0411624261
0.5424421690	-0.5206666970	0.6592895300	-0.4306321070
0.0000000000	0.0000000000	0.0000000000	1.0000000000
6	 36	 53	
-0.6974124830	0.7107355770	-0.0920367720	1.1917788600
-0.5551860590	-0.4545846490	0.6965064520	2.0813057900
0.4531934110	0.5368498270	0.7116234930	-2.1549319500
0.0000000000	0.0000000000	0.0000000000	1.0000000000
6	 39	 53	
0.6323559560	-0.0515371156	0.7729617520	-2.3160525300
-0.0656330947	0.9906329170	0.1197444000	-0.5096170190
-0.7718926360	-0.1264529570	0.6230500850	3.1873864900
0.0000000000	0.0000000000	0.0000000000	1.0000000000
6	 41	 53	
0.3348477660	-0.6987626230	0.6321453710	1.5187288900
0.9186055790	0.3914910080	-0.0538384732	-0.4867081830
-0.2098589160	0.5987199570	0.7729771330	-0.4059272020
0.0000000000	0.0000000000	0.0000000000	1.0000000000
6	 50	 53	
0.7756112390	0.2853141470	-0.5630479940	0.7219176930
-0.0364041755	0.9107471680	0.4113566970	0.1427812810
0.6301602510	-0.2985555800	0.7167723650	-0.4550741590
0.0000000000	0.0000000000	0.0000000000	1.0000000000
7	 8	 53	
0.9988103860	0.0264943573	-0.0409372828	-0.4465137940
-0.0215485998	0.9929152980	0.1168540530	-0.1913988440
0.0437432274	-0.1158329010	0.9923050280	-0.2063351340
0.0000000000	0.0000000000	0.0000000000	1.0000000000
7	 10	 53	
0.9901909250	0.0207599469	-0.1381700300	0.9245869320
-0.0863361216	0.8684257480	-0.4882446040	1.5951803700
0.1098544800	0.4953844410	0.8616996280	-3.1620495500
0.0000000000	0.0000000000	0.0000000000	1.0000000000
7	 11	 53	
0.9712769680	-0.0385571465	0.2348071490	0.2245257600
0.1028507970	0.9578708630	-0.2681513060	0.7356653280
-0.2145757770	0.2845992900	0.9343235410	-1.5427603400
0.0000000000	0.0000000000	0.0000000000	1.0000000000
7	 16	 53	
0.6444408280	-0.3622806110	0.6733860540	1.4095583200
0.5065858470	0.8619314810	-0.0210927142	-0.5496378120
-0.5727711570	0.3547208510	0.7389900670	0.4704959900
0.0000000000	0.0000000000	0.0000000000	1.0000000000
7	 17	 53	
0.9965124190	0.0390765662	-0.0737293774	0.2153244070
-0.0548355743	0.9726677770	-0.2256334530	0.2461859050
0.0628972090	0.2288895310	0.9714183050	-0.5463690060
0.0000000000	0.0000000000	0.0000000000	1.0000000000
7	 20	 53	
0.8873446920	-0.2088752990	0.4110845490	-0.2515573020
0.3018452300	0.9370813220	-0.1754082490	-0.5215130990
-0.3485812020	0.2797314890	0.8945621500	-0.2267547050
0.0000000000	0.0000000000	0.0000000000	1.0000000000
7	 21	 53	
0.9780288260	-0.1007167250	0.1825260470	-0.3309039290
0.1330638400	0.9755946300	-0.1746686370	-0.3670369130
-0.1604793780	0.1951185780	0.9675614240	-0.3887166400
0.0000000000	0.0000000000	0.0000000000	1.0000000000
7	 24	 53	
-0.1470973730	0.4231658580	-0.8940318900	2.9791180600
-0.6749196910	0.6178138360	0.4034717770	1.3502611500
0.7230807520	0.6627493650	0.1947241780	-2.3399362500
0.0000000000	0.0000000000	0.0000000000	1.0000000000
7	 26	 53	
0.6944957420	0.3610136710	-0.6223703030	-0.0877753413
-0.4830122660	0.8750502530	-0.0314039043	1.5489222400
0.5332680530	0.3224223680	0.7820927060	-2.1760981500
0.0000000000	0.0000000000	0.0000000000	1.0000000000
7	 27	 53	
0.9479592780	-0.1400020350	0.2859591550	-0.8807801420
0.2113467010	0.9484214040	-0.2362824850	0.2929869610
-0.2381297550	0.2844226970	0.9286538370	-0.9224163200
0.0000000000	0.0000000000	0.0000000000	1.0000000000
7	 28	 53	
0.8424842970	-0.2610881900	0.4712251760	0.3907735750
0.4174986940	0.8692326240	-0.2648197240	0.1618204650
-0.3404629940	0.4198423540	0.8413188140	-0.9663682260
0.0000000000	0.0000000000	0.0000000000	1.0000000000
7	 30	 53	
0.4637008260	0.3346888240	-0.8203444000	1.0475863500
-0.5876873930	0.8090853700	-0.0020958251	1.2454189000
0.6630272030	0.4830778980	0.5718659570	-1.9806926100
0.0000000000	0.0000000000	0.0000000000	1.0000000000
7	 31	 53	
0.9021849330	0.2261722390	-0.3672988760	0.4739270080
-0.3265729280	0.9144384550	-0.2390657520	1.0392962800
0.2818021810	0.3356313890	0.8988543270	-0.8156827510
0.0000000000	0.0000000000	0.0000000000	1.0000000000
7	 32	 53	
0.9625752110	0.1861437310	-0.1969758200	0.2483878790
-0.1931501960	0.9810253030	-0.0168034871	0.3404197350
0.1901104000	0.0542205385	0.9802643360	-0.8883000480
0.0000000000	0.0000000000	0.0000000000	1.0000000000
7	 33	 53	
0.9849392860	0.1522956800	-0.0818573682	-0.2630649520
-0.1480570610	0.9874143640	0.0556055711	-0.0141267406
0.0892956295	-0.0426485502	0.9950916500	-0.8234523940
0.0000000000	0.0000000000	0.0000000000	1.0000000000
7	 34	 53	
0.9619470540	-0.1629285190	0.2193448480	-0.1081409650
0.1954570260	0.9712748490	-0.1357266310	-0.4651708900
-0.1909303950	0.1734343250	0.9661605040	-0.7454754770
0.0000000000	0.0000000000	0.0000000000	1.0000000000
7	 38	 53	
-0.7097779050	-0.0462547942	-0.7029052710	3.6834174400
-0.2480660140	-0.9175097400	0.3108683470	3.8328054600
-0.6593015840	0.3950143930	0.6397538990	0.2966093360
0.0000000000	0.0000000000	0.0000000000	1.0000000000
7	 39	 53	
0.9127642760	-0.2590282520	0.3158571530	-0.8846283640
-0.1477823030	0.5114630090	0.8465022040	-0.1907534540
-0.3808172360	-0.8193350690	0.4285653710	3.3695790500
0.0000000000	0.0000000000	0.0000000000	1.0000000000
7	 42	 53	
0.8267203840	-0.1884366280	0.5301179530	0.5469026630
0.3390313640	0.9188064600	-0.2021198250	-0.2089387890
-0.4489890210	0.3468231920	0.8234819560	-0.3983634420
0.0000000000	0.0000000000	0.0000000000	1.0000000000
7	 43	 53	
0.2661780550	-0.5940364340	0.7591244680	0.9035526900
0.6600581510	0.6862565270	0.3055735850	-0.7610727860
-0.7024759650	0.4197293100	0.5747650180	0.5807868920
0.0000000000	0.0000000000	0.0000000000	1.0000000000
7	 45	 53	
0.7882195720	0.5576997800	-0.2601554570	-0.7828598460
-0.0884388058	-0.3157019810	-0.9447279170	4.4197847400
-0.6090061450	0.7676608720	-0.1995201780	2.4285278500
0.0000000000	0.0000000000	0.0000000000	1.0000000000
7	 46	 53	
0.4043172130	0.8808610850	0.2461937040	-1.9122050600
0.5425934270	-0.0143136019	-0.8398734990	2.2875768300
-0.7362879630	0.4731583980	-0.4837366700	3.2700131600
0.0000000000	0.0000000000	0.0000000000	1.0000000000
7	 47	 53	
0.4132438670	-0.5862707650	-0.6967898510	2.7323364900
0.9072811580	0.3305458870	0.2599621450	-0.9592845620
0.0779128134	-0.7396120650	0.6685084790	1.7526626200
0.0000000000	0.0000000000	0.0000000000	1.0000000000
7	 48	 53	
0.9919882320	-0.0937109479	-0.0847207493	-0.2306605980
-0.1113278430	-0.3314831200	-0.9368698160	4.4634216000
0.0597114603	0.9387956110	-0.3392599920	-0.2303514580
0.0000000000	0.0000000000	0.0000000000	1.0000000000
7	 52	 53	
-0.9485375070	0.1285850320	-0.2893829430	2.1477227900
0.1696178490	-0.5653867140	-0.8071974040	5.5327521900
-0.2674067750	-0.8147415250	0.5144801880	2.0903682600
0.0000000000	0.0000000000	0.0000000000	1.0000000000
8	 9	 53	
0.9776543370	0.1235534070	-0.1700780800	-0.6019663210
-0.1554325610	0.9695743890	-0.1891196000	-0.0131994798
0.1415369800	0.2113292690	0.9671128290	-0.3190564410
0.0000000000	0.0000000000	0.0000000000	1.0000000000
8	 18	 53	
0.9245014210	0.0068267376	-0.3811174610	1.1020484800
-0.2727216260	0.7103783240	-0.6488339940	1.1403950000
0.2663081640	0.7037869230	0.6586075680	-1.6315260500
0.0000000000	0.0000000000	0.0000000000	1.0000000000
8	 19	 53	
0.9964524190	-0.0155161539	0.0827153329	0.4600164750
0.0637937427	0.7803069680	-0.6221345470	0.6311611530
-0.0548902152	0.6252041950	0.7785285990	-1.1178251000
0.0000000000	0.0000000000	0.0000000000	1.0000000000
8	 20	 53	
0.8385139580	-0.2489481250	0.4846846130	0.3036820750
0.4165203280	0.8663430500	-0.2756093900	-0.3681897980
-0.3512907050	0.4329833140	0.8301326940	-0.0885381465
0.0000000000	0.0000000000	0.0000000000	1.0000000000
8	 22	 53	
0.9954702500	0.0627743197	-0.0714028436	0.1007178380
-0.0766836694	0.9741030260	-0.2127038090	0.4280987580
0.0562013891	0.2172157460	0.9745043480	-0.8353800090
0.0000000000	0.0000000000	0.0000000000	1.0000000000
8	 26	 53	
-0.9994403290	-0.0024583267	0.0333614438	3.5119214500
-0.0320646189	-0.2138223190	-0.9763461870	4.4828940100
0.0095335992	-0.9768694760	0.2136238240	4.0609540500
0.0000000000	0.0000000000	0.0000000000	1.0000000000
8	 27	 53	
0.6869841300	-0.2783737160	0.6712383180	-1.2025610500
0.5106053560	0.8421645780	-0.1733233780	-0.9300679750
-0.5170444630	0.4618082900	0.7206928100	0.7439193050
0.0000000000	0.0000000000	0.0000000000	1.0000000000
8	 32	 53	
0.9418308280	0.2263697210	-0.2484178740	0.7170848780
-0.2653913920	0.9544352710	-0.1364577660	0.6063952680
