4	5	53
1951.00000000 0.00000000 0.00000000 0.00000000 5001.79671180 -8125.24087954
0.00000000 1951.00000000 0.00000000 -5001.79671180 0.00000000 8017.07877350
0.00000000 0.00000000 1951.00000000 8125.24087954 -8017.07877350 0.00000000
0.00000000 -5001.79671180 8125.24087954 48750.77189983 -33385.93259201 -20437.23712654
5001.79671180 0.00000000 -8017.07877350 -33385.93259201 47454.57427144 -20588.10244639
-8125.24087954 8017.07877350 0.00000000 -20437.23712654 -20588.10244639 70134.12861972
5	6	53
1712.00000000 0.00000000 0.00000000 0.00000000 4989.07244325 -6970.05412984
0.00000000 1712.00000000 0.00000000 -4989.07244325 0.00000000 6288.65457463
0.00000000 0.00000000 1712.00000000 6970.05412984 -6288.65457463 0.00000000
0.00000000 -4989.07244325 6970.05412984 45061.54534657 -25957.29540096 -17856.82017282
4989.07244325 0.00000000 -6288.65457463 -25957.29540096 39941.27507705 -19561.74773482
-6970.05412984 6288.65457463 0.00000000 -17856.82017282 -19561.74773482 54078.80932854
3	4	53
1943.00000000 0.00000000 0.00000000 0.00000000 5409.95132685 -7975.82064509
0.00000000 1943.00000000 0.00000000 -5409.95132685 0.00000000 7122.29707181
0.00000000 0.00000000 1943.00000000 7975.82064509 -7122.29707181 0.00000000
0.00000000 -5409.95132685 7975.82064509 49749.86690378 -29294.61667996 -19458.82216114
5409.95132685 0.00000000 -7122.29707181 -29294.61667996 43127.07240567 -22424.28829302
-7975.82064509 7122.29707181 0.00000000 -19458.82216114 -22424.28829302 61753.81081299
2	3	53
2334.00000000 0.00000000 0.00000000 0.00000000 7237.83495688 -9546.00835371
0.00000000 2334.00000000 0.00000000 -7237.83495688 0.00000000 8350.93723369
0.00000000 0.00000000 2334.00000000 9546.00835371 -8350.93723369 0.00000000
0.00000000 -7237.83495688 9546.00835371 64487.73582731 -34286.45452999 -24838.61838726
7237.83495688 0.00000000 -8350.93723369 -34286.45452999 55868.83537804 -30098.99808634
-9546.00835371 8350.93723369 0.00000000 -24838.61838726 -30098.99808634 73512.56209281
1	2	53
2715.00000000 0.00000000 0.00000000 0.00000000 7219.16663241 -12054.10167551
0.00000000 2715.00000000 0.00000000 -7219.16663241 0.00000000 8659.71252218
0.00000000 0.00000000 2715.00000000 12054.10167551 -8659.71252218 0.00000000
0.00000000 -7219.16663241 12054.10167551 75873.43525236 -36919.79555594 -22267.46149109
7219.16663241 0.00000000 -8659.71252218 -36919.79555594 52559.78721591 -32694.16344918
-12054.10167551 8659.71252218 0.00000000 -22267.46149109 -32694.16344918 88889.21524826
6	7	53
2107.00000000 0.00000000 0.00000000 0.00000000 5326.98250282 -7344.93226314
0.00000000 2107.00000000 0.00000000 -5326.98250282 0.00000000 8865.85807323
0.00000000 0.00000000 2107.00000000 7344.93226314 -8865.85807323 0.00000000
0.00000000 -5326.98250282 7344.93226314 41527.79005614 -31505.66222547 -22815.06524823
5326.98250282 0.00000000 -8865.85807323 -31505.66222547 53794.84746198 -18494.99977422
-7344.93226314 8865.85807323 0.00000000 -22815.06524823 -18494.99977422 66697.19589743
1	3	53
1677.00000000 0.00000000 0.00000000 0.00000000 4723.39843476 -6576.16200674
0.00000000 1677.00000000 0.00000000 -4723.39843476 0.00000000 7053.11954713
0.00000000 0.00000000 1677.00000000 6576.16200674 -7053.11954713 0.00000000
0.00000000 -4723.39843476 6576.16200674 41381.03645629 -27990.31605426 -19455.37411365
4723.39843476 0.00000000 -7053.11954713 -27990.31605426 44430.86998987 -19129.15697544
-6576.16200674 7053.11954713 0.00000000 -19455.37411365 -19129.15697544 57788.24830717
0	1	53
3796.00000000 0.00000000 0.00000000 0.00000000 15102.01810575 -16136.79363728
0.00000000 3796.00000000 0.00000000 -15102.01810575 0.00000000 14209.82173026
0.00000000 0.00000000 3796.00000000 16136.79363728 -14209.82173026 0.00000000
0.00000000 -15102.01810575 16136.79363728 135225.91145285 -59664.60842161 -54067.67601473
15102.01810575 0.00000000 -14209.82173026 -59664.60842161 125021.34668119 -65123.96160431
-16136.79363728 14209.82173026 0.00000000 -54067.67601473 -65123.96160431 136544.62661314
0	2	53
2400.00000000 0.00000000 0.00000000 0.00000000 6324.63245898 -10464.97524524
0.00000000 2400.00000000 0.00000000 -6324.63245898 0.00000000 7575.98813230
0.00000000 0.00000000 2400.00000000 10464.97524524 -7575.98813230 0.00000000
0.00000000 -6324.63245898 10464.97524524 65123.73534435 -31653.21654173 -19228.33244681
6324.63245898 0.00000000 -7575.98813230 -31653.21654173 45817.48585504 -28142.67836050
-10464.97524524 7575.98813230 0.00000000 -19228.33244681 -28142.67836050 76545.04866532
6	8	53
2049.00000000 0.00000000 0.00000000 0.00000000 6872.39243937 -6076.40952739
0.00000000 2049.00000000 0.00000000 -6872.39243937 0.00000000 10055.39860129
0.00000000 0.00000000 2049.00000000 6076.40952739 -10055.39860129 0.00000000
0.00000000 -6872.39243937 6076.40952739 46129.45805883 -29598.78445139 -34177.09749507
6872.39243937 0.00000000 -10055.39860129 -29598.78445139 75363.67562048 -18797.65986406
-6076.40952739 10055.39860129 0.00000000 -34177.09749507 -18797.65986406 72181.56121980
7	8	53
4025.00000000 0.00000000 0.00000000 0.00000000 14788.62402856 -14924.68475121
0.00000000 4025.00000000 0.00000000 -14788.62402856 0.00000000 14327.40978503
0.00000000 0.00000000 4025.00000000 14924.68475121 -14327.40978503 0.00000000
0.00000000 -14788.62402856 14924.68475121 119718.16349331 -54606.24132766 -48306.94502140
14788.62402856 0.00000000 -14327.40978503 -54606.24132766 118533.44616790 -52104.14259896
-14924.68475121 14327.40978503 0.00000000 -48306.94502140 -52104.14259896 118772.85513111
0	3	53
1604.00000000 0.00000000 0.00000000 0.00000000 4418.04464614 -6209.35759676
0.00000000 1604.00000000 0.00000000 -4418.04464614 0.00000000 6819.17436433
0.00000000 0.00000000 1604.00000000 6209.35759676 -6819.17436433 0.00000000
0.00000000 -4418.04464614 6209.35759676 38416.18584067 -26804.90179372 -18482.04653878
4418.04464614 0.00000000 -6819.17436433 -26804.90179372 42441.08653031 -17675.16786809
-6209.35759676 6819.17436433 0.00000000 -18482.04653878 -17675.16786809 55298.97864358
7	9	53
1821.00000000 0.00000000 0.00000000 0.00000000 6730.26908779 -8164.76160622
0.00000000 1821.00000000 0.00000000 -6730.26908779 0.00000000 7217.61923051
0.00000000 0.00000000 1821.00000000 8164.76160622 -7217.61923051 0.00000000
0.00000000 -6730.26908779 8164.76160622 65692.40790722 -32162.02577140 -25323.14319561
6730.26908779 0.00000000 -7217.61923051 -32162.02577140 58289.46990273 -29517.66394451
-8164.76160622 7217.61923051 0.00000000 -25323.14319561 -29517.66394451 67217.95032561
6	12	53
1695.00000000 0.00000000 0.00000000 0.00000000 5420.03678584 -6153.22573400
0.00000000 1695.00000000 0.00000000 -5420.03678584 0.00000000 9750.60710025
0.00000000 0.00000000 1695.00000000 6153.22573400 -9750.60710025 0.00000000
0.00000000 -5420.03678584 6153.22573400 41557.01016382 -36249.16596405 -29876.54023568
5420.03678584 0.00000000 -9750.60710025 -36249.16596405 78336.52059608 -19189.22162480
-6153.22573400 9750.60710025 0.00000000 -29876.54023568 -19189.22162480 83374.18056375
4	13	53
1110.00000000 0.00000000 0.00000000 0.00000000 6179.09019661 -1317.45144571
0.00000000 1110.00000000 0.00000000 -6179.09019661 0.00000000 7711.25016403
0.00000000 0.00000000 1110.00000000 1317.45144571 -7711.25016403 0.00000000
0.00000000 -6179.09019661 1317.45144571 36989.48733045 -9339.26199958 -43253.82673522
6179.09019661 0.00000000 -7711.25016403 -9339.26199958 88827.85934821 -7659.68140445
-1317.45144571 7711.25016403 0.00000000 -43253.82673522 -7659.68140445 56367.82571577
5	13	53
2064.00000000 0.00000000 0.00000000 0.00000000 9489.58616066 -4063.38090675
0.00000000 2064.00000000 0.00000000 -9489.58616066 0.00000000 12181.03583527
0.00000000 0.00000000 2064.00000000 4063.38090675 -12181.03583527 0.00000000
0.00000000 -9489.58616066 4063.38090675 56093.88137819 -22717.47661503 -57937.87315850
9489.58616066 0.00000000 -12181.03583527 -22717.47661503 120264.45537657 -17395.29200999
-4063.38090675 12181.03583527 0.00000000 -57937.87315850 -17395.29200999 85011.31153862
6	13	53
2303.00000000 0.00000000 0.00000000 0.00000000 7831.70733166 -7378.35659954
0.00000000 2303.00000000 0.00000000 -7831.70733166 0.00000000 11693.56579530
0.00000000 0.00000000 2303.00000000 7378.35659954 -11693.56579530 0.00000000
0.00000000 -7831.70733166 7378.35659954 53653.55850851 -38189.62036494 -40470.94857188
7831.70733166 0.00000000 -11693.56579530 -38189.62036494 91745.40392411 -24756.27674610
-7378.35659954 11693.56579530 0.00000000 -40470.94857188 -24756.27674610 88071.96848452
6	14	53
2705.00000000 0.00000000 0.00000000 0.00000000 9201.70202315 -10213.77729321
0.00000000 2705.00000000 0.00000000 -9201.70202315 0.00000000 9696.25014746
0.00000000 0.00000000 2705.00000000 10213.77729321 -9696.25014746 0.00000000
0.00000000 -9201.70202315 10213.77729321 77161.88550990 -37790.54476195 -36378.26545120
9201.70202315 0.00000000 -9696.25014746 -37790.54476195 75656.11261721 -35164.81103753
-10213.77729321 9696.25014746 0.00000000 -36378.26545120 -35164.81103753 80353.40199091
4	14	53
2422.00000000 0.00000000 0.00000000 0.00000000 16734.19358826 -4727.77770489
0.00000000 2422.00000000 0.00000000 -16734.19358826 0.00000000 13155.10289383
0.00000000 0.00000000 2422.00000000 4727.77770489 -13155.10289383 0.00000000
0.00000000 -16734.19358826 4727.77770489 128181.98674646 -25963.94088948 -91622.36030759
16734.19358826 0.00000000 -13155.10289383 -25963.94088948 190155.15003582 -33426.43594248
-4727.77770489 13155.10289383 0.00000000 -91622.36030759 -33426.43594248 85009.08602150
5	14	53
3110.00000000 0.00000000 0.00000000 0.00000000 17485.34073544 -7612.13937408
0.00000000 3110.00000000 0.00000000 -17485.34073544 0.00000000 13920.27566957
0.00000000 0.00000000 3110.00000000 7612.13937408 -13920.27566957 0.00000000
0.00000000 -17485.34073544 7612.13937408 127717.56065898 -33398.41133214 -81188.43994294
17485.34073544 0.00000000 -13920.27566957 -33398.41133214 169345.82882948 -40475.39298829
-7612.13937408 13920.27566957 0.00000000 -81188.43994294 -40475.39298829 87653.00616134
3	14	53
1635.00000000 0.00000000 0.00000000 0.00000000 11707.59657812 -4382.99563634
0.00000000 1635.00000000 0.00000000 -11707.59657812 0.00000000 9152.77322626
0.00000000 0.00000000 1635.00000000 4382.99563634 -9152.77322626 0.00000000
0.00000000 -11707.59657812 4382.99563634 96864.46796508 -24634.30647067 -65685.53834208
11707.59657812 0.00000000 -9152.77322626 -24634.30647067 136789.90411630 -31430.61330967
-4382.99563634 9152.77322626 0.00000000 -65685.53834208 -31430.61330967 65159.60380874
0	43	53
2366.00000000 0.00000000 0.00000000 0.00000000 10968.08711123 -6262.34332877
0.00000000 2366.00000000 0.00000000 -10968.08711123 0.00000000 5969.53343035
0.00000000 0.00000000 2366.00000000 6262.34332877 -5969.53343035 0.00000000
0.00000000 -10968.08711123 6262.34332877 70760.64952040 -15059.07756854 -28582.98814751
10968.08711123 0.00000000 -5969.53343035 -15059.07756854 69331.36725672 -28733.21993288
-6262.34332877 5969.53343035 0.00000000 -28582.98814751 -28733.21993288 35736.76771090
1	44	53
2711.00000000 0.00000000 0.00000000 0.00000000 8556.83969057 -7430.52175975
0.00000000 2711.00000000 0.00000000 -8556.83969057 0.00000000 5847.76787629
0.00000000 0.00000000 2711.00000000 7430.52175975 -5847.76787629 0.00000000
0.00000000 -8556.83969057 7430.52175975 51541.90580032 -15670.33933448 -18725.46000577
8556.83969057 0.00000000 -5847.76787629 -15670.33933448 44830.55967116 -23915.16348766
-7430.52175975 5847.76787629 0.00000000 -18725.46000577 -23915.16348766 40508.08493311
2	44	53
1521.00000000 0.00000000 0.00000000 0.00000000 4737.04649925 -4338.44479668
0.00000000 1521.00000000 0.00000000 -4737.04649925 0.00000000 2367.28542705
0.00000000 0.00000000 1521.00000000 4338.44479668 -2367.28542705 0.00000000
0.00000000 -4737.04649925 4338.44479668 28853.12962558 -6116.40453489 -6984.90057445
4737.04649925 0.00000000 -2367.28542705 -6116.40453489 20435.36067311 -13760.79398698
-4338.44479668 2367.28542705 0.00000000 -6984.90057445 -13760.79398698 19089.40588521
0	44	53
4544.00000000 0.00000000 0.00000000 0.00000000 14885.03914785 -14804.92380232
0.00000000 4544.00000000 0.00000000 -14885.03914785 0.00000000 12413.94249506
0.00000000 0.00000000 4544.00000000 14804.92380232 -12413.94249506 0.00000000
0.00000000 -14885.03914785 14804.92380232 106827.53207529 -41301.60123796 -42405.04749025
14885.03914785 0.00000000 -12413.94249506 -41301.60123796 94225.42111302 -48755.02512511
-14804.92380232 12413.94249506 0.00000000 -42405.04749025 -48755.02512511 99572.66792968
4	45	53
1095.00000000 0.00000000 0.00000000 0.00000000 6158.90383244 -3150.30732787
0.00000000 1095.00000000 0.00000000 -6158.90383244 0.00000000 1282.91059432
0.00000000 0.00000000 1095.00000000 3150.30732787 -1282.91059432 0.00000000
0.00000000 -6158.90383244 3150.30732787 44880.42884318 -3686.46278794 -7009.22242773
6158.90383244 0.00000000 -1282.91059432 -3686.46278794 36719.49826213 -17988.21064074
-3150.30732787 1282.91059432 0.00000000 -7009.22242773 -17988.21064074 11951.30063685
3	45	53
2154.00000000 0.00000000 0.00000000 0.00000000 12350.41854000 -9069.67907512
0.00000000 2154.00000000 0.00000000 -12350.41854000 0.00000000 3130.53443730
0.00000000 0.00000000 2154.00000000 9069.67907512 -3130.53443730 0.00000000
0.00000000 -12350.41854000 9069.67907512 112641.78022680 -13493.33327958 -17454.60387232
12350.41854000 0.00000000 -3130.53443730 -13493.33327958 77019.69971739 -52358.90930776
-9069.67907512 3130.53443730 0.00000000 -17454.60387232 -52358.90930776 47221.55032461
2	45	53
2619.00000000 0.00000000 0.00000000 0.00000000 13030.65467238 -11121.51662040
0.00000000 2619.00000000 0.00000000 -13030.65467238 0.00000000 6320.86275113
0.00000000 0.00000000 2619.00000000 11121.51662040 -6320.86275113 0.00000000
0.00000000 -13030.65467238 11121.51662040 117965.71086970 -25468.66169679 -27728.39960936
13030.65467238 0.00000000 -6320.86275113 -25468.66169679 88392.18910476 -56438.87858310
-11121.51662040 6320.86275113 0.00000000 -27728.39960936 -56438.87858310 69872.78219192
1	45	53
3378.00000000 0.00000000 0.00000000 0.00000000 14645.91607618 -13520.82288480
0.00000000 3378.00000000 0.00000000 -14645.91607618 0.00000000 11284.40975267
0.00000000 0.00000000 3378.00000000 13520.82288480 -11284.40975267 0.00000000
0.00000000 -14645.91607618 13520.82288480 126215.56376831 -44677.56431766 -44115.31041764
14645.91607618 0.00000000 -11284.40975267 -44677.56431766 112798.28352524 -59262.33989400
-13520.82288480 11284.40975267 0.00000000 -44115.31041764 -59262.33989400 103149.29217486
0	45	53
3894.00000000 0.00000000 0.00000000 0.00000000 15912.65200973 -16042.82877314
0.00000000 3894.00000000 0.00000000 -15912.65200973 0.00000000 14585.83659899
0.00000000 0.00000000 3894.00000000 16042.82877314 -14585.83659899 0.00000000
0.00000000 -15912.65200973 16042.82877314 140585.28953642 -60389.49880957 -53877.55619109
15912.65200973 0.00000000 -14585.83659899 -60389.49880957 135235.04349500 -65487.81183807
-16042.82877314 14585.83659899 0.00000000 -53877.55619109 -65487.81183807 136451.85426290
0	46	53
1649.00000000 0.00000000 0.00000000 0.00000000 5319.03712749 -6858.23647952
0.00000000 1649.00000000 0.00000000 -5319.03712749 0.00000000 5703.24520278
0.00000000 0.00000000 1649.00000000 6858.23647952 -5703.24520278 0.00000000
0.00000000 -5319.03712749 6858.23647952 47498.48616860 -24288.47716813 -18818.01333236
5319.03712749 0.00000000 -5703.24520278 -24288.47716813 38859.05419585 -22348.33531782
-6858.23647952 5703.24520278 0.00000000 -18818.01333236 -22348.33531782 51301.73079758
6	52	53
2295.00000000 0.00000000 0.00000000 0.00000000 13450.22975707 -5736.81091306
0.00000000 2295.00000000 0.00000000 -13450.22975707 0.00000000 13767.11953640
0.00000000 0.00000000 2295.00000000 5736.81091306 -13767.11953640 0.00000000
0.00000000 -13450.22975707 5736.81091306 97982.97339607 -34895.81456978 -80891.50872480
13450.22975707 0.00000000 -13767.11953640 -34895.81456978 165785.67389005 -32033.75333865
-5736.81091306 13767.11953640 0.00000000 -80891.50872480 -32033.75333865 101415.55711468
7	52	53
4088.00000000 0.00000000 0.00000000 0.00000000 20961.09981370 -14918.59941852
0.00000000 4088.00000000 0.00000000 -20961.09981370 0.00000000 19187.34747717
0.00000000 0.00000000 4088.00000000 14918.59941852 -19187.34747717 0.00000000
0.00000000 -20961.09981370 14918.59941852 168440.83620497 -68128.38901818 -96326.92172847
20961.09981370 0.00000000 -19187.34747717 -68128.38901818 213409.23366563 -75515.06173944
-14918.59941852 19187.34747717 0.00000000 -96326.92172847 -75515.06173944 159363.32233429
15	16	53
2192.00000000 0.00000000 0.00000000 0.00000000 5456.69778085 -8702.90077424
0.00000000 2192.00000000 0.00000000 -5456.69778085 0.00000000 8319.84297824
0.00000000 0.00000000 2192.00000000 8702.90077424 -8319.84297824 0.00000000
0.00000000 -5456.69778085 8702.90077424 49830.42254608 -33011.18932660 -20509.32523624
5456.69778085 0.00000000 -8319.84297824 -33011.18932660 47592.79147156 -21892.92862317
-8702.90077424 8319.84297824 0.00000000 -20509.32523624 -21892.92862317 69459.09087462
12	13	53
3513.00000000 0.00000000 0.00000000 0.00000000 11440.24726176 -13697.24160385
0.00000000 3513.00000000 0.00000000 -11440.24726176 0.00000000 14834.58168828
0.00000000 0.00000000 3513.00000000 13697.24160385 -14834.58168828 0.00000000
0.00000000 -11440.24726176 13697.24160385 94881.19338939 -57533.37414515 -49172.14546267
11440.24726176 0.00000000 -14834.58168828 -57533.37414515 105424.50264593 -44033.30094130
-13697.24160385 14834.58168828 0.00000000 -49172.14546267 -44033.30094130 123366.15097571
11	12	53
3765.00000000 0.00000000 0.00000000 0.00000000 14458.24743259 -15595.89283991
0.00000000 3765.00000000 0.00000000 -14458.24743259 0.00000000 14267.24489009
0.00000000 0.00000000 3765.00000000 15595.89283991 -14267.24489009 0.00000000
0.00000000 -14458.24743259 15595.89283991 124647.94625668 -59242.92526920 -53058.05022129
14458.24743259 0.00000000 -14267.24489009 -59242.92526920 118990.66465336 -59611.59307356
-15595.89283991 14267.24489009 0.00000000 -53058.05022129 -59611.59307356 130117.86689665
8	9	53
4583.00000000 0.00000000 0.00000000 0.00000000 21500.10798872 -17209.63780785
0.00000000 4583.00000000 0.00000000 -21500.10798872 0.00000000 17563.90012264
0.00000000 0.00000000 4583.00000000 17209.63780785 -17563.90012264 0.00000000
0.00000000 -21500.10798872 17209.63780785 183581.61427447 -64805.88920821 -80187.05936151
21500.10798872 0.00000000 -17563.90012264 -64805.88920821 192017.91693085 -75815.10026693
-17209.63780785 17563.90012264 0.00000000 -80187.05936151 -75815.10026693 146150.44375501
10	11	53
6985.00000000 0.00000000 0.00000000 0.00000000 34860.15801978 -26594.78835058
0.00000000 6985.00000000 0.00000000 -34860.15801978 0.00000000 24791.91255355
0.00000000 0.00000000 6985.00000000 26594.78835058 -24791.91255355 0.00000000
0.00000000 -34860.15801978 26594.78835058 288925.24407448 -95123.87045362 -121141.38276111
34860.15801978 0.00000000 -24791.91255355 -95123.87045362 287356.44900464 -129470.68537286
-26594.78835058 24791.91255355 0.00000000 -121141.38276111 -129470.68537286 215845.53751714
9	10	53
5443.00000000 0.00000000 0.00000000 0.00000000 33432.39929414 -26544.63664222
0.00000000 5443.00000000 0.00000000 -33432.39929414 0.00000000 20237.19635162
0.00000000 0.00000000 5443.00000000 26544.63664222 -20237.19635162 0.00000000
0.00000000 -33432.39929414 26544.63664222 348723.56247074 -94364.76091157 -122585.38720055
33432.39929414 0.00000000 -20237.19635162 -94364.76091157 303308.36475298 -162311.45133161
-26544.63664222 20237.19635162 0.00000000 -122585.38720055 -162311.45133161 225276.31337490
12	14	53
3545.00000000 0.00000000 0.00000000 0.00000000 10594.06379464 -16213.31622839
0.00000000 3545.00000000 0.00000000 -10594.06379464 0.00000000 11600.06731534
0.00000000 0.00000000 3545.00000000 16213.31622839 -11600.06731534 0.00000000
0.00000000 -10594.06379464 16213.31622839 112974.51616322 -53081.62483959 -38731.47431616
10594.06379464 0.00000000 -11600.06731534 -53081.62483959 80000.14988732 -47731.31737475
-16213.31622839 11600.06731534 0.00000000 -38731.47431616 -47731.31737475 119142.15903822
14	15	53
1859.00000000 0.00000000 0.00000000 0.00000000 5547.59651470 -8341.42527246
0.00000000 1859.00000000 0.00000000 -5547.59651470 0.00000000 8164.97049832
0.00000000 0.00000000 1859.00000000 8341.42527246 -8164.97049832 0.00000000
0.00000000 -5547.59651470 8341.42527246 55194.74444924 -36565.57375203 -24845.76362114
5547.59651470 0.00000000 -8164.97049832 -36565.57375203 54957.82442094 -24991.45973504
-8341.42527246 8164.97049832 0.00000000 -24845.76362114 -24991.45973504 76608.45325023
13	14	53
5349.00000000 0.00000000 0.00000000 0.00000000 22567.22982156 -21557.08008075
0.00000000 5349.00000000 0.00000000 -22567.22982156 0.00000000 22045.48023105
0.00000000 0.00000000 5349.00000000 21557.08008075 -22045.48023105 0.00000000
0.00000000 -22567.22982156 21557.08008075 204316.71383808 -88468.47730988 -97587.43182270
22567.22982156 0.00000000 -22045.48023105 -88468.47730988 207141.36194143 -84236.63549082
-21557.08008075 22045.48023105 0.00000000 -97587.43182270 -84236.63549082 192253.39692695
10	12	53
2574.00000000 0.00000000 0.00000000 0.00000000 10268.03852713 -10676.79419756
0.00000000 2574.00000000 0.00000000 -10268.03852713 0.00000000 7789.08704829
0.00000000 0.00000000 2574.00000000 10676.79419756 -7789.08704829 0.00000000
0.00000000 -10268.03852713 10676.79419756 88320.67198456 -32520.75252773 -30318.90978434
10268.03852713 0.00000000 -7789.08704829 -32520.75252773 68842.40415916 -42313.63456968
-10676.79419756 7789.08704829 0.00000000 -30318.90978434 -42313.63456968 73510.69960584
12	15	53
3014.00000000 0.00000000 0.00000000 0.00000000 8289.11348510 -14613.97616053
0.00000000 3014.00000000 0.00000000 -8289.11348510 0.00000000 11117.25750220
0.00000000 0.00000000 3014.00000000 14613.97616053 -11117.25750220 0.00000000
0.00000000 -8289.11348510 14613.97616053 96853.09073003 -52986.26403060 -32253.17244400
8289.11348510 0.00000000 -11117.25750220 -52986.26403060 70389.13306765 -40112.34819104
-14613.97616053 11117.25750220 0.00000000 -32253.17244400 -40112.34819104 120149.87699258
9	11	53
5401.00000000 0.00000000 0.00000000 0.00000000 26713.52547443 -19867.80130661
0.00000000 5401.00000000 0.00000000 -26713.52547443 0.00000000 19850.75608099
0.00000000 0.00000000 5401.00000000 19867.80130661 -19850.75608099 0.00000000
0.00000000 -26713.52547443 19867.80130661 215656.12639456 -71324.09154781 -96688.95964301
26713.52547443 0.00000000 -19850.75608099 -71324.09154781 223687.36271229 -96087.24344510
-19867.80130661 19850.75608099 0.00000000 -96688.95964301 -96087.24344510 164459.40425645
13	15	53
1379.00000000 0.00000000 0.00000000 0.00000000 4339.89803362 -6387.80500293
0.00000000 1379.00000000 0.00000000 -4339.89803362 0.00000000 6963.74795508
0.00000000 0.00000000 1379.00000000 6387.80500293 -6963.74795508 0.00000000
0.00000000 -4339.89803362 6387.80500293 44397.04324623 -32138.94657610 -21942.09080399
4339.89803362 0.00000000 -6963.74795508 -32138.94657610 49416.81971242 -20198.03058616
-6387.80500293 6963.74795508 0.00000000 -21942.09080399 -20198.03058616 66327.49489998
12	16	53
1462.00000000 0.00000000 0.00000000 0.00000000 3684.74547434 -5890.76752496
0.00000000 1462.00000000 0.00000000 -3684.74547434 0.00000000 6230.40365291
0.00000000 0.00000000 1462.00000000 5890.76752496 -6230.40365291 0.00000000
0.00000000 -3684.74547434 5890.76752496 34030.20096026 -25065.32142434 -15562.12213957
3684.74547434 0.00000000 -6230.40365291 -25065.32142434 36719.32211474 -14985.82606143
-5890.76752496 6230.40365291 0.00000000 -15562.12213957 -14985.82606143 51851.67679412
9	12	53
2101.00000000 0.00000000 0.00000000 0.00000000 8207.53552306 -8071.96893620
0.00000000 2101.00000000 0.00000000 -8207.53552306 0.00000000 6330.97519076
0.00000000 0.00000000 2101.00000000 8071.96893620 -6330.97519076 0.00000000
0.00000000 -8207.53552306 8071.96893620 65539.18328148 -23864.79355308 -23535.50693841
8207.53552306 0.00000000 -6330.97519076 -23864.79355308 56170.32267213 -31338.18778674
-8071.96893620 6330.97519076 0.00000000 -23535.50693841 -31338.18778674 55870.40680865
11	15	53
3759.00000000 0.00000000 0.00000000 0.00000000 9316.51689175 -18578.40782881
0.00000000 3759.00000000 0.00000000 -9316.51689175 0.00000000 12040.90400432
0.00000000 0.00000000 3759.00000000 18578.40782881 -12040.90400432 0.00000000
0.00000000 -9316.51689175 18578.40782881 119991.12066592 -57791.12558796 -33142.86219008
9316.51689175 0.00000000 -12040.90400432 -57791.12558796 72600.76604569 -45535.26817470
-18578.40782881 12040.90400432 0.00000000 -33142.86219008 -45535.26817470 142796.18720643
10	15	53
2969.00000000 0.00000000 0.00000000 0.00000000 6957.39034536 -14954.17858577
0.00000000 2969.00000000 0.00000000 -6957.39034536 0.00000000 8219.96509331
0.00000000 0.00000000 2969.00000000 14954.17858577 -8219.96509331 0.00000000
0.00000000 -6957.39034536 14954.17858577 95208.13570637 -40942.48234247 -21074.29872216
6957.39034536 0.00000000 -8219.96509331 -40942.48234247 44432.58167899 -34866.38238354
-14954.17858577 8219.96509331 0.00000000 -21074.29872216 -34866.38238354 104432.03011650
11	16	53
3942.00000000 0.00000000 0.00000000 0.00000000 8551.63608256 -15649.94075274
0.00000000 3942.00000000 0.00000000 -8551.63608256 0.00000000 11337.82740305
0.00000000 0.00000000 3942.00000000 15649.94075274 -11337.82740305 0.00000000
0.00000000 -8551.63608256 15649.94075274 85089.05688763 -45448.60076140 -25630.19349076
8551.63608256 0.00000000 -11337.82740305 -45448.60076140 60249.75074433 -33969.22804814
-15649.94075274 11337.82740305 0.00000000 -25630.19349076 -33969.22804814 103477.19364558
10	16	53
3369.00000000 0.00000000 0.00000000 0.00000000 6952.58877805 -13590.12001586
0.00000000 3369.00000000 0.00000000 -6952.58877805 0.00000000 10590.96977988
0.00000000 0.00000000 3369.00000000 13590.12001586 -10590.96977988 0.00000000
0.00000000 -6952.58877805 13590.12001586 72839.37091122 -42683.17072577 -23412.01503442
6952.58877805 0.00000000 -10590.96977988 -42683.17072577 54411.32267540 -28076.32500483
-13590.12001586 10590.96977988 0.00000000 -23412.01503442 -28076.32500483 94690.05872505
11	17	53
3112.00000000 0.00000000 0.00000000 0.00000000 8373.12281018 -11562.55218196
0.00000000 3112.00000000 0.00000000 -8373.12281018 0.00000000 12298.82155907
0.00000000 0.00000000 3112.00000000 11562.55218196 -12298.82155907 0.00000000
0.00000000 -8373.12281018 11562.55218196 69515.03381883 -46168.92474479 -33433.35022856
8373.12281018 0.00000000 -12298.82155907 -46168.92474479 76322.14830099 -30669.82083136
-11562.55218196 12298.82155907 0.00000000 -33433.35022856 -30669.82083136 97140.62738976
10	17	53
2868.00000000 0.00000000 0.00000000 0.00000000 7002.07444078 -10864.60821557
0.00000000 2868.00000000 0.00000000 -7002.07444078 0.00000000 11142.57479304
0.00000000 0.00000000 2868.00000000 10864.60821557 -11142.57479304 0.00000000
0.00000000 -7002.07444078 10864.60821557 61967.92168921 -41635.95639366 -27375.74806326
7002.07444078 0.00000000 -11142.57479304 -41635.95639366 65697.33976136 -26698.14073547
-10864.60821557 11142.57479304 0.00000000 -27375.74806326 -26698.14073547 91603.40695678
9	15	53
2513.00000000 0.00000000 0.00000000 0.00000000 5681.62367502 -12087.06222320
0.00000000 2513.00000000 0.00000000 -5681.62367502 0.00000000 6729.30378211
0.00000000 0.00000000 2513.00000000 12087.06222320 -6729.30378211 0.00000000
0.00000000 -5681.62367502 12087.06222320 73868.69317562 -31341.40675592 -16576.56049121
5681.62367502 0.00000000 -6729.30378211 -31341.40675592 35365.41525188 -26945.93484149
-12087.06222320 6729.30378211 0.00000000 -16576.56049121 -26945.93484149 81584.68724524
11	18	53
3153.00000000 0.00000000 0.00000000 0.00000000 8733.12676847 -16112.89994740
0.00000000 3153.00000000 0.00000000 -8733.12676847 0.00000000 12635.23803866
0.00000000 0.00000000 3153.00000000 16112.89994740 -12635.23803866 0.00000000
0.00000000 -8733.12676847 16112.89994740 109584.12494417 -64551.38890153 -34228.04969738
8733.12676847 0.00000000 -12635.23803866 -64551.38890153 81747.60417294 -44616.21946976
-16112.89994740 12635.23803866 0.00000000 -34228.04969738 -44616.21946976 138650.10472556
9	16	53
2837.00000000 0.00000000 0.00000000 0.00000000 5853.03272787 -11093.23234296
0.00000000 2837.00000000 0.00000000 -5853.03272787 0.00000000 9087.79614043
0.00000000 0.00000000 2837.00000000 11093.23234296 -9087.79614043 0.00000000
0.00000000 -5853.03272787 11093.23234296 58497.87790248 -35379.45159729 -19874.22371658
5853.03272787 0.00000000 -9087.79614043 -35379.45159729 46032.91770200 -22693.04037532
-11093.23234296 9087.79614043 0.00000000 -19874.22371658 -22693.04037532 77056.83503870
15	19	53
1548.00000000 0.00000000 0.00000000 0.00000000 5300.72844529 -8165.82902598
0.00000000 1548.00000000 0.00000000 -5300.72844529 0.00000000 8300.08044386
0.00000000 0.00000000 1548.00000000 8165.82902598 -8300.08044386 0.00000000
0.00000000 -5300.72844529 8165.82902598 62685.57320399 -43681.62713822 -28309.39524075
5300.72844529 0.00000000 -8300.08044386 -43681.62713822 63495.01225854 -27946.26625065
-8165.82902598 8300.08044386 0.00000000 -28309.39524075 -27946.26625065 89052.64230503
9	17	53
2163.00000000 0.00000000 0.00000000 0.00000000 5068.68218869 -8489.95509291
0.00000000 2163.00000000 0.00000000 -5068.68218869 0.00000000 8734.13028777
0.00000000 0.00000000 2163.00000000 8489.95509291 -8734.13028777 0.00000000
0.00000000 -5068.68218869 8489.95509291 47073.12535367 -34260.16815297 -20961.50527502
5068.68218869 0.00000000 -8734.13028777 -34260.16815297 50471.48453192 -19774.68569451
-8489.95509291 8734.13028777 0.00000000 -20961.50527502 -19774.68569451 72479.52808674
11	19	53
4492.00000000 0.00000000 0.00000000 0.00000000 14798.33283818 -22883.95448804
0.00000000 4492.00000000 0.00000000 -14798.33283818 0.00000000 18319.77606404
0.00000000 0.00000000 4492.00000000 22883.95448804 -18319.77606404 0.00000000
0.00000000 -14798.33283818 22883.95448804 171200.02399909 -93755.29127509 -60665.40869133
14798.33283818 0.00000000 -18319.77606404 -93755.29127509 133866.33713318 -74491.28645429
-22883.95448804 18319.77606404 0.00000000 -60665.40869133 -74491.28645429 201531.30304508
10	19	53
3865.00000000 0.00000000 0.00000000 0.00000000 11987.23195815 -19415.51750565
0.00000000 3865.00000000 0.00000000 -11987.23195815 0.00000000 16071.36659491
0.00000000 0.00000000 3865.00000000 19415.51750565 -16071.36659491 0.00000000
0.00000000 -11987.23195815 19415.51750565 140018.82189756 -79865.35861863 -50639.74044625
11987.23195815 0.00000000 -16071.36659491 -79865.35861863 112722.36010632 -59451.43160707
-19415.51750565 16071.36659491 0.00000000 -50639.74044625 -59451.43160707 175539.03144704
11	20	53
3964.00000000 0.00000000 0.00000000 0.00000000 14366.91481841 -16058.66535997
0.00000000 3964.00000000 0.00000000 -14366.91481841 0.00000000 17337.71496606
0.00000000 0.00000000 3964.00000000 16058.66535997 -17337.71496606 0.00000000
0.00000000 -14366.91481841 16058.66535997 122975.37024426 -69952.14420936 -63933.07437259
14366.91481841 0.00000000 -17337.71496606 -69952.14420936 136930.40448810 -56932.09828110
-16058.66535997 17337.71496606 0.00000000 -63933.07437259 -56932.09828110 150804.22054849
10	20	53
3579.00000000 0.00000000 0.00000000 0.00000000 12327.03992856 -15063.50667500
0.00000000 3579.00000000 0.00000000 -12327.03992856 0.00000000 15934.07764685
0.00000000 0.00000000 3579.00000000 15063.50667500 -15934.07764685 0.00000000
0.00000000 -12327.03992856 15063.50667500 110389.46678064 -66307.59533332 -56499.98866841
12327.03992856 0.00000000 -15934.07764685 -66307.59533332 120994.39675170 -51249.01719833
-15063.50667500 15934.07764685 0.00000000 -56499.98866841 -51249.01719833 143259.65894954
10	21	53
3434.00000000 0.00000000 0.00000000 0.00000000 11923.70438659 -13653.32389820
0.00000000 3434.00000000 0.00000000 -11923.70438659 0.00000000 16854.88979864
0.00000000 0.00000000 3434.00000000 13653.32389820 -16854.88979864 0.00000000
0.00000000 -11923.70438659 13653.32389820 101544.08920940 -65177.92548859 -60409.37375446
11923.70438659 0.00000000 -16854.88979864 -65177.92548859 130735.93981595 -45746.58740874
-13653.32389820 16854.88979864 0.00000000 -60409.37375446 -45746.58740874 145139.53608326
11	21	53
3948.00000000 0.00000000 0.00000000 0.00000000 14568.41883838 -14954.12353969
0.00000000 3948.00000000 0.00000000 -14568.41883838 0.00000000 18705.41746688
0.00000000 0.00000000 3948.00000000 14954.12353969 -18705.41746688 0.00000000
0.00000000 -14568.41883838 14954.12353969 117793.54996888 -69450.65674091 -70401.56317661
14568.41883838 0.00000000 -18705.41746688 -69450.65674091 151163.63921722 -52909.33661430
-14954.12353969 18705.41746688 0.00000000 -70401.56317661 -52909.33661430 155127.94970433
9	20	53
2917.00000000 0.00000000 0.00000000 0.00000000 10115.14239562 -12283.90051556
0.00000000 2917.00000000 0.00000000 -10115.14239562 0.00000000 13941.53034782
0.00000000 0.00000000 2917.00000000 12283.90051556 -13941.53034782 0.00000000
0.00000000 -10115.14239562 12283.90051556 90521.80317891 -58352.90976521 -49824.13997732
10115.14239562 0.00000000 -13941.53034782 -58352.90976521 106907.24768189 -41901.72021651
-12283.90051556 13941.53034782 0.00000000 -49824.13997732 -41901.72021651 124072.59096540
9	21	53
2692.00000000 0.00000000 0.00000000 0.00000000 9509.90589511 -10421.62133336
0.00000000 2692.00000000 0.00000000 -9509.90589511 0.00000000 14036.62238884
0.00000000 0.00000000 2692.00000000 10421.62133336 -14036.62238884 0.00000000
0.00000000 -9509.90589511 10421.62133336 78821.18517984 -53006.32248711 -51073.40924409
9509.90589511 0.00000000 -14036.62238884 -53006.32248711 111614.83839668 -35045.01479865
-10421.62133336 14036.62238884 0.00000000 -51073.40924409 -35045.01479865 119444.45572738
10	22	53
3418.00000000 0.00000000 0.00000000 0.00000000 14193.76035881 -10430.70245258
0.00000000 3418.00000000 0.00000000 -14193.76035881 0.00000000 19377.32527208
0.00000000 0.00000000 3418.00000000 10430.70245258 -19377.32527208 0.00000000
0.00000000 -14193.76035881 10430.70245258 103291.95033818 -56520.49168865 -82588.33814299
14193.76035881 0.00000000 -19377.32527208 -56520.49168865 175219.15349251 -40047.22409704
-10430.70245258 19377.32527208 0.00000000 -82588.33814299 -40047.22409704 154845.99038992
11	22	53
3578.00000000 0.00000000 0.00000000 0.00000000 15176.92660499 -11904.76047963
0.00000000 3578.00000000 0.00000000 -15176.92660499 0.00000000 19047.50817752
0.00000000 0.00000000 3578.00000000 11904.76047963 -19047.50817752 0.00000000
0.00000000 -15176.92660499 11904.76047963 112470.64867740 -61930.81541750 -82538.76514032
15176.92660499 0.00000000 -19047.50817752 -61930.81541750 174102.86151846 -47409.94965174
-11904.76047963 19047.50817752 0.00000000 -82538.76514032 -47409.94965174 151080.08121437
10	23	53
3754.00000000 0.00000000 0.00000000 0.00000000 21580.39806557 -12748.91952527
0.00000000 3754.00000000 0.00000000 -21580.39806557 0.00000000 21459.47963810
0.00000000 0.00000000 3754.00000000 12748.91952527 -21459.47963810 0.00000000
0.00000000 -21580.39806557 12748.91952527 182411.54419141 -72674.91541179 -126699.94165321
21580.39806557 0.00000000 -21459.47963810 -72674.91541179 257799.20889766 -70523.39399108
-12748.91952527 21459.47963810 0.00000000 -126699.94165321 -70523.39399108 178407.45585957
11	24	53
1946.00000000 0.00000000 0.00000000 0.00000000 7355.62687552 -7209.93654764
0.00000000 1946.00000000 0.00000000 -7355.62687552 0.00000000 10026.45294666
0.00000000 0.00000000 1946.00000000 7209.93654764 -10026.45294666 0.00000000
0.00000000 -7355.62687552 7209.93654764 58890.02641762 -36356.71433456 -38763.18940468
7355.62687552 0.00000000 -10026.45294666 -36356.71433456 83895.89891979 -25775.68638059
-7209.93654764 10026.45294666 0.00000000 -38763.18940468 -25775.68638059 81673.50966678
10	25	53
2584.00000000 0.00000000 0.00000000 0.00000000 6974.62267542 -9981.97851378
0.00000000 2584.00000000 0.00000000 -6974.62267542 0.00000000 15118.93492293
0.00000000 0.00000000 2584.00000000 9981.97851378 -15118.93492293 0.00000000
0.00000000 -6974.62267542 9981.97851378 64773.37318101 -59708.62225111 -41288.94567763
6974.62267542 0.00000000 -15118.93492293 -59708.62225111 113063.00438489 -24440.56933328
-9981.97851378 15118.93492293 0.00000000 -41288.94567763 -24440.56933328 134158.20812140
9	25	53
1930.00000000 0.00000000 0.00000000 0.00000000 5840.48426187 -6938.74184197
0.00000000 1930.00000000 0.00000000 -5840.48426187 0.00000000 11564.02699709
0.00000000 0.00000000 1930.00000000 6938.74184197 -11564.02699709 0.00000000
0.00000000 -5840.48426187 6938.74184197 48331.06502134 -43120.70790597 -34882.86265595
5840.48426187 0.00000000 -11564.02699709 -43120.70790597 91858.87562468 -18847.94351054
-6938.74184197 11564.02699709 0.00000000 -34882.86265595 -18847.94351054 100309.84132365
11	25	53
3015.00000000 0.00000000 0.00000000 0.00000000 8566.46756071 -10582.36075088
0.00000000 3015.00000000 0.00000000 -8566.46756071 0.00000000 15436.09222484
0.00000000 0.00000000 3015.00000000 10582.36075088 -15436.09222484 0.00000000
0.00000000 -8566.46756071 10582.36075088 68819.90587216 -55052.01019778 -44497.86309107
8566.46756071 0.00000000 -15436.09222484 -55052.01019778 112098.04418135 -27723.63352845
-10582.36075088 15436.09222484 0.00000000 -44497.86309107 -27723.63352845 125136.39455977
9	26	53
3843.00000000 0.00000000 0.00000000 0.00000000 20824.21986270 -11894.76320219
0.00000000 3843.00000000 0.00000000 -20824.21986270 0.00000000 17551.71414593
0.00000000 0.00000000 3843.00000000 11894.76320219 -17551.71414593 0.00000000
0.00000000 -20824.21986270 11894.76320219 165628.55929314 -59189.21855653 -94001.46249432
20824.21986270 0.00000000 -17551.71414593 -59189.21855653 216083.58565065 -59302.13347815
-11894.76320219 17551.71414593 0.00000000 -94001.46249432 -59302.13347815 135428.55774414
8	52	53
5251.00000000 0.00000000 0.00000000 0.00000000 27524.00282955 -18709.01581454
0.00000000 5251.00000000 0.00000000 -27524.00282955 0.00000000 19996.56637754
0.00000000 0.00000000 5251.00000000 18709.01581454 -19996.56637754 0.00000000
0.00000000 -27524.00282955 18709.01581454 221183.19826292 -68387.59314535 -101806.89818062
27524.00282955 0.00000000 -19996.56637754 -68387.59314535 246968.88984766 -96226.49443713
-18709.01581454 19996.56637754 0.00000000 -101806.89818062 -96226.49443713 167704.38354498
13	52	53
2320.00000000 0.00000000 0.00000000 0.00000000 14171.69903040 -6376.25490209
0.00000000 2320.00000000 0.00000000 -14171.69903040 0.00000000 12510.62260270
0.00000000 0.00000000 2320.00000000 6376.25490209 -12510.62260270 0.00000000
0.00000000 -14171.69903040 6376.25490209 108998.60675636 -33916.52426588 -76500.68677941
14171.69903040 0.00000000 -12510.62260270 -33916.52426588 157616.97385565 -37641.87724438
-6376.25490209 12510.62260270 0.00000000 -76500.68677941 -37641.87724438 89702.35084664
9	52	53
3192.00000000 0.00000000 0.00000000 0.00000000 17482.38646269 -11146.76241693
0.00000000 3192.00000000 0.00000000 -17482.38646269 0.00000000 7896.13996246
0.00000000 0.00000000 3192.00000000 11146.76241693 -7896.13996246 0.00000000
0.00000000 -17482.38646269 11146.76241693 140972.38043974 -26401.51596433 -41817.00777331
17482.38646269 0.00000000 -7896.13996246 -26401.51596433 126550.33670419 -60766.75934282
-11146.76241693 7896.13996246 0.00000000 -41817.00777331 -60766.75934282 69339.30245307
16	17	53
