4	5	53
  0.943456 -0.0808553  -0.321485   0.191343
-0.0506213   0.923284  -0.380768   0.209051
  0.327609   0.375512   0.866985   -1.23491
        -0          0          0          1
5	6	53
  0.685758  0.0479386  -0.726249    0.49498
  0.177524   0.956675   0.230776 -0.0163367
  0.705847  -0.287183   0.647538  -0.933123
         0          0          0          1
3	4	53
  0.937564  0.0531126  -0.343733 -0.0715038
 -0.187149   0.910048  -0.369848   0.329987
   0.29317   0.411086   0.863169   -1.23086
         0          0          0          1
2	3	53
 0.724173  0.371066 -0.581278 -0.418887
-0.220142  0.923185  0.315067  0.592399
 0.653537 -0.100199  0.750233 -0.804268
        0         0         0         1
1	2	53
  0.966209 -0.0822832   0.244274 -0.0874229
 0.0756066   0.996466  0.0366006  -0.155992
 -0.246423  -0.016895   0.969015    1.23769
         0          0          0          1
6	7	53
 0.841262  0.360941 -0.402492 -0.245502
-0.0356086  0.779867  0.624932  0.555586
 0.539454   -0.5114  0.668925 -0.250826
        0         0         0         1
1	3	53
 0.877459  0.258089 -0.404298 -0.737361
-0.140692   0.94431  0.297464  0.373206
 0.458554 -0.204131  0.864904   0.55156
        0         0         0         1
0	1	53
  0.997097  0.0223331 -0.0727897  -0.256677
-0.0164794   0.996655  0.0800497  -0.643476
 0.0743339 -0.0786178    0.99413   0.377353
         0          0          0          1
0	2	53
   0.98303 -0.0585604   0.173848  -0.437421
 0.0397051   0.993136   0.110022  -0.698429
 -0.179098  -0.101252   0.978607    1.61355
         0          0          0          1
6	8	53
 0.803483  0.446164 -0.394148 -0.613789
-0.0392114  0.700293  0.712778  0.323795
 0.594035 -0.557249  0.580168  -0.60082
        0         0         0         1
7	8	53
   0.99779  0.0497944 -0.0439891  -0.490377
-0.0443589   0.992151    0.11691  -0.134709
 0.0494653    -0.1147   0.992168  -0.230741
         0          0          0          1
0	3	53
 0.838391  0.293288 -0.459437  -1.02371
-0.117974  0.920557  0.372367 -0.215215
 0.532148 -0.257988  0.806387  0.841523
        0         0         0         1
7	9	53
  0.961121   0.163852  -0.222256   -1.07022
 -0.184351   0.980016 -0.0747157  -0.142512
  0.205573   0.112784   0.972121  -0.587831
        -0          0          0          1
6	12	53
  0.915908  -0.158806   0.368637   -1.76975
 0.0264375   0.940278   0.339378 -0.0549984
 -0.400517  -0.301093   0.865407    2.09561
        -0         -0         -0          1
4	13	53
  0.998061 -0.0205125  0.0587744   -2.13619
0.00950605   0.983299   0.181751    0.67458
 -0.061521   -0.18084   0.981587   -0.95844
        -0         -0         -0          1
5	13	53
  0.92099 -0.128373  0.367828  -2.12891
-0.0950236  0.841615  0.531653  0.721826
-0.377819 -0.524599  0.762921  0.810702
       -0        -0        -0         1
6	13	53
  0.348025  -0.308913   0.885128   -0.43744
 0.0617476   0.949654   0.307154  0.0795989
  -0.93545 -0.0522428   0.349578    3.20514
        -0         -0         -0          1
6	14	53
-0.0777999   -0.13614    0.98763 -0.0357287
 0.0656656   0.987782   0.141334   -0.14629
 -0.994804   0.075849 -0.0679096    3.44105
         0          0          0          1
4	14	53
  0.879668 -0.0649435   0.471134   -2.20196
 0.0726248   0.997358 0.00188101   0.395607
 -0.470011  0.0325614    0.88206  -0.527279
        -0         -0          0          1
5	14	53
 0.672271 -0.101092   0.73337   -2.0356
-0.180567  0.938323  0.294867   0.63148
-0.717946 -0.330653  0.612553   1.31188
       -0        -0        -0         1
3	14	53
   0.99016 -0.0191089   0.138626   -1.93373
 0.0752963   0.907755  -0.412689    1.29712
 -0.117952   0.419066   0.900262   -2.16891
         0          0          0          1
0	43	53
  0.963277   -0.17118   0.206871    1.04813
 0.0581164   0.885092   0.461774 -0.0291581
 -0.262146  -0.432794   0.862536    0.99157
         0          0          0          1
1	44	53
  0.949493  -0.114462   0.292166   0.899586
 0.0920405   0.991733  0.0894135   0.474975
 -0.299985 -0.0580064   0.952179   0.779244
        -0         -0         -0          1
2	44	53
  0.998291 -0.0213182  0.0544153    1.11433
 0.0186561   0.998626  0.0489701   0.555268
-0.0553844 -0.0478712   0.997317   -0.18005
        -0         -0         -0          1
0	44	53
  0.970628 -0.0877587   0.224006   0.594184
 0.0520717   0.985658   0.160521  -0.122537
  -0.23488  -0.144142   0.961277    1.18155
         0          0          0          1
4	45	53
   0.88939  -0.125079   0.439705   0.642048
  0.069809   0.987721   0.139766  0.0424152
 -0.451788 -0.0936111   0.887201  -0.865716
        -0         -0         -0          1
3	45	53
  0.992862 -0.0326321   0.114715   0.830286
 0.0641743   0.956904  -0.283226   0.568612
 -0.100529   0.288566   0.952168   -1.77245
         0          0          0          1
2	45	53
 0.801252  0.163706 -0.575496   1.42366
   -0.191    0.9815 0.0132732   0.37611
 0.567022 0.0992844  0.817697  -1.64837
       -0         0         0         1
1	45	53
    0.928402     0.101666    -0.357399      0.85453
   -0.108992     0.994043 -0.000356801     0.266096
    0.355233    0.0392847     0.933952     -0.71678
          -0            0            0            1
0	45	53
  0.897416   0.120712  -0.424351    0.65349
-0.0954902   0.992187  0.0802967  -0.449731
  0.430728 -0.0315381   0.901931  -0.292619
         0          0          0          1
0	46	53
   0.99858   0.016144 -0.0507688   0.965101
-0.0115306   0.995885  0.0898859  -0.748603
 0.0520111 -0.0891728   0.994657   0.759809
         0          0          0          1
6	52	53
  0.997466  0.0185155 -0.0686985   -1.24319
-0.0046863   0.980546   0.196233    0.59243
 0.0709954  -0.195414   0.978148   -1.84436
         0          0          0          1
7	52	53
 0.877595 -0.124756  0.462885  -1.70027
 0.320065  0.871312 -0.371985  0.483558
 -0.35691  0.474606   0.80459 -0.641367
        0         0         0         1
15	16	53
   0.751881    0.309884   -0.581934   -0.216913
  -0.243163     0.95077    0.192117    0.993942
   0.612819 -0.00294408    0.790218    -1.07818
          0           0           0           1
12	13	53
 0.695055 -0.236905  0.678804  0.779448
 0.284449  0.957727 0.0429913 -0.419094
-0.660294  0.163204   0.73306   1.49702
       -0        -0         0         1
11	12	53
 0.722404 -0.273575   0.63505  0.803439
  0.28594  0.954392 0.0858725 -0.596035
 -0.62958  0.119551  0.767683    1.5149
        0         0         0         1
8	9	53
  0.977344   0.125596  -0.170365  -0.595881
 -0.158625   0.967547  -0.196699 0.00434385
  0.140131   0.219266   0.965549  -0.329698
        -0          0          0          1
10	11	53
  0.972309 -0.0966407   0.212783  -0.187845
   0.04637   0.972169   0.229648  0.0126452
 -0.229054  -0.213422   0.949729    1.58308
         0          0          0          1
9	10	53
  0.965205 -0.0518849   0.256296   0.200215
   0.15517    0.90255  -0.401654  -0.392628
  -0.21048   0.427448   0.879196 -0.0849128
         0          0          0          1
12	14	53
   0.328914   -0.128956    0.935514     1.04692
   0.373628    0.927572 -0.00350139   -0.766318
  -0.867305    0.350686    0.353273      1.7726
          0           0           0           1
14	15	53
   0.720788     0.25565   -0.644289  -0.0727952
 -0.0946531    0.957096    0.273878 -0.00881825
   0.686662   -0.136424    0.714061    -1.21597
          0           0           0           1
13	14	53
  0.907567 -0.0573398   0.415973 -0.0948262
  0.138364   0.976144  -0.167326  -0.350935
 -0.396455   0.209415    0.89385   0.368653
         0          0          0          1
10	12	53
  0.540803  -0.332794   0.772516    0.97329
  0.166898   0.942599   0.289227  -0.181653
 -0.824425 -0.0274835   0.565303      2.965
         0          0          0          1
12	15	53
 0.891666 -0.166963   0.42078 -0.113441
 0.179105  0.983771 0.0108168 -0.797439
-0.415757 0.0657187  0.907098   1.40308
        0         0         0         1
9	11	53
 0.877365 -0.198418  0.436876  0.423987
 0.284725  0.948157 -0.141176  -1.04621
-0.386215  0.248252  0.888374   1.35187
        0         0         0         1
13	15	53
  0.945224   0.120391  -0.303409  -0.666197
  -0.10756   0.992463  0.0587166  -0.166152
  0.308192 -0.0228657    0.95105  -0.691228
         0          0          0          1
12	16	53
  0.968887   0.116331  -0.218459  -0.926482
-0.0979221   0.990809  0.0933191    0.12986
  0.227307 -0.0690237   0.971374   0.580567
         0          0          0          1
9	12	53
 0.302029 -0.377165  0.875514   1.90898
 0.565684  0.810142  0.153857  -1.59646
 -0.76732  0.448795  0.458042    2.2394
        0         0         0         1
11	15	53
 0.331118 -0.348015  0.877067   1.83067
 0.390197  0.896805  0.208536  -1.26906
-0.859132  0.273179  0.432743    2.5681
        0         0         0         1
10	15	53
 0.101432 -0.366918  0.924707   2.26122
 0.197393  0.918443   0.34278 -0.546444
-0.975063  0.147762  0.165586    3.8736
        0         0         0         1
11	16	53
   0.871069   -0.230856    0.433526    0.467307
   0.203107    0.972957    0.110011   -0.687161
  -0.447199 -0.00777539    0.894401     2.55941
          0           0           0           1
10	16	53
  0.732163  -0.320145   0.601202   0.877526
  0.135147   0.933388   0.332449 -0.0459602
 -0.667587  -0.162156   0.726659    4.05344
         0          0          0          1
11	17	53
   0.95595   0.135228  -0.260524  -0.403489
 -0.121381   0.990232  0.0686024  -0.109812
  0.267256 -0.0339578   0.963027    1.12767
         0          0          0          1
10	17	53
 0.998076 0.0285608 -0.055024 -0.329601
-0.0123008  0.961145   0.27577  0.146146
0.0607622 -0.274563  0.959648   2.76992
        0         0         0         1
9	15	53
-0.162244 -0.363933  0.917186    3.4039
 0.585534  0.712657  0.386355  -2.09079
-0.794246  0.599727 0.0974709   2.61122
        0         0         0         1
11	18	53
  0.910634  0.0155781   -0.41292 0.00359667
 -0.170874   0.924043  -0.341976  -0.135296
  0.376229   0.381972   0.844126 -0.0225955
        -0          0          0          1
9	16	53
 0.528576 -0.398994  0.749274   2.08847
 0.503726  0.857883  0.101475  -1.92602
-0.683277  0.323791   0.65444   3.27451
        0         0         0         1
15	19	53
 0.245898  0.179455 -0.952539   1.37274
-0.357496  0.930223 0.0829634   1.06872
 0.900961  0.320128  0.292894  -2.84931
       -0         0         0         1
9	17	53
  0.979559 -0.0926713   0.178536   0.584419
  0.119364   0.982192  -0.145088   -1.42442
 -0.161912   0.163433   0.973177    2.48223
         0          0          0          1
11	19	53
  0.996038  0.0164635 -0.0873873  -0.585758
-0.0367724   0.971009  -0.236196  -0.369164
 0.0809653   0.238474   0.967768   0.447665
        -0          0          0          1
10	19	53
  0.989239 -0.0270883   0.143783  -0.626451
 0.0290308   0.999513  -0.011429  -0.270601
 -0.143403  0.0154801   0.989543     2.2212
         0          0          0          1
11	20	53
   0.97366   -0.10559   0.202083  -0.992994
 0.0942859   0.993434  0.0647954  -0.714168
 -0.207598 -0.0440351   0.977223    1.53489
         0          0          0          1
10	20	53
 0.893413 -0.208042  0.398161 -0.757726
0.0891359  0.950777   0.29678 -0.375207
-0.440305 -0.229656   0.86798   3.42068
        0         0         0         1
10	21	53
 0.681231 -0.398167  0.614318 -0.539263
 0.145254  0.895987  0.419654 -0.580615
-0.717513 -0.196649  0.668209   4.45527
        0         0         0         1
11	21	53
  0.833452  -0.300552    0.46371   -1.02708
   0.22851   0.951498   0.205995   -1.15578
 -0.503132 -0.0657247   0.861707    2.51679
         0          0          0          1
9	20	53
  0.744853  -0.308994   0.591369   0.365029
  0.395931   0.918084 -0.0189862   -2.22278
 -0.537059   0.248283   0.806178    2.92164
         0          0          0          1
9	21	53
 0.466095 -0.481202  0.742429  0.851711
 0.524998  0.825874  0.205693  -2.78982
-0.712132  0.293901  0.637565   3.69747
        0         0         0         1
10	22	53
  0.388169   -0.53326   0.751638  -0.247968
  0.182858   0.843939   0.504311  -0.767271
 -0.903265 -0.0583148   0.425102    5.13919
        -0         -0         -0          1
11	22	53
 0.592796 -0.466002  0.656837 -0.909164
 0.333033  0.884432   0.32691  -1.51135
-0.733268 0.0249572  0.679481   3.18544
       -0        -0         0         1
10	23	53
0.0797451 -0.261013  0.962036 -0.520992
 0.197784  0.950064   0.24137  -1.29643
-0.976996  0.171028  0.127387   5.39578
        0         0         0         1
11	24	53
 0.310553 -0.396535  0.863896 -0.385641
 0.393078  0.881058  0.263109  -1.87575
-0.865475  0.257869  0.429485   3.99273
        0         0         0         1
10	25	53
 -0.258865  -0.550712   0.793539    1.81024
  0.191653   0.775925   0.601008  -0.444102
 -0.946709   0.307664 -0.0953144    5.66035
         0          0          0          1
9	25	53
  -0.50244  -0.492956   0.710316    3.42123
  0.513057   0.491282   0.703857   -2.78606
 -0.695935   0.718079 0.00607487     4.3208
         0          0          0          1
11	25	53
-0.0259628 -0.569954  0.821266   0.98766
 0.413384  0.741888  0.527935  -1.50731
-0.910186  0.353205  0.216349   4.19257
        0         0         0         1
9	26	53
-0.970164 -0.122158  0.209428   3.39954
  0.14387  0.405217  0.902829  -1.92735
-0.195152  0.906022 -0.375552   2.93798
        0         0         0         1
8	52	53
 0.843804 -0.139654  0.518162  -1.25495
  0.40219  0.803825 -0.438303  0.600267
  -0.3553  0.578241  0.734438 -0.281906
        0         0         0         1
13	52	53
0.280441  0.24979  -0.9268   4.4748
-0.316289 0.935669 0.156474 0.999719
0.906264 0.249255 0.341406 -2.32087
      -0        0        0        1
9	52	53
 0.711101 -0.182967  0.678866 -0.731971
 0.417211  0.886987 -0.197962  0.504287
-0.565925  0.424001  0.707073 0.0412107
        0         0         0         1
16	17	53
    0.688529     0.334101    -0.643665 -0.000988699
   -0.340863       0.9325     0.119403     0.773896
     0.64011     0.137189     0.755935     -1.59455
          -0            0            0            1
20	21	53
  0.937493  -0.189278    0.29203  -0.278669
  0.161161    0.97988   0.117735  -0.478348
 -0.308439 -0.0633113   0.949135   0.924032
        -0         -0         -0          1
16	18	53
  0.59027 0.0304315 -0.806632  0.862831
-0.379403  0.892488 -0.243966  0.664067
 0.712485  0.450045  0.538355  -2.44966
       -0         0         0         1
17	18	53
  0.991811 0.00481482  -0.127624  0.0848321
-0.0588378   0.904153  -0.423138  0.0688744
  0.113354   0.427182   0.897032   -1.21554
        -0          0          0          1
19	20	53
  0.949527  -0.145268   0.278021  -0.304909
 0.0580756   0.952394   0.299286 -0.0824318
 -0.308262  -0.268034   0.912761    1.16926
         0          0          0          1
18	19	53
  0.943771 -0.0612071   0.324884  -0.319799
 0.0124635   0.988601   0.150043 -0.0456584
 -0.330364  -0.137557   0.933776   0.720293
         0          0          0          1
21	22	53
  0.939098  -0.198845   0.280276  -0.319392
  0.186908   0.979952  0.0689824  -0.417717
 -0.288374 -0.0123954   0.957438   0.557615
        -0         -0         -0          1
22	23	53
  0.949608 -0.0820734   0.302505  -0.434507
  0.181367   0.931011  -0.316742  -0.315947
 -0.255639   0.355645    0.89898  -0.362998
         0          0          0          1
16	19	53
 0.823942  0.104914 -0.556878 0.0916627
-0.266349  0.939095  -0.21716  0.568923
 0.500178  0.327251  0.801704  -2.31029
       -0         0         0         1
20	22	53
  0.760807  -0.375519     0.5293  -0.336192
  0.300542   0.926731   0.225488  -0.873483
 -0.575194 -0.0124753   0.817922    1.57824
        -0         -0         -0          1
17	19	53
  0.978265 -0.0383903   0.203774  -0.324494
 0.0955294   0.955653   -0.27857  -0.258375
 -0.184043   0.291981   0.938549  -0.625168
         0          0          0          1
19	21	53
 0.781011 -0.339671  0.524067 -0.243124
 0.115623  0.903292  0.413153 -0.277641
-0.613721 -0.262082  0.744754   2.22679
        0         0         0         1
16	20	53
  0.960112    0.12949  -0.247824  -0.819346
 -0.131425   0.991287 0.00879284   0.318808
  0.246803   0.024128   0.968765   -1.55238
        -0          0          0          1
21	23	53
 0.784062 -0.162524  0.599027 -0.766352
 0.337585  0.921539 -0.191838 -0.833583
-0.520848  0.352635  0.777409  0.339284
        0         0         0         1
18	20	53
 0.792432 -0.282473  0.540611 -0.222644
0.0229954  0.899511  0.436293 0.0444886
-0.609526 -0.333301  0.719297   1.92419
        0         0         0         1
17	20	53
 0.863844 -0.233291  0.446485 -0.381347
  0.23208  0.970948 0.0583054 -0.691999
-0.447116 0.0532537  0.892889  0.504287
       -0        -0         0         1
20	23	53
    0.519051    -0.223812     0.824921    -0.740259
    0.395832     0.918323 8.99136e-005     -1.37872
   -0.757564     0.326483     0.565249      1.53521
          -0           -0            0            1
23	24	53
            1  2.64495e-005 -5.76232e-005     -0.302278
 -1.6602e-005      0.986355      0.164632      0.187245
 6.11914e-005     -0.164632      0.986355       1.10393
            0             0             0             1
22	24	53
 0.949628  -0.13073   0.28481 -0.402977
 0.181332  0.970458 -0.159157 -0.546104
 -0.25559  0.202785  0.945279  0.773281
        0         0         0         1
21	24	53
  0.784101  -0.258904   0.564051  -0.372505
  0.337558   0.940556 -0.0375252   -0.97485
 -0.520807   0.219824   0.824887    1.42096
         0          0          0          1
16	21	53
  0.997406 -0.0391536  0.0604087   -1.37784
 0.0338357   0.995662  0.0866744  -0.110623
-0.0635403 -0.0844056   0.994404  -0.737524
        -0         -0         -0          1
17	21	53
  0.634536  -0.420372   0.648576 -0.0979127
  0.356069   0.903793   0.237428   -1.16725
 -0.685987  0.0802814   0.723171    1.42847
        -0         -0          0          1
19	22	53
  0.518831  -0.494658   0.697228 -0.0584589
  0.158272   0.857071   0.490285   -0.46151
 -0.840098  -0.144024   0.522966    2.94758
         0          0          0          1
20	24	53
  0.519106  -0.356552   0.776788 -0.0284092
  0.395817   0.905788   0.151251   -1.32632
 -0.757534   0.228951   0.611329    2.44933
         0          0          0          1
18	21	53
  0.53063 -0.461006   0.71127  0.191192
0.0319545  0.849438   0.52672 0.0109506
-0.847001 -0.256765  0.465468   2.91813
        0         0         0         1
16	22	53
  0.911924  -0.237447   0.334685   -1.64636
  0.192878   0.967899   0.161152  -0.489004
 -0.362207 -0.0824048   0.928448  -0.127478
        -0         -0         -0          1
17	22	53
 0.330289 -0.546158  0.769818  0.236674
 0.434842  0.811929  0.389466  -1.52611
-0.837748  0.206113  0.505664   2.01728
       -0        -0         0         1
20	25	53
  0.20265 -0.558317  0.804497   1.30197
 0.453492  0.781645  0.428224   -1.1141
-0.867916  0.278053  0.411593   2.94601
        0         0         0         1
21	25	53
 0.530768 -0.483209  0.696272  0.755723
 0.460959  0.853992  0.241277  -1.05016
-0.711198  0.192891  0.676011   2.30587
        0         0         0         1
22	25	53
 0.789691 -0.349788  0.504021  0.387279
 0.354993  0.930564 0.0896097 -0.855215
-0.500368   0.10816   0.85903   1.93155
        0         0         0         1
23	25	53
 0.942194 -0.191038  0.275273 0.0959933
0.0877364   0.93354  0.347571  0.246533
-0.323377 -0.303328  0.896337   2.48216
        0         0         0         1
16	23	53
 0.737346 -0.176881  0.651946  -2.08907
 0.317506  0.942607 -0.103356 -0.937113
-0.596247  0.283206  0.751188 -0.281086
        0         0         0         1
19	23	53
 0.224733 -0.255149  0.940422 -0.380702
 0.180404   0.95932  0.217164 -0.979042
-0.957575  0.120852  0.261621   3.16827
        0         0         0         1
18	22	53
  0.207037  -0.566094   0.797918   0.610898
  0.036883   0.819526   0.571854 -0.0603727
 -0.977638 -0.0889651   0.190551    3.55546
         0          0          0          1
17	23	53
 0.0177943  -0.261805   0.964957 -0.0137246
  0.460624   0.858737   0.224492   -2.11295
 -0.887417   0.440487   0.135874    2.13262
        -0         -0          0          1
17	24	53
0.0178577 -0.417095  0.908688   0.99712
 0.460623  0.810073  0.362778  -1.84357
-0.887416  0.412084   0.20659   2.63334
        0         0         0         1
19	24	53
 0.224795 -0.406484  0.885572  0.541752
 0.180401  0.910482  0.372125 -0.614212
-0.957561 0.0761065  0.278002   3.76917
        0         0         0         1
16	25	53
  0.46838  -0.50374  0.725856 -0.443664
 0.415276  0.850656  0.322382 -0.930795
 -0.77985  0.150433  0.607621   1.59606
       -0        -0         0         1
18	23	53
 -0.110046  -0.260256   0.959248   0.410152
 0.0374708   0.963337   0.265664  -0.542907
  -0.99322  0.0651791 -0.0962594    3.93919
         0          0          0          1
17	25	53
-0.318249 -0.540503  0.778829   2.31861
 0.436744  0.645574  0.626489   -1.2998
-0.841411  0.539528 0.0306079   2.49329
        0         0         0         1
19	25	53
-0.114755  -0.56638  0.816116   1.91224
 0.183917  0.795227  0.577744 -0.186185
 -0.97622  0.216396 0.0129108   3.75553
        0         0         0         1
18	24	53
 -0.109983  -0.414631   0.903319    1.45363
 0.0374711   0.906457   0.420633 -0.0805784
 -0.993227  0.0801108 -0.0841581    4.14536
         0          0          0          1
18	25	53
-0.436718 -0.512903  0.739059   2.71643
0.0339147  0.811572  0.583267  0.357605
-0.898959  0.279788 -0.337033   3.62099
        0         0         0         1
24	25	53
 0.942173 -0.191072  0.275322  0.398355
 0.139802  0.970734   0.19527  -0.16841
-0.304575 -0.145488  0.941312   1.36916
       -0        -0        -0         1
29	30	53
 0.866403  0.196773  -0.45894  0.334544
-0.186316    0.9801 0.0684889  0.183472
 0.463284 0.0261691  0.885823 -0.343482
        0         0         0         1
28	29	53
  0.933171   0.134112  -0.333476  0.0400049
 -0.131724   0.990836  0.0298747 -0.0166806
  0.334426  0.0160484   0.942285  0.0377724
         0          0          0          1
25	26	53
 0.697075 -0.361256  0.619338   1.41382
 0.408794   0.90989 0.0706287 -0.560412
-0.589045  0.203948  0.781941  0.580592
       -0        -0         0         1
29	31	53
 0.813426  0.249156 -0.525603  0.428548
-0.217033  0.968364  0.123161  0.707057
 0.539661 0.0138906  0.841768 -0.168412
        0         0         0         1
30	31	53
  0.995208  0.0418831 -0.0883537  0.0650005
-0.0385307   0.998484  0.0393137   0.536245
 0.0898663  -0.035721   0.995313   0.147799
         0          0          0          1
26	27	53
 0.658138 -0.321684  0.680715   1.50314
 0.379344   0.92266 0.0692574 -0.552936
-0.650348  0.212644  0.729267  0.773397
       -0        -0         0         1
27	28	53
  0.870496  -0.180371   0.457934    0.90802
  0.210288   0.977529 -0.0147121  -0.429906
  -0.44499   0.109105   0.888865   0.831064
         0          0          0          1
28	30	53
 0.629021   0.30634 -0.714485   0.49134
-0.284894   0.94598  0.154778  0.110782
 0.723303  0.106194  0.682316 -0.171061
        0         0         0         1
28	31	53
 0.549995  0.357743 -0.754669    0.5909
-0.306069  0.927085  0.216414  0.622416
 0.777063  0.111954  0.619386 0.0337453
        0         0         0         1
27	29	53
  0.989226 -0.0546247   0.135827    0.96315
 0.0625508   0.996537 -0.0547855  -0.438355
 -0.132364  0.0626913   0.989217   0.845017
         0          0          0          1
31	32	53
 0.988127  0.099257 -0.117276 -0.279165
-0.0658119  0.963179  0.260682 -0.482158
 0.138832 -0.249869  0.958275 -0.216492
        0         0         0         1
29	32	53
   0.7144  0.452052 -0.534117  0.195125
-0.261087  0.880391   0.39591  0.274077
 0.649204 -0.143387  0.746977    -0.508
        0         0         0         1
30	32	53
  0.968369   0.161199  -0.190463  -0.213893
-0.0983273   0.948071   0.302479  0.0570629
  0.229332  -0.274183   0.933933 -0.0755435
         0          0          0          1
28	32	53
 0.415149  0.587729 -0.694425  0.428252
-0.333403  0.808494  0.484953  0.214006
  0.84646 0.0301955  0.531596 -0.371255
       -0         0         0         1
27	30	53
   0.930172     0.14467   -0.337418     1.23741
  -0.156858     0.98758 -0.00898566   -0.215774
   0.331927    0.061285    0.941312    0.472459
          0           0           0           1
27	31	53
 0.889818  0.195462 -0.412333   1.32558
-0.194966  0.979834 0.0437409  0.302287
 0.412568 0.0414696  0.909983  0.666023
        0         0         0         1
28	33	53
 0.660847  0.523633  -0.53767 -0.306994
-0.275048  0.835526  0.475652 -0.229665
 0.698305 -0.166448  0.696179 -0.139594
        0         0         0         1
30	33	53
  0.999133 -0.0290534  0.0298323  -0.382417
 0.0164096   0.933125   0.359178  -0.563276
-0.0382726  -0.358377   0.932792   0.539174
        -0         -0         -0          1
31	33	53
  0.990273 -0.0970742  0.0996766  -0.367737
 0.0595986   0.943295   0.326562   -1.13057
 -0.125725  -0.317445   0.939905   0.385846
        -0         -0         -0          1
29	33	53
 0.886445  0.322915 -0.331572  -0.35507
-0.172693  0.895424  0.410358 -0.260416
 0.429409 -0.306499  0.849509 -0.057777
        0         0         0         1
27	32	53
 0.809144  0.379615 -0.448529    1.0722
-0.251063  0.913474  0.320206  -0.12519
 0.531275 -0.146483   0.83444  0.333849
        0         0         0         1
26	32	53
 0.974939 -0.143725  0.169816   2.47633
 0.112092  0.976686  0.183086  -0.23859
-0.192171 -0.159462  0.968319  0.292937
        0         0         0         1
27	33	53
 0.944653  0.228893  -0.23503  0.618283
-0.140172  0.929313  0.341656 -0.716914
 0.296619 -0.289801  0.909963  0.818535
        0         0         0         1
30	34	53
  0.775983  -0.393896   0.492642 -0.0096252
  0.248556   0.908797   0.335124   -1.03345
 -0.579715  -0.137601   0.803117    1.29922
        -0         -0         -0          1
28	34	53
  0.97845  0.128946 -0.161271 -0.759571
-0.0756712  0.950625  0.300975 -0.663005
 0.192118 -0.282285  0.939897  0.598708
        0         0         0         1
31	34	53
  0.710591  -0.439391   0.549541  0.0896869
  0.301388   0.895837   0.326561   -1.61157
 -0.635787 -0.0664261   0.769001    1.09091
        -0         -0         -0          1
29	34	53
 0.987278 -0.099295  0.124187 -0.473413
0.0593275  0.954677  0.291672 -0.738632
 -0.14752 -0.280594  0.948422  0.775892
       -0        -0        -0         1
27	34	53
 0.953363 -0.188486  0.235738  0.640572
 0.128959  0.960532   0.24647  -1.24655
 -0.27289 -0.204575  0.940043    1.6289
       -0        -0        -0         1
31	35	53
0.174245  -0.5317 0.828814  0.72753
0.421795 0.800864 0.425094 -1.76348
-0.889791  0.27552 0.363816  1.21136
      -0       -0        0        1
28	35	53
 0.918226 -0.213856  0.333358 -0.554009
 0.145146  0.964833  0.219159 -0.973002
-0.368503 -0.152852  0.916974   1.15195
       -0        -0        -0         1
29	35	53
  0.714505  -0.377773   0.588872 -0.0557356
  0.261047   0.924857   0.276574   -1.00934
 -0.649104 -0.0438902   0.759432    1.21939
        -0         -0         -0          1
30	35	53
 0.269693 -0.519953  0.810503  0.608157
 0.379461  0.830968  0.406818  -1.20497
-0.885028  0.197839  0.421408   1.48185
       -0        -0         0         1
27	35	53
 0.604382 -0.430184   0.67057   1.12878
 0.340397  0.900429  0.270844  -1.51449
-0.720314  0.064567  0.690636   1.99536
        0         0         0         1
28	36	53
 0.652224 -0.366585   0.66349  -0.32046
 0.277799  0.929984  0.240744  -1.31063
-0.705289 0.0272979  0.708395   1.77979
       -0        -0         0         1
30	36	53
-0.179018 -0.475792  0.861147   1.30537
 0.387697  0.770346   0.50622  -1.38615
-0.904236  0.424486  0.046557   1.69111
       -0        -0         0         1
29	36	53
 0.336177 -0.455458  0.824344  0.416644
 0.351405  0.872736  0.338888  -1.30248
-0.873785  0.175753  0.453444   1.72302
       -0        -0         0         1
31	36	53
  -0.274359   -0.465047    0.841699     1.44719
   0.411911    0.734087    0.539856    -1.92266
   -0.86894     0.49482 -0.00984533     1.35091
          0           0           0           1
27	36	53
 0.194676 -0.474352   0.85854   1.68048
 0.419087  0.831596  0.364436  -1.80466
 -0.88683  0.288856  0.360687   2.41266
        0         0         0         1
28	37	53
 0.369354 -0.413024  0.832459 -0.254428
 0.340562   0.89364  0.292275  -1.60964
-0.864636  0.175551   0.47073   2.39492
       -0        -0         0         1
31	37	53
-0.572969 -0.364262  0.734179   2.05302
 0.351064  0.700378   0.62147  -2.10738
-0.740581  0.613827 -0.273415   1.61737
        0         0         0         1
29	37	53
0.0106537 -0.444427  0.895752  0.723366
   0.3731  0.832877  0.408794  -1.58003
 -0.92773   0.32985  0.174689    2.2717
       -0        -0         0         1
30	37	53
-0.490087 -0.387417  0.780848   1.87702
 0.343494  0.737483   0.58149  -1.58346
-0.801141  0.553197 -0.228355   2.01736
        0         0         0         1
27	37	53
-0.135852 -0.440331  0.887498   2.07359
 0.423301  0.784123  0.453838  -2.09212
-0.895746  0.437333  0.079868   2.89742
       -0        -0         0         1
31	38	53
  -0.332057    -0.53162    0.779178     2.00496
   0.404044    0.666265    0.626769    -2.30614
  -0.852342    0.522945 -0.00643992      2.4458
          0           0           0           1
30	38	53
-0.238235 -0.547372  0.802265   1.74767
 0.382716  0.706297  0.595544  -1.74749
-0.892621  0.448919 0.0412233   2.84469
       -0        -0         0         1
28	38	53
   0.60515  -0.448687   0.657626  -0.977151
  0.291756   0.893569   0.341192   -1.59992
 -0.740724 -0.0146063   0.671651    2.84844
        -0         -0         -0          1
29	38	53
  0.27856 -0.541291  0.793353  0.199331
 0.358353  0.824972  0.437041  -1.66004
 -0.89106  0.162558  0.423778   2.94035
       -0        -0         0         1
29	39	53
  0.523117  -0.160716    0.83697   -1.08833
  0.317997   0.947944 -0.0167263   -1.97797
 -0.790713   0.274903   0.546993    2.59313
         0          0          0          1
30	39	53
0.0276581 -0.188505  0.981683  0.530412
 0.393912  0.904649  0.162614  -2.32156
-0.918732  0.382199 0.0992751    3.1063
       -0        -0         0         1
27	39	53
  0.392711  -0.173427   0.903162   0.346806
  0.392937   0.919548 0.00571749   -2.61961
 -0.831492    0.35264   0.429262    3.43024
         0          0          0          1
28	40	53
 0.363825 -0.146041  0.919948  -1.07626
 0.341361  0.939825  0.014194  -1.90276
-0.866663   0.30887  0.391784   2.38527
       -0        -0         0         1
29	40	53
 0.00471044   -0.156784    0.987622 -0.00816265
   0.373117    0.916584    0.143728    -1.98082
  -0.927772    0.367822   0.0628165     2.52791
         -0          -0           0           1
32	33	53
  0.957139  -0.202073    0.20749  0.0387765
   0.18711   0.978246  0.0895787  -0.783836
 -0.221078 -0.0469156   0.974127   0.418563
        -0         -0         -0          1
38	39	53
 0.964247 0.0499739 -0.260251 -0.163226
-0.149357   0.91371 -0.377925  0.378273
 0.218908  0.403283  0.888506  -1.30766
        0         0         0         1
35	36	53
  0.899111  -0.211684   0.383131 -0.0659149
  0.236352   0.971503 -0.0178928  -0.471668
 -0.368426   0.106642   0.923521    0.57957
         0          0          0          1
33	34	53
 0.801576 -0.373375  0.466976  0.335665
 0.417145  0.908778 0.0105813  -0.72194
-0.428328  0.186315  0.884207  0.551209
       -0        -0         0         1
37	38	53
 0.963332  0.151221 -0.221639 -0.655761
-0.119252  0.981284  0.151197  0.386808
 0.240355 -0.119222  0.963336 -0.385309
        0         0         0         1
34	35	53
   0.816659   -0.311622    0.485757    0.330878
   0.360403    0.932766 -0.00752565   -0.424357
  -0.450753    0.181214    0.874062    0.393539
          0           0           0           1
36	37	53
  0.945327  -0.144946   0.292143  -0.473843
  0.157715   0.987272 -0.0205065  -0.285491
 -0.285452  0.0654606   0.956155   0.407583
         0          0          0          1
32	34	53
 0.594051 -0.502353  0.628287  0.620309
 0.519685  0.835836  0.176933  -1.37789
-0.614028  0.221404  0.757595  0.915173
       -0        -0         0         1
33	35	53
 0.309558 -0.513438  0.800347  0.943106
 0.663423  0.719603  0.205041 -0.965398
-0.681208  0.467496  0.563385   0.67839
       -0        -0         0         1
35	37	53
 0.707202 -0.314232  0.633343 -0.275361
 0.381758  0.923707 0.0320182 -0.868311
-0.595084   0.21914  0.773209   1.10011
       -0        -0         0         1
37	39	53
 0.857785 0.0969299 -0.504786  -0.46597
-0.228452  0.951625 -0.205477  0.579751
  0.46045  0.291574  0.838433  -1.72936
        0         0         0         1
36	38	53
   0.998167  -0.0341105   0.0499947    -1.26238
  0.0292691    0.995089   0.0945622 0.000871258
 -0.0529747  -0.0929256    0.994263    0.251677
         -0          -0          -0           1
34	36	53
 0.481649 -0.423814   0.76707   0.70556
 0.547276  0.829091  0.114442 -0.892431
-0.684473  0.364679  0.631274  0.844357
        0         0         0         1
35	38	53
  0.87097 -0.276916  0.405867   -1.1047
 0.265302  0.960332 0.0858936 -0.773692
-0.413552 0.0328663  0.909887   1.27719
       -0        -0         0         1
36	39	53
 0.978518 0.0388772 -0.202462  -1.50359
-0.0997005   0.94882 -0.299667  0.248853
  0.18045  0.313415  0.932314  -1.07499
        0         0         0         1
39	40	53
   0.854715  -0.0813872    0.512677    0.615714
  0.0978896    0.995184 -0.00521286   -0.194237
  -0.509784   0.0546413    0.858566    0.868444
          0           0           0           1
34	37	53
0.169512 -0.43802 0.882839 0.910974
0.615448 0.746704 0.252305 -1.34181
-0.769734 0.500572 0.396154  1.32187
       0        0        0        1
33	37	53
-0.453363 -0.396151  0.798452   2.18416
 0.621872  0.501167  0.601754  -1.54735
-0.638543  0.769348 0.0191449   1.07982
       -0        -0         0         1
35	39	53
  0.970037 -0.0458159   0.238597   -1.88235
  0.131187   0.925362  -0.355661  -0.566049
 -0.204494   0.376306   0.903646   0.167294
         0          0          0          1
38	40	53
   0.96172 -0.0429646   0.270644   0.194753
  0.154445   0.900814  -0.405808  -0.219371
 -0.226365   0.432074   0.872967  -0.479595
         0          0          0          1
37	40	53
    0.999982 -0.000931849   0.00586993    -0.395025
  0.00264157     0.954407    -0.298498    0.0758052
 -0.00532415     0.298508     0.954392    -0.774356
           0            0            0            1
32	37	53
-0.692087 -0.320812  0.646603   2.66605
 0.466315  0.485057  0.739777  -1.79212
-0.550969   0.81351 -0.186102   1.06017
        0         0         0         1
36	40	53
  0.943372 -0.0520117   0.327634   -1.08448
  0.160429   0.935991  -0.313344  -0.257073
 -0.290365   0.348162   0.891331  -0.215099
         0          0          0          1
34	38	53
 0.427726 -0.509442  0.746672   0.29022
 0.564477  0.795716  0.219547  -1.55378
-0.705986  0.327574  0.627917   1.86762
        0         0         0         1
33	38	53
-0.197585 -0.552488  0.809764   2.02057
 0.683938  0.514084  0.517635  -1.99315
-0.702274  0.656105  0.276292   1.78877
       -0        -0         0         1
35	40	53
 0.702988 -0.111507  0.702406  -1.06898
 0.384021  0.890795 -0.242926 -0.973886
-0.598612  0.440513  0.669039  0.753058
        0         0         0         1
32	38	53
-0.473037 -0.496555  0.727784   2.74666
 0.569181  0.458298  0.682639  -2.19533
-0.672509  0.737154 0.0658374   1.80786
       -0        -0         0         1
39	41	53
  0.966509 -0.0230612  -0.255593  0.0211908
-0.0483946   0.961707  -0.269773   0.114706
  0.252027   0.273107   0.928383   -1.07263
         0          0          0          1
38	41	53
 0.863945 -0.045253 -0.501549  0.142094
-0.283821  0.778951 -0.559178  0.885291
 0.415987  0.625449  0.660127  -2.20981
        0         0         0         1
33	39	53
0.0692603 -0.188124    0.9797  0.784934
 0.696018  0.712656 0.0876403  -2.58722
-0.714677  0.675818  0.180296   1.79029
        0         0         0         1
34	39	53
 0.651974 -0.142987  0.744637 -0.948701
  0.47351  0.843802 -0.252558  -1.63201
-0.592214  0.517255  0.617843   1.28566
        0         0         0         1
34	40	53
 0.163652 -0.154672  0.974317  0.127177
 0.616066  0.787401 0.0215215  -1.72369
-0.770507  0.596722  0.224148   1.35712
       -0        -0         0         1
46	47	53
 0.643547 -0.275305  0.714181   1.52192
 0.231948  0.959345  0.160805 -0.284005
-0.729416 0.0621674   0.68124   1.50042
        0         0         0         1
43	44	53
  0.999583  0.0105333 -0.0268864  -0.492505
 -0.018409   0.949804  -0.312304 -0.0871648
 0.0222472   0.312669   0.949602  0.0268369
        -0          0          0          1
42	43	53
  0.73729   0.43069 -0.520489 -0.468275
-0.277417  0.895498  0.348028  0.851307
 0.615989 -0.112205  0.779722  -1.09652
        0         0         0         1
45	46	53
   0.919645   -0.119019    0.374283    0.761495
   0.107459    0.992865   0.0516855   -0.292114
  -0.377764 -0.00731213    0.925873    0.792986
          0           0           0           1
44	45	53
  0.764915   0.176239  -0.619552    0.38678
 -0.234963   0.971909 -0.0136206  -0.115216
  0.599748    0.15599   0.784837   -1.45632
        -0          0          0          1
46	48	53
-0.0422786 -0.377161  0.925182   3.28397
 0.302767  0.877631  0.371612 -0.362874
-0.952126  0.295826 0.0770872   1.87016
        0         0         0         1
47	48	53
 0.737514 -0.254937  0.625364  0.845973
 0.242907  0.964176  0.106589 -0.537778
-0.630134 0.0732943  0.773019   1.49762
        0         0         0         1
47	49	53
 0.129807 -0.393321  0.910192   2.07414
 0.356642  0.875044   0.32727 -0.699343
-0.925179   0.28213  0.253862   2.03965
       -0        -0         0         1
44	46	53
  0.956433  0.0884723  -0.278223   0.426481
 -0.106496   0.993039 -0.0503199  -0.588848
  0.271834  0.0777573   0.959198   -0.42282
         0          0          0          1
40	41	53
  0.692874 -0.0647953  -0.718141   0.511624
 -0.113052   0.973875  -0.196944   0.249778
  0.712141   0.217644   0.667447   -1.97295
         0          0          0          1
43	46	53
  0.947604  0.0968047  -0.304426 -0.0610362
 -0.203652    0.91728  -0.342233  -0.522257
  0.246114   0.386299   0.888933    -0.5493
         0          0          0          1
42	47	53
  0.981005  0.0697721  -0.180999   -1.04496
-0.0796559    0.99567 -0.0479171   -0.47066
  0.176872  0.0614245   0.982315   0.454353
         0          0          0          1
42	48	53
 0.854507 -0.196088  0.481007 -0.523641
 0.213302  0.976796 0.0192725  -1.14526
