3	4	53
 0.921356 0.0351508 -0.387128 0.0900798
-0.198221  0.899175 -0.390118  0.429808
 0.334383  0.436175  0.835428  -1.32334
        0         0         0         1
2	3	53
 0.371608  0.927221 0.0465644   -1.4313
-0.838383  0.313615  0.445824   3.04267
 0.398774 -0.204711  0.893909 -0.212183
       -0         0        -0         1
4	5	53
  0.928895 -0.0682613  -0.363997   0.249709
  -0.06222   0.940131  -0.335086   0.139126
  0.365079   0.333908   0.869036   -1.20123
        -0          0         -0          1
1	2	53
  0.974213 -0.0633886   0.216541  -0.134408
 0.0621593   0.997988  0.0124892 -0.0899692
 -0.216897 0.00129303   0.976194    1.12161
         0          0          0          1
0	1	53
  0.997697   0.028308 -0.0616403  -0.306403
-0.0248496   0.998112  0.0561683  -0.577453
 0.0631139 -0.0545072   0.996517   0.353941
         0          0          0          1
0	2	53
  0.983253  -0.115808   0.140722  -0.228856
  0.102695   0.989958  0.0971399  -0.774935
 -0.150559 -0.0810617   0.985272    1.51083
         0          0          0          1
2	4	53
  -0.68699 -0.0928558    0.72071     2.2193
 -0.221341  -0.917934  -0.329251     4.8535
  0.692137  -0.385714   0.610059  -0.154088
         0          0          0          1
6	7	53
 0.845677   0.35191 -0.401236 -0.228456
-0.0333609  0.785194  0.618351  0.549728
 0.532652  -0.50954   0.67576   -0.2317
       -0        -0        -0         1
4	7	53
  0.202884   0.964835   0.167127  -0.799572
 -0.890129   0.252847  -0.379129    3.76678
 -0.408054 -0.0718448   0.910126    1.17293
         0         -0         -0          1
0	3	53
 0.704793 -0.186606 -0.684431  0.827994
 0.272048  0.962119 0.0178254 -0.565228
 0.655177 -0.198761   0.72886  0.552543
        0         0         0         1
4	8	53
 0.209226   0.18616  0.959984 -0.604426
 0.937911  0.239556  -0.25087   1.31804
-0.276671  0.952868 -0.124481  0.234162
       -0        -0         0         1
6	8	53
 0.807632   0.43422 -0.398979  -0.58718
-0.0114734  0.688037  0.725585  0.265887
 0.589575 -0.581428  0.560663 -0.512731
       -0        -0        -0         1
7	8	53
  0.998484  0.0377901 -0.0400213  -0.480187
-0.0329331   0.992733   0.115742  -0.164148
 0.0441046  -0.114248   0.992472   -0.21429
        -0         -0         -0          1
5	6	53
  0.680529  0.0352685  -0.731872   0.532267
  0.195437   0.953917   0.227695 -0.0542279
  0.706176  -0.297988   0.642276  -0.852109
        -0         -0         -0          1
0	7	53
-0.898995 -0.242812  0.364486   2.89353
 0.412088 -0.750778  0.516253   1.69237
 0.148295  0.614309  0.775005   -0.3428
        0         0         0         1
2	8	53
  -0.7502 -0.594699  0.289022   2.15245
 0.658818 -0.709454  0.250269   2.46258
0.0562127  0.378164   0.92403  -1.44502
       -0         0        -0         1
3	8	53
-0.772193  0.231614  0.591669  0.920617
-0.104718 -0.964851  0.241032    2.8251
 0.626699  0.124165  0.769306  -1.34185
       -0         0        -0         1
4	10	53
-0.849383 -0.175459  0.497757    2.2679
 0.014984 -0.950758 -0.309572   4.09947
 0.527564 -0.255487  0.810187  -2.23657
       -0         0        -0         1
1	7	53
-0.609833  -0.43219  0.664316    2.7274
 0.731437 -0.629644  0.261816   1.73251
 0.305128   0.64557  0.700097 -0.926387
       -0         0        -0         1
7	9	53
  0.996351 -0.0327085  0.0788271  -0.323293
 0.0400154   0.994864 -0.0929759  0.0214219
 -0.075381  0.0957909   0.992543  -0.717155
        -0         -0         -0          1
6	10	53
  0.760801   0.107717  -0.639983    2.42998
-0.0292884   0.990824    0.13195  -0.145935
  0.648324 -0.0816434   0.756975   -2.64759
        -0         -0         -0          1
2	9	53
-0.226025  0.447965 -0.865009   2.88748
 -0.90359 -0.428157 0.0143756   4.80671
 -0.36392  0.784863  0.501551 -0.833988
        0         0        -0         1
4	11	53
 0.482241 -0.727879  0.487479   1.19374
  0.41472 -0.300469 -0.858909   3.54613
 0.771654  0.616369  0.156968  -2.47123
       -0         0        -0         1
3	9	53
   0.18633   0.938716   -0.28999    1.16766
 -0.788973 -0.0329307  -0.613545     5.4185
 -0.585494   0.343116   0.734485  -0.394095
        -0         -0         -0          1
7	10	53
 0.998339 0.0100052 0.0567398  0.352831
0.0210695  0.853194 -0.521167   1.62458
-0.0536244  0.521497  0.851566  -2.99449
       -0        -0        -0         1
6	11	53
  0.949543   0.162046   -0.26853   0.835789
-0.0310609   0.900562   0.433616 -0.0502206
  0.312094  -0.403397   0.860156   -1.34613
        -0         -0         -0          1
2	10	53
  0.973728  -0.130071  -0.186908 -0.0617411
  -0.20105  -0.105666  -0.973865    5.50205
  0.106922   0.985858  -0.129041   -1.55188
        -0          0          0          1
4	12	53
-0.0166701   0.981902  -0.188654 0.00564327
 -0.996736 -0.0312256 -0.0744465    3.82652
-0.0789901   0.186797   0.979218  -0.862921
        -0         -0         -0          1
2	11	53
 0.322229 -0.520203  0.790921 0.0301819
   0.8964 -0.100949 -0.431598   1.81256
 0.304361  0.848055  0.433781  -2.28312
       -0         0        -0         1
7	11	53
  0.973072 -0.0928574    0.21097   0.303615
  0.155367   0.940328   -0.30273   0.783241
  -0.17027   0.327356   0.929433   -1.64485
        -0         -0         -0          1
5	10	53
 0.855653 -0.300478  0.421392 -0.167026
 0.515588  0.424061 -0.744541   1.98796
0.0450225  0.854333  0.517772  -2.93776
       -0         0        -0         1
3	11	53
 -0.350412    0.35881   -0.86514    3.42388
 -0.502819   0.707237    0.49698   0.745022
   0.79018   0.609157 -0.0674081   -1.37113
         0         -0          0          1
6	13	53
  0.276953   -0.31022   0.909428  -0.346566
 0.0482944   0.949748   0.309267   0.105308
 -0.959669 -0.0417318   0.278017    3.33429
         0         -0         -0          1
2	12	53
  0.925669   0.373055 -0.0629702   -1.41065
 -0.361421   0.921164   0.144335   0.982452
  0.111851  -0.110848   0.987523  -0.570547
        -0         -0         -0          1
5	11	53
 -0.751254  -0.287847   0.593937    2.46736
  0.203501  -0.957065  -0.206432    3.09109
  0.627857 -0.0342159   0.777576   -2.16775
        -0          0         -0          1
7	12	53
 0.684039 -0.274594  0.675788 -0.968392
 0.491075  0.858406 -0.148273  -1.23799
-0.539385  0.433287  0.722029  0.702792
       -0        -0        -0         1
1	11	53
 -0.161939  -0.303878   0.938848 -0.0497399
  0.933332  -0.356091  0.0457315     1.3323
  0.320418   0.883662   0.341284   -1.30373
        -0          0         -0          1
5	12	53
 -0.995829  0.0365589 -0.0835948    2.97146
-0.0224519  -0.986229  -0.163852    3.64223
-0.0884339  -0.161292   0.982937  -0.299742
         0         -0         -0          1
4	14	53
  0.494071  -0.793299  -0.355767    2.14499
  0.531349 -0.0483711   0.845771  -0.668114
 -0.688158  -0.606908    0.39762    2.48944
        -0          0         -0          1
1	12	53
 0.938609  0.236069 -0.251563 -0.162969
-0.281969   0.10484 -0.953678   3.98779
 -0.19876  0.966064  0.164968 -0.361595
       -0        -0        -0         1
6	14	53
 -0.85252 0.0367907 -0.521398   3.29895
 0.098908 -0.968143 -0.230035   3.28713
 -0.51325  -0.24768  0.821723   1.75863
        0         0        -0         1
3	13	53
 0.818824  0.444404 -0.363361 -0.487305
-0.567113  0.528186 -0.631982   2.45367
-0.0889335  0.723549  0.684519 -0.716727
       -0        -0        -0         1
4	15	53
 0.007403  0.963726 -0.266792 -0.483084
-0.888583 -0.116032 -0.443797   4.10848
-0.458655  0.240352  0.855492  0.433185
       -0        -0        -0         1
5	14	53
 0.633635 -0.112468  0.765413  0.145744
-0.184105  0.939031  0.290388  0.778033
-0.751406 -0.324916  0.574298   1.97152
        0        -0        -0         1
5	15	53
 -0.85697   0.19777  -0.47591   2.91418
-0.103339 -0.970626 -0.217273   4.21556
  -0.5049 -0.137016  0.852234   1.31441
        0         0         0         1
6	16	53
 0.989852 -0.049161  0.133331  0.492509
-0.0110733  0.908717  0.417267  0.401924
-0.141673 -0.414509   0.89895   1.04559
        0         0         0         1
7	16	53
 0.758862  -0.28611  0.585039   1.28314
 0.423687  0.899122  -0.10986 -0.502195
-0.494589  0.331242   0.80353  0.429675
        0         0         0         1
4	18	53
 -0.565099  -0.817856  -0.108506    4.32806
 0.0624911  0.0887101  -0.994095    4.54052
  0.822652  -0.568543 0.00097873   0.210408
        -0          0         -0          1
6	17	53
 0.785206  0.276144 -0.554252  0.291552
-0.0228662   0.90738  0.419688  0.382875
 0.618812 -0.316868  0.718795 -0.638415
       -0        -0        -0         1
7	17	53
 0.993222 0.0406134 -0.108911  0.294949
-0.0637599   0.97379 -0.218332  0.241383
0.0971894  0.223796  0.969778 -0.605309
       -0         0        -0         1
4	19	53
 -0.936187 -0.0440479    0.34873    2.07233
-0.0503078  -0.965112  -0.256957    3.98081
  0.347882  -0.258103    0.90131   -1.92764
        -0          0         -0          1
2	18	53
 0.691636  0.171819 -0.701511    1.2573
 0.650899  0.272649  0.708515 -0.450163
 0.313002 -0.946647 0.0767374   1.61779
       -0        -0        -0         1
6	18	53
  0.742361  0.0200721  -0.669699   0.917741
-0.0388186   0.999161 -0.0130837 -0.0453621
  0.668875  0.0357097   0.742517   -1.47342
        -0          0         -0          1
7	18	53
  0.980359 0.00525054  -0.197149   0.361085
 -0.135898   0.742421  -0.656005   0.750537
  0.142923   0.669913   0.728553    -1.7479
        -0          0         -0          1
2	19	53
  0.915932  -0.130519   0.379519  -0.516003
  0.139274   0.990244 0.00442556   0.303863
 -0.376394  0.0488037   0.925174   -1.55651
        -0         -0         -0          1
6	19	53
 0.907012 0.0610634 -0.416653  0.300808
-0.00675303  0.991413  0.130598 -0.113542
  0.42105  -0.11564  0.899636  -1.19048
       -0        -0        -0         1
7	19	53
   0.98861 -0.0105069    0.15013  -0.146552
 0.0918468   0.832368   -0.54656    0.32802
 -0.119221   0.554124   0.823853   -1.29131
        -0         -0         -0          1
3	18	53
-0.808984 -0.549864 -0.207831   4.29059
-0.0882049  0.463104 -0.881904   3.50915
 0.581174 -0.695115 -0.423144    2.0747
        0         0         0         1
4	22	53
-0.826525 -0.494092 -0.269683   4.61297
 0.153564 -0.658843  0.736439   1.30725
-0.541548  0.567273  0.620426 -0.565772
        0         0        -0         1
4	23	53
  0.700177   0.707427 -0.0964348  -0.537958
 -0.704184   0.661966   -0.25676    2.21412
 -0.117803   0.247686   0.961652   -1.69326
        -0         -0         -0          1
0	23	53
  0.881226   0.166497   0.442402   -1.94212
 -0.166144   0.985295 -0.0398709 -0.0298924
 -0.442535 -0.0383668    0.89593     0.6079
         0         -0         -0          1
6	20	53
  0.993591  0.0571845 -0.0974984  -0.514677
-0.0121314    0.91155    0.41101 0.00448191
  0.112378  -0.407193   0.906402  -0.286371
        -0         -0         -0          1
7	20	53
   0.98011 -0.0973008   0.172966  -0.374913
  0.134601   0.966377  -0.219085  -0.173832
 -0.145833   0.238008   0.960253  -0.638639
        -0         -0         -0          1
4	24	53
  0.031106   0.987429  -0.154967  -0.251855
 -0.983096 0.00223758  -0.183075    3.81646
 -0.180427   0.158042   0.970808  -0.705756
        -0         -0         -0          1
4	25	53
 -0.079736   0.995861  0.0436154  -0.320856
 -0.996467  -0.078474 -0.0299195    5.05265
-0.0263729 -0.0458468     0.9986   0.476427
         0         -0         -0          1
7	21	53
 0.857839  -0.25931  0.443702 -0.476981
 0.342615  0.932077 -0.117672 -0.831317
-0.383051  0.252963  0.888415  0.110649
       -0        -0        -0         1
2	22	53
 -0.84874 -0.439868  0.293524   1.82386
 0.528763  -0.69852  0.482162   2.29129
-0.00705581  0.564435  0.825448  -1.92861
       -0        -0        -0         1
5	22	53
-0.950981  0.253898 -0.176556   3.11725
-0.161589 -0.894742 -0.416323   3.94658
-0.263676 -0.367385   0.89191  -0.38064
        0        -0        -0         1
6	22	53
-0.958076  0.200642 -0.204529   3.67694
0.0329133  0.786206  0.617087 -0.225173
 0.284616  0.584485 -0.759849  0.940359
        0        -0         0         1
7	22	53
   0.962329   -0.190412    0.194079   -0.881154
   0.195264    0.980733 -0.00599888   -0.247737
  -0.189197   0.0436694    0.980968   -0.836281
         -0          -0          -0           1
3	21	53
-0.152597   0.92155 -0.357015   1.08485
-0.879688 -0.291291 -0.375897   4.45615
-0.450403  0.256701  0.855127 -0.803128
       -0        -0        -0         1
5	23	53
 -0.783122   0.463727  -0.414339    2.93969
 -0.470652  -0.877458 -0.0924911    4.68049
 -0.406455   0.122577   0.905411   -1.07484
        -0         -0         -0          1
6	23	53
-0.627578  0.216417  -0.74787   4.18358
-0.100403   0.93007  0.353396 -0.518183
 0.772052  0.296872 -0.561963 -0.240998
        0        -0         0         1
4	27	53
  0.578086   -0.74321   0.336831   0.456136
  0.751609   0.324303   -0.57438 -0.0935457
   0.31765   0.585206   0.746078    -2.7453
        -0          0         -0          1
2	24	53
   0.873695     0.23708    0.424793   -0.904612
  -0.257547    0.966219 -0.00954269    0.767844
  -0.412705   -0.101067     0.90524     0.31504
          0          -0          -0           1
3	22	53
0.0887288  0.940228 -0.328783  0.571204
-0.763409 -0.147829 -0.628771   4.70396
-0.639792  0.306786  0.704662 -0.190865
       -0        -0        -0         1
6	24	53
-0.636474  0.339729 -0.692449   3.56839
0.00422355  0.899292  0.437327 -0.129045
 0.771286  0.275423 -0.573811 -0.693664
        0        -0         0         1
7	24	53
-0.0546543  0.533946 -0.843751   2.44874
-0.538196  0.696006  0.475311  0.763455
 0.841046  0.480081  0.249328  -2.27803
        0         0         0         1
4	28	53
  0.210372  -0.821379   0.530169    1.72185
  0.880043 -0.0770661  -0.468599   0.680232
  0.425756   0.565152   0.706636   -2.69292
        -0          0         -0          1
1	23	53
 0.837115 -0.441913  0.322414  0.632615
 0.436072  0.894944 0.0944284 -0.291047
-0.330272 0.0615482  0.941877 -0.152254
       -0        -0        -0         1
0	29	53
 0.811993  0.154233  -0.56292   1.75501
-0.0571936  0.980838  0.186237 -0.198098
 0.580858 -0.119028  0.805256 -0.349709
        0         0         0         1
4	29	53
 0.358176 -0.878432  0.316335    2.5417
  0.84333  0.159005 -0.513334  0.262414
  0.40063  0.450638   0.79776  -2.11751
       -0         0        -0         1
6	25	53
 -0.35292  0.533869 -0.768395   2.35594
-0.0712254  0.803527  0.590992  0.479414
 0.932938  0.263302 -0.245556  -1.43144
        0        -0         0         1
7	25	53
  0.912678   0.232152  -0.336338  -0.711576
 -0.270489   0.960078 -0.0713157   0.501139
  0.306355   0.156064   0.939037  -0.840613
        -0          0         -0          1
1	24	53
  0.780356   0.169108   0.602036   -1.07524
  -0.17853   0.982919 -0.0446855    0.72547
 -0.599309 -0.0726111   0.797218    1.45878
         0         -0         -0          1
2	26	53
-0.903089  0.021252 -0.428928   4.66839
-0.306571 -0.731331  0.609237   2.79574
-0.300741  0.681692  0.666972 -0.865761
        0         0        -0         1
3	24	53
  0.406329   0.818372  -0.406403  -0.366801
 -0.631339 -0.0700756  -0.772334    4.43814
 -0.660536     0.5704   0.488197   0.183988
        -0         -0         -0          1
4	30	53
  0.56974  0.760875  0.310589  -1.44259
0.0170787  0.366882 -0.930111     1.666
-0.821648  0.535226  0.196032   1.11487
       -0        -0        -0         1
7	26	53
 0.983736 0.0202904 -0.178471  -2.13103
-0.0542427  0.980769 -0.187483  0.183928
 0.171235  0.194114  0.965918  -1.06932
       -0         0        -0         1
3	25	53
  0.594965    0.80137 -0.0618266   -2.38144
 -0.300834   0.150697  -0.941695    2.89181
 -0.745329   0.578875   0.330739    1.93317
        -0         -0         -0          1
1	25	53
 -0.274327  -0.577377   0.769012    2.59343
  0.885429  -0.463654 -0.0322569    1.59847
   0.37518   0.672057    0.63842   -1.12118
        -0          0         -0          1
4	31	53
 0.572782 -0.750379  0.329926   1.80727
  0.67621  0.205051 -0.707597   1.26544
 0.463315  0.628398  0.624864  -1.48511
       -0         0        -0         1
7	27	53
  0.974742 -0.0900668   0.204366  -0.861922
  0.144243   0.952504  -0.268198   0.474048
 -0.170503   0.290902   0.941438   -1.12326
        -0         -0         -0          1
2	28	53
-0.965455 -0.196561  0.171057   3.14434
 0.257891 -0.626928  0.735155   1.87818
-0.0372626  0.753873  0.655962  -1.77969
       -0        -0        -0         1
6	28	53
 0.969208 -0.101358  0.224414  0.195366
0.0499615  0.973344  0.223842  0.221703
 -0.24112 -0.205738  0.948437 -0.626773
        0        -0        -0         1
3	26	53
-0.736818  0.311737  0.599933   1.97347
 0.129281 -0.806018    0.5776   1.59033
 0.663616  0.503146  0.553587  -2.88457
       -0         0        -0         1
7	28	53
 0.658386 -0.291193  0.694071  0.337482
 0.505346  0.854405 -0.120904  -0.17478
-0.557811  0.430348  0.709681 -0.492569
       -0        -0        -0         1
6	29	53
  0.995556 0.00189335  -0.094147   0.280942
 0.0255125    0.95698   0.289027   0.085202
 0.0906439  -0.290145    0.95268  -0.411232
        -0         -0         -0          1
3	27	53
-0.549474  0.764642 -0.336753   2.59257
 -0.83292 -0.533026  0.148755   5.56422
-0.0657535  0.362225  0.929769  -1.08841
        0         0        -0         1
7	29	53
 0.860568 -0.213663  0.462353   0.42819
 0.356229  0.901288 -0.246538 -0.205946
-0.364037  0.376866  0.851732 -0.489364
       -0        -0        -0         1
0	34	53
-0.703156 -0.417089  0.575855   3.05956
 0.685526 -0.612658  0.393326  0.843598
  0.18875  0.671332  0.716719  -1.35939
       -0         0        -0         1
1	28	53
-0.255638 -0.248566  0.934272  0.282322
 0.909345 -0.389931  0.145075   1.03348
 0.328241  0.886662  0.325713  -1.31297
       -0         0        -0         1
3	28	53
 0.195515   0.39259 -0.898692   2.00074
-0.537659  0.809295  0.236567   1.50048
 0.820181  0.436937  0.369309   -2.3705
       -0        -0        -0         1
7	30	53
 0.983081 0.0248048 -0.181485 -0.493324
-0.0852399  0.938923 -0.333404  0.527995
  0.16213  0.343233  0.925152  -1.24586
        0         0         0         1
6	31	53
 0.710271  0.319773 -0.627105  0.775246
-0.0508485  0.911845  0.407375  0.760034
 0.702089 -0.257459  0.663916 -0.762651
       -0        -0        -0         1
7	31	53
 0.745506  0.306504 -0.591841  0.594633
-0.457162  0.881327 -0.119435   1.26432
 0.484998  0.359607  0.797157  -1.12765
       -0         0        -0         1
3	29	53
-0.553778  0.769921 -0.317099   1.46491
-0.831322 -0.532839  0.158072   4.59224
-0.0472598  0.351148  0.935127 -0.924363
        0         0        -0         1
4	36	53
-0.890287 -0.193915   0.41205   3.24442
-0.0537059 -0.853789 -0.517841   4.81383
 0.452222 -0.483157  0.749703  -1.53253
       -0         0        -0         1
3	30	53
-0.789112  0.604482  0.109106   1.55052
-0.393051 -0.633412  0.666559   3.51573
 0.472032  0.483105  0.737425  -1.62281
       -0         0        -0         1
7	32	53
 0.706744  0.462624 -0.535249  0.626473
-0.489802  0.865886  0.101663  0.547142
 0.510496  0.190316  0.838554  -1.09541
       -0        -0        -0         1
6	34	53
  0.985445  -0.165507 -0.0388027  0.0619906
  0.163671   0.862056   0.479658  -0.648283
-0.0459368  -0.479027   0.876597   0.253044
        -0          0         -0          1
2	34	53
 0.736067  0.648269 -0.194816 -0.566757
 -0.51021  0.720462  0.469702  0.609038
 0.444851 -0.246335  0.861061   -1.4405
       -0        -0        -0         1
4	38	53
-0.666907 -0.728437  0.156889   4.44044
 0.744486 -0.660208 0.0993271   1.44909
0.0312258  0.183044  0.982608  -1.45411
       -0         0        -0         1
0	38	53
  0.523334  -0.851151 -0.0407914    2.78325
  0.722332   0.417716   0.551136   -1.25836
  -0.45206  -0.317893   0.833418    2.06106
        -0          0         -0          1
7	33	53
   0.999639 -0.00947789   0.0251498  -0.0499928
 0.00789906    0.998036   0.0621502   -0.549905
 -0.0256895  -0.0619291     0.99775   -0.412241
          0          -0          -0           1
6	35	53
  0.69765 -0.398353  0.595483 -0.693435
0.0850064  0.871325  0.483288 -0.552336
-0.711378 -0.286546  0.641742   1.67219
        0        -0        -0         1
1	33	53
  0.538392   0.529507  -0.655558    1.22944
  -0.32243   0.848174   0.420284    0.80772
  0.778571 -0.0149066    0.62738   -1.24417
        -0         -0         -0          1
7	34	53
  0.906034  -0.263882    0.33086   0.174969
  0.285619   0.958175 -0.0179397  -0.932958
 -0.312288   0.110754   0.943509  -0.217134
        -0         -0         -0          1
0	40	53
-0.643914  0.224996 -0.731267   3.10549
 0.129652  -0.90987 -0.394114   4.24075
-0.754032 -0.348585  0.556708   3.13636
        0         0        -0         1
4	40	53
0.0963868 -0.816527 -0.569204   4.28955
 0.824758 -0.254622  0.504918 -0.485713
-0.557211 -0.518123  0.648895   1.65345
       -0         0        -0         1
3	34	53
 0.272759 -0.953366 -0.129213   3.06552
  0.49547  0.254323 -0.830559   1.67938
 0.824689  0.162521  0.541733  -2.36114
       -0         0        -0         1
2	37	53
   0.72543  -0.482854   0.490515   0.826158
  0.361366   0.873713   0.325637  -0.705492
 -0.585804 -0.0589713   0.808305   0.430938
         0         -0         -0          1
4	41	53
 0.156841 -0.912685 -0.377369   3.88742
 0.959491 0.0502629  0.277218  -0.83321
-0.234045 -0.405562  0.883596     1.633
       -0         0        -0         1
1	35	53
-0.579347 -0.689171 -0.435201    4.6369
 0.790408 -0.344646 -0.506433    1.8208
 0.199028 -0.637387  0.744396  0.492404
       -0         0        -0         1
3	36	53
 0.902023  0.120826 -0.414434 0.0359519
-0.177336     0.979 -0.100553  0.921012
 0.393582  0.164195  0.904508  -2.69336
       -0         0        -0         1
7	37	53
 0.881883  -0.22813  0.412602 -0.643859
 0.348814  0.904478 -0.245454 -0.668267
-0.317194  0.360383  0.877218  -0.95805
       -0        -0        -0         1
4	43	53
  0.306539   0.909813   0.279774  -0.507075
 -0.663144   0.414983   -0.62292    3.77302
 -0.682843 0.00541898   0.730545   0.529067
        -0         -0         -0          1
3	37	53
  0.984787  -0.150769 -0.0863811   0.876206
  0.143192   0.985766 -0.0880928  -0.565921
 0.0984332  0.0743834   0.992359  -0.649327
        -0          0         -0          1
0	44	53
   0.96743 -0.0785736   0.240635      0.554
 0.0411542    0.98678   0.156756 -0.0976685
 -0.249771  -0.141747   0.957874    1.17853
         0          0          0          1
4	44	53
 0.379128 -0.541773  0.750162  0.631592
 0.537436  0.788858  0.298103  -0.83853
-0.753276  0.290145  0.590246   1.27761
       -0        -0        -0         1
7	38	53
-0.772961  0.530824 -0.347502   3.32912
-0.596167  -0.79507  0.111573   4.51416
-0.217063   0.29341  0.931018 -0.757798
        0         0        -0         1
3	38	53
 -0.270287  -0.961859 -0.0420883    4.25002
  0.960103  -0.272535  0.0626569   0.850898
-0.0717375 -0.0234738   0.997147  -0.393123
        -0          0         -0          1
1	38	53
  0.404918   -0.91218 -0.0630114    3.06868
  0.815191   0.328933   0.476726  -0.678078
 -0.414133  -0.244401   0.876791    1.43117
        -0          0         -0          1
0	45	53
  0.887799  0.0646949  -0.455662   0.814266
 -0.045538   0.997561  0.0529088  -0.506833
  0.457973 -0.0262225   0.888579  -0.346414
        -0         -0         -0          1
4	45	53
  0.899663  -0.124349   0.418501   -1.01042
 0.0697443   0.987205   0.143397    -1.0535
 -0.430978 -0.0998207   0.896824    1.42383
         0         -0         -0          1
3	39	53
 0.438681 -0.458933 -0.772618    2.4608
 0.883603  0.376919  0.277808   -1.4113
 0.163719 -0.804557  0.570862   1.40282
       -0        -0        -0         1
1	39	53
  0.653783   0.557446   0.511685    -2.6133
 -0.452423   0.830012   -0.32618     1.6186
 -0.606532 -0.0182473   0.794849    2.02021
         0         -0         -0          1
0	46	53
  0.982702    0.17159 -0.0696799   -1.63816
 -0.164805   0.981871  0.0936399  -0.343021
 0.0844843 -0.0805363   0.993165   0.804666
         0          0          0          1
4	46	53
 0.653661 -0.384769  0.651675  0.494724
 0.392836  0.908519  0.142385 -0.930161
-0.646845   0.16293  0.745014   1.09124
       -0        -0        -0         1
3	40	53
  0.804047   -0.59064 -0.0682098    1.63626
  0.241376   0.219421   0.945299  0.0960841
 -0.543365   -0.77653   0.318991    3.14906
        -0          0         -0          1
1	40	53
-0.525136 -0.603509 -0.600007   5.19667
 0.627358 -0.750926  0.206234   1.72105
-0.575025 -0.268118  0.772954   1.67738
       -0         0        -0         1
0	47	53
-0.119368  0.864859  0.487616  -1.72326
 -0.84141 -0.348832  0.412729   3.99663
 0.527049 -0.361018  0.769341  0.858612
        0         0         0         1
4	47	53
  0.971597   0.074787   0.224512  -0.499234
 -0.166703   0.889681   0.425062 -0.0830654
 -0.167955  -0.450416   0.876878    1.10058
         0         -0         -0          1
2	43	53
 -0.34231 -0.698065   0.62891   1.49717
 0.913714 -0.403311 0.0496679  0.861178
 0.218975  0.591646   0.77589  -1.97403
       -0         0        -0         1
0	48	53
 0.853583  0.490155  0.176479  -2.02981
-0.513146  0.849515    0.1225  0.568866
-0.0898775 -0.195123  0.976652   1.85048
        0         0         0         1
1	42	53
 0.518559  0.846834  0.118184  -1.02931
-0.810028  0.442289  0.385012   1.58282
  0.27377 -0.295384  0.915313 0.0252439
       -0         0        -0         1
3	42	53
  0.997872 -0.0486001 -0.0434826  -0.449606
 0.0409005   0.985753  -0.163153    0.18265
 0.0507925   0.161027   0.985642  -0.601792
        -0          0         -0          1
7	42	53
   0.864012   -0.196537    0.463527    0.306112
   0.327419    0.918727   -0.220764    -0.64712
  -0.382466     0.34251    0.858141 -0.00463241
         -0          -0          -0           1
1	43	53
-0.988783 0.0959454 -0.114464   3.37654
0.0655067 -0.410146 -0.909664   4.67918
-0.134225 -0.906959   0.39926   2.01155
        0         0        -0         1
2	45	53
 0.815394  0.172178  -0.55271   1.39154
 -0.19216  0.981114 0.0221447  0.365984
 0.546085 0.0881523   0.83308  -1.62148
       -0        -0        -0         1
7	43	53
 0.805168  0.373838  -0.46038  0.102759
-0.405517  0.913507 0.0325688   1.17264
 0.432736  0.160469  0.887124   -1.5133
       -0        -0        -0         1
3	44	53
  0.661734  -0.315374   0.680182  -0.749536
  0.446665   0.894482 -0.0198141  -0.560763
 -0.602162   0.316925   0.732775   0.977548
        -0         -0         -0          1
1	44	53
  0.954678  -0.145491   0.259657   0.928781
  0.132094   0.988873   0.068416   0.441493
 -0.266721 -0.0310164   0.963275   0.663322
         0         -0         -0          1
2	46	53
 -0.992956 -0.0993255 -0.0645866    4.00336
  0.118245  -0.796615  -0.592809    4.99169
0.00743039   -0.59627   0.802749     1.4414
        -0          0         -0          1
3	45	53
 0.908094 -0.417635   0.03075 -0.247595
 0.374005  0.775809 -0.508174 -0.687141
 0.188375   0.47297  0.860706  -1.55482
       -0         0        -0         1
4	52	53
-0.319285 -0.782976   0.53386   2.16304
  0.93695 -0.176367  0.301695  0.648501
-0.142065  0.596527   0.78992  -1.76512
       -0        -0        -0         1
2	47	53
  0.545118   0.508633  -0.666438 -0.0595218
 -0.435569   0.851048   0.293253    0.90138
  0.716328   0.130422   0.685466   -1.69716
         0          0          0          1
7	45	53
 0.667988 -0.456814 -0.587462   1.71825
 0.735667  0.286363  0.613832  -1.06049
-0.112179  -0.84221   0.52735   2.08839
       -0         0        -0         1
1	45	53
  0.92498 0.0987938 -0.366949  0.875311
-0.102273  0.994706 0.0100025  0.227479
 0.365995  0.028277  0.930187 -0.730493
       -0        -0        -0         1
3	46	53
 0.154908 -0.944616  0.289316   2.91811
 0.825158 -0.037321 -0.563667   0.30561
 0.543246  0.326048  0.773677   -1.9966
       -0         0        -0         1
7	46	53
   0.93669   0.350135 0.00417628    -1.4029
 -0.142431   0.370085   0.918014   0.127275
  0.319884   -0.86049   0.396525    2.06789
        -0          0         -0          1
2	48	53
 0.409195  0.893483  0.185063  -1.30254
-0.891436  0.434738 -0.127846   3.17466
-0.194683 -0.112658  0.974375    0.8437
        0         0         0         1
1	46	53
  0.377843   0.853742   0.358272   -0.97305
 -0.900113   0.429354 -0.0738415    3.02575
 -0.216867  -0.294584   0.930693    1.52438
         0         -0         -0          1
7	47	53
 -0.669534 -0.0858261   0.737806    2.91864
  0.456295  -0.831307   0.317369    2.56684
  0.586105   0.549147    0.59575     -2.158
         0          0          0          1
8	9	53
  0.976392   0.103677  -0.189496  -0.507862
 -0.141604   0.969697  -0.199087 -0.0131025
  0.163113    0.22122   0.961486   -0.40064
        -0          0         -0          1
3	47	53
-0.978041  0.175031 -0.113138   3.06681
0.00613996 -0.518421 -0.855104   4.17151
-0.208322 -0.837021  0.505962   2.74662
        0         0         0         1
5	47	53
 -0.835497  -0.235926   0.496269    3.57366
  0.154884  -0.967631  -0.199255    4.29796
  0.527215 -0.0896131   0.844994   -1.19069
         0          0          0          1
7	48	53
 -0.999238 0.00548854  0.0386552     4.3935
 0.0113321  -0.906678   0.421671    3.82304
 0.0373622   0.421787   0.905925  -0.840256
         0          0          0          1
5	48	53
 0.960974  0.109925 -0.253861    -1.557
0.0666114  0.798718  0.598007  0.169031
   0.2685 -0.591579  0.760225  0.473459
        0         0         0         1
1	47	53
  0.679599   0.574701  -0.455921  -0.637206
 -0.456885   0.817833   0.349866   0.938578
  0.573935 -0.0294651   0.818371  -0.417196
         0          0          0          1
9	10	53
  0.962308 -0.0338465   0.269847   0.120467
  0.145345   0.902644  -0.405102  -0.391269
 -0.229864   0.429054   0.873541 -0.0140986
        -0         -0         -0          1
7	49	53
 -0.595556   0.802337  0.0396196   0.985849
 -0.802549  -0.596417  0.0142561    5.36555
  0.035068 -0.0233064   0.999113  -0.304823
         0          0          0          1
1	48	53
    0.6274   0.693692    0.35378   -1.55824
 -0.738744   0.673892 -0.0112651    1.93927
 -0.246224  -0.254285   0.935261    1.95335
         0          0          0          1
8	11	53
  0.965687 -0.0304489   0.257918   0.566754
  0.135489   0.906314  -0.400298    1.19418
 -0.221566   0.421507   0.879341   -1.28776
        -0         -0         -0          1
7	50	53
-0.841757 -0.289003  0.455983   3.98235
 0.338263  0.375923  0.862705 -0.798744
-0.420739  0.880431 -0.218676  0.352927
       -0        -0        -0         1
2	51	53
  0.533778   0.204185  -0.820603    0.88951
 -0.823004 -0.0975114  -0.559604    5.00543
 -0.194281   0.974063   0.115996  -0.557831
         0          0          0          1
3	50	53
 0.154609  0.878008 -0.452988 -0.296321
-0.781296 -0.171978 -0.600001   4.71546
-0.604709  0.446683  0.659395  0.663583
       -0        -0        -0         1
9	11	53
 0.869338 -0.193602  0.454719  0.387444
 0.278973  0.951711 -0.128142  -1.06752
-0.407953  0.238253  0.881368   1.42069
        0         0         0         1
7	51	53
 0.870504  0.192746 -0.452848 -0.483384
-0.325979  0.915161 -0.237104    1.5009
 0.368728  0.354019  0.859483  -1.66226
        0         0         0         1
9	12	53
 0.244732 -0.431569  0.868248   2.10842
 0.560838  0.793481  0.236323  -1.72128
-0.790928  0.429111   0.43623   2.34116
        0         0         0         1
7	52	53
 0.933323 0.0956978  -0.34605  0.319462
-0.243464   0.87707 -0.414092   1.33167
 0.263882  0.470732  0.841889   -1.5731
       -0         0        -0         1
1	52	53
-0.423583  0.318544 -0.848002   3.78134
-0.859822 -0.436014  0.265703   3.67985
-0.285103  0.841677  0.458579 -0.440752
        0         0        -0         1
14	15	53
  0.718525   0.236042  -0.654222 -0.0215681
-0.0851649    0.96343   0.254068 -0.0141068
  0.690268  -0.126837   0.712351    -1.2403
         0          0          0          1
11	12	53
 0.700589  -0.27007  0.660483  0.783992
 0.290385  0.953405 0.0818283 -0.596464
-0.651807  0.134466  0.746369   1.58344
        0         0         0         1
14	16	53
 -0.119804  -0.432214   0.893778    2.65459
  0.140553    0.88381   0.446234 0.00624514
 -0.982798   0.179084 -0.0451353    2.51474
         0          0          0          1
9	15	53
-0.185183 -0.347426   0.91924   3.38934
 0.595455  0.704468  0.386209  -2.06704
-0.781755  0.618886 0.0764206   2.57114
        0         0         0         1
14	17	53
  0.683886  -0.339346   0.645868   0.951529
  0.109934   0.923071   0.368586 -0.0917614
  -0.72126  -0.181068    0.66858    2.57872
         0          0          0          1
9	16	53
 0.515312 -0.397566  0.759207   2.09975
 0.489228  0.863822  0.120285   -1.9478
 -0.70364  0.309441  0.639638   3.37515
        0         0         0         1
10	11	53
  0.969458 -0.0928852   0.226986  -0.241139
 0.0360228   0.969398   0.242835 0.00703669
 -0.242595  -0.227242   0.943138    1.64889
         0          0          0          1
9	17	53
 0.954235 -0.118523   0.27457  0.585655
 0.170512  0.969885 -0.173925  -1.48454
-0.245687  0.212782  0.945707   2.60197
        0         0         0         1
15	16	53
 0.741846  0.303911 -0.597748 -0.168587
-0.229863  0.952645  0.199074   0.94163
 0.629942 -0.010282  0.776574  -1.08375
       -0        -0        -0         1
10	12	53
  0.482026   -0.31286   0.818394   0.913692
   0.13089   0.949305   0.285813  -0.154866
 -0.866325 -0.0306505    0.49854    3.17866
         0          0          0          1
8	19	53
  0.975582 -0.0564713   0.212248   0.374469
  0.173522   0.790599  -0.587232   0.402727
 -0.134641   0.609723   0.781094  -0.984386
        -0         -0         -0          1
10	13	53
-0.697298 -0.135613  0.703836   2.83552
 0.188781  0.912525   0.36285 -0.425911
-0.691475  0.385885 -0.610701   4.94522
        0         0         0         1
15	17	53
0.0577449  0.441396 -0.895452  0.964527
-0.308926  0.860825  0.404406   1.20926
 0.949331  0.253276  0.186067  -2.24046
       -0        -0        -0         1
8	20	53
 0.877488 -0.232296  0.419587  0.299494
 0.372009   0.88184 -0.289773 -0.302984
-0.302695  0.410362   0.86022 -0.185251
        0         0         0         1
8	21	53
  0.999806 -0.0172638 0.00945909   -0.16343
 0.0192612   0.957152  -0.288946   0.267083
-0.00406565   0.289073   0.957299   -0.66221
         0          0          0          1
10	15	53
0.0933745 -0.348109  0.932792   2.20049
  0.17563  0.927952  0.328722 -0.513532
-0.980018  0.133132  0.147786   3.92836
        0         0         0         1
9	20	53
 0.736479 -0.297282  0.607637  0.361315
 0.323294  0.943717 0.0698627  -2.23031
-0.594206  0.144993  0.791136   3.34887
        0         0         0         1
8	22	53
 0.912681  0.219254 -0.344878  0.247202
-0.297417  0.935123 -0.192582  0.663738
 0.280279  0.278339  0.918679  -1.08159
       -0         0        -0         1
15	19	53
 0.217526  0.158488 -0.963101   1.51389
 -0.31501  0.945327 0.0844154  0.899251
 0.923825  0.285024  0.255559  -2.74412
       -0        -0        -0         1
11	15	53
 0.325521 -0.331966  0.885345   1.78712
 0.390523  0.899951  0.193856  -1.25213
 -0.86112  0.282644  0.422593   2.57545
        0         0         0         1
10	16	53
   0.743413   -0.299736     0.59791    0.805523
   0.111027    0.936861    0.331608 -0.00664163
  -0.659553   -0.180137    0.729754     4.08164
          0           0           0           1
8	24	53
  0.997903 -0.0614872  -0.020238   0.204063
 0.0462052    0.89555  -0.442555   0.792159
 0.0453355   0.440691   0.896513   -1.25118
         0          0          0          1
14	23	53
  0.752441   0.138341  -0.643968    1.93904
-0.0602382    0.98805   0.141873    -0.4633
  0.655899 -0.0679599   0.751783   -1.29259
         0          0          0          1
8	25	53
-0.636446 -0.420833  0.646402   3.84117
 0.579691  0.291857  0.760774  -1.29168
-0.508816  0.858906 0.0582021   1.24047
        0         0         0         1
10	17	53
  0.999865 0.00646865 -0.0151027  -0.345859
-0.00169659   0.954971   0.296694   0.118054
  0.016342  -0.296628   0.954853    2.90315
         0          0          0          1
8	26	53
-0.507469  0.424219 -0.750008   2.94693
-0.658766  0.370059  0.655044  0.546777
  0.55543  0.826495 0.0916674 -0.520614
       -0        -0        -0         1
14	24	53
  0.712119   0.271436  -0.647463    1.17001
 -0.084583   0.948688   0.304689 -0.0406995
  0.696945  -0.162211   0.698538  -0.814713
         0          0          0          1
8	27	53
 0.435043 -0.440633  0.785226 -0.778011
 0.697229  0.716672  0.015874  -2.21747
-0.569744  0.540577  0.619006   1.58718
       -0        -0        -0         1
14	25	53
 0.936427  0.266438 -0.228291  0.211427
-0.118017  0.851928  0.510188  0.317721
 0.330421 -0.450811  0.829212  0.682886
        0         0         0         1
13	14	53
  0.912294 -0.0592375    0.40523 -0.0730126
  0.133617   0.978391  -0.157788  -0.358958
 -0.387126   0.198095   0.900495   0.372183
        -0         -0         -0          1
15	24	53
  0.995891  0.0374429   0.082458   0.480149
-0.0408811   0.998346  0.0404102   0.355852
-0.0808086 -0.0436152   0.995775  -0.479843
         0         -0         -0          1
10	19	53
  0.991937 -0.0219333   0.124818  -0.614161
 0.0196372   0.999615  0.0195961  -0.284121
   -0.1252 -0.0169871   0.991986     2.2638
         0         -0         -0          1
9	25	53
 -0.535144  -0.463916   0.705977    3.71674
  0.487699   0.512708   0.706599   -1.68235
 -0.689762   0.722436 -0.0481214    2.91693
         0          0          0          1
8	31	53
  0.87187  0.280407 -0.401514   0.73618
-0.420528  0.848842 -0.320349   1.41407
 0.250994  0.448151  0.857999 -0.505792
        0         0         0         1
13	15	53
   0.933201     0.12428   -0.337182   -0.586898
  -0.115142    0.992235   0.0470507   -0.115329
   0.340411 -0.00508398    0.940263   -0.787937
          0           0           0           1
8	32	53
  0.923446   0.231955  -0.305687 -0.0260611
 -0.275288   0.955429  -0.106636   0.555844
  0.267328   0.182625   0.946142  -0.681715
         0          0          0          1
10	20	53
 0.889169 -0.210504  0.406284  -0.76202
0.0874631  0.949715  0.300651 -0.368033
-0.449142 -0.231795  0.862869   3.49021
        0         0         0         1
15	27	53
 0.406678  0.374047 -0.833488   1.26941
-0.330186  0.910847  0.247658   1.61274
 0.851816  0.174489  0.493926  -3.45498
       -0        -0        -0         1
9	26	53
   0.85923   0.248646  -0.447101  -0.620405
 -0.306666   0.949854 -0.0611022    1.17297
  0.409488   0.189611   0.892394   -1.20149
         0          0          0          1
13	16	53
