0	 1	 50	
0.9041128160	-0.1156316930	0.4113506130	-0.3813729200
0.0785576954	0.9912599830	0.1059827050	-0.4885486350
-0.4200103620	-0.0635055660	0.9052946150	1.0436255500
0.0000000000	0.0000000000	0.0000000000	1.0000000000
0	 2	 50	
0.7746206730	-0.2209598700	0.5925702900	-0.4879327070
0.1039157150	0.9687139810	0.2253768990	-0.7610431040
-0.6238303750	-0.1130042400	0.7733470790	1.7017497100
0.0000000000	0.0000000000	0.0000000000	1.0000000000
0	 3	 50	
0.9963350590	-0.0583842058	0.0625118687	-0.3971978530
0.0282395460	0.9143671310	0.4039000830	-0.4817870250
-0.0807401837	-0.4006545070	0.9126647740	1.5273256800
0.0000000000	0.0000000000	0.0000000000	1.0000000000
0	 35	 50	
-0.5022351480	0.0563404610	-0.8628937410	3.7527095900
-0.3995003660	0.8698811710	0.2893202490	0.1564138800
0.7669154540	0.4900331630	-0.4143768640	1.5910126600
0.0000000000	0.0000000000	0.0000000000	1.0000000000
0	 41	 50	
0.0108200950	-0.5944780240	0.8040390570	1.0692378000
0.1601439130	0.7947373250	0.5854455670	-0.4311104160
-0.9870343730	0.1224273840	0.1038011700	3.0449058600
0.0000000000	0.0000000000	0.0000000000	1.0000000000
0	 47	 50	
0.4598431690	0.0814653608	-0.8842554240	1.9308263900
-0.1061625560	0.9936845610	0.0363387596	0.2393916770
0.8816313130	0.0771646853	0.4655876290	-0.3006460630
0.0000000000	0.0000000000	0.0000000000	1.0000000000
0	 48	 50	
0.9575290290	0.0221493771	-0.2874848940	0.8389407230
-0.0300853193	0.9992776900	-0.0232157872	-0.1325985870
0.2867630250	0.0308788650	0.9575037670	0.7162434930
0.0000000000	0.0000000000	0.0000000000	1.0000000000
0	 49	 50	
0.9998831200	-0.0062354697	0.0139594077	0.2602410400
0.0056100528	0.9989979960	0.0444019306	-0.4295634630
-0.0142222872	-0.0443184279	0.9989162140	1.2284213400
0.0000000000	0.0000000000	0.0000000000	1.0000000000
1	 2	 50	
0.9731776400	-0.0831700497	0.2144948100	-0.3747779180
0.0617910496	0.9926003870	0.1045291290	-0.3158670990
-0.2216013250	-0.0884715515	0.9711156660	0.4995250780
0.0000000000	0.0000000000	0.0000000000	1.0000000000
1	 3	 50	
0.9379193030	0.1869109730	-0.2921843080	-0.2267885730
-0.0824438898	0.9383773670	0.3356351040	-0.0185212663
0.3369130250	-0.2907098320	0.8955319130	0.4325581770
0.0000000000	0.0000000000	0.0000000000	1.0000000000
1	 47	 50	
0.0051396361	0.0826214327	-0.9965677510	2.8074231100
-0.2601697840	0.9623711020	0.0784445423	0.6815771030
0.9655492050	0.2588736400	0.0264418375	-0.1945752100
0.0000000000	0.0000000000	0.0000000000	1.0000000000
1	 48	 50	
0.7118573420	0.0770779776	-0.6980817360	1.3286347000
-0.1438955000	0.9888802600	-0.0375488657	0.2009058700
0.6874250580	0.1271802560	0.7150328470	0.2511085890
0.0000000000	0.0000000000	0.0000000000	1.0000000000
1	 49	 50	
0.9054971130	0.0887806145	-0.4149614210	0.5166136280
-0.1097712220	0.9935912790	-0.0269564348	-0.0200401376
0.4099088400	0.0699597962	0.9094395910	0.4122085150
0.0000000000	0.0000000000	0.0000000000	1.0000000000
2	 3	 50	
0.8318257870	0.3032833040	-0.4648495430	0.1632269230
-0.1865218170	0.9415490860	0.2805261680	0.2778232580
0.5227575650	-0.1466443190	0.8397737620	0.0121704440
0.0000000000	0.0000000000	0.0000000000	1.0000000000
2	 22	 50	
0.8533513550	-0.2492410930	0.4578977420	0.0079578148
0.2028651950	0.9678429730	0.1487470780	-0.0041993656
-0.4802469960	-0.0340420056	0.8764724550	0.9745745810
0.0000000000	0.0000000000	0.0000000000	1.0000000000
2	 33	 50	
0.7643396730	0.5249713150	-0.3744195280	0.3452405160
-0.4914868230	0.8501901710	0.1887256650	0.9186096020
0.4174033630	0.0397717511	0.9078505610	-0.1654250180
0.0000000000	0.0000000000	0.0000000000	1.0000000000
2	 34	 50	
0.9874057250	-0.0528635852	0.1491153080	-0.2438604460
0.0273987771	0.9854201530	0.1679179240	0.0866851783
-0.1558179730	-0.1617175420	0.9744578980	0.9501744600
0.0000000000	0.0000000000	0.0000000000	1.0000000000
2	 41	 50	
0.5148512830	-0.4925756210	0.7016390910	-0.7564960690
0.3558772670	0.8673989530	0.3478080320	-0.0418552741
-0.7799227700	0.0706279908	0.6218779300	1.8050545100
0.0000000000	0.0000000000	0.0000000000	1.0000000000
2	 43	 50	
0.6954359490	-0.3663226180	0.6182043190	0.3540183480
0.2366141570	0.9290631780	0.2843507550	-0.8167782810
-0.6785149830	-0.0514718432	0.7327810500	1.5521181800
0.0000000000	0.0000000000	0.0000000000	1.0000000000
2	 47	 50	
-0.2030009080	0.0853487072	-0.9754518080	3.2883107100
-0.3460991650	0.9256356250	0.1530165280	0.7912339490
0.9159727070	0.3686655510	-0.1583657560	0.0954406433
0.0000000000	0.0000000000	0.0000000000	1.0000000000
2	 48	 50	
0.5393383270	0.1422846400	-0.8299814760	1.6934738000
-0.3012756040	0.9529863770	-0.0324033212	0.4457812600
0.7863505450	0.2675295230	0.5568489700	0.1677693260
0.0000000000	0.0000000000	0.0000000000	1.0000000000
2	 49	 50	
0.8103179720	0.1233875980	-0.5728527610	0.8323615000
-0.2083836400	0.9743555390	-0.0848972418	0.2115257790
0.5476869940	0.1881669040	0.8152497610	0.1771181290
0.0000000000	0.0000000000	0.0000000000	1.0000000000
3	 4	 50	
0.7296917590	0.3360663630	-0.5954908360	0.0973908259
-0.3817515620	0.9227458860	0.0529695564	0.7260137970
0.5672880060	0.1886781080	0.8016139280	-0.5411458980
0.0000000000	0.0000000000	0.0000000000	1.0000000000
3	 5	 50	
0.9666068590	0.1666250530	0.1946978980	-1.3975342900
-0.0844288966	0.9244026860	-0.3719562290	0.6314977360
-0.2419564860	0.3430973130	0.9076019460	0.9677205590
0.0000000000	0.0000000000	0.0000000000	1.0000000000
3	 11	 50	
0.8870837450	0.2341558130	-0.3978108650	-0.4030404240
-0.2409212680	0.9699595730	0.0336952381	1.0000286800
0.3937503920	0.0659505998	0.9168484860	-1.6365009200
0.0000000000	0.0000000000	0.0000000000	1.0000000000
3	 14	 50	
0.2827851730	-0.4744097130	0.8336473890	0.7621737430
0.5467677050	0.7938164910	0.2662713960	-1.2083599200
-0.7880847820	0.3805138670	0.4838714440	1.4530114000
0.0000000000	0.0000000000	0.0000000000	1.0000000000
3	 15	 50	
0.9004770290	-0.2557412810	0.3517634390	-0.4329088810
0.2472416970	0.9664425120	0.0697166744	-0.9670189990
-0.3577885730	0.0241923258	0.9334891900	0.9929714150
0.0000000000	0.0000000000	0.0000000000	1.0000000000
3	 20	 50	
0.0058982068	-0.5137365920	0.8579276920	-0.0304411934
0.5195500050	0.7346301690	0.4363327930	-0.4365796420
-0.8544196880	0.4431627560	0.2712448500	1.0617302500
0.0000000000	0.0000000000	0.0000000000	1.0000000000
3	 21	 50	
0.8053103190	0.3035556790	-0.5092437930	0.3297620730
-0.3367068830	0.9411761760	0.0285636203	0.6662383410
0.4879587750	0.1484633120	0.8601481730	-0.7378463800
0.0000000000	0.0000000000	0.0000000000	1.0000000000
3	 31	 50	
0.0999171782	0.2774526290	-0.9555294850	0.9444410000
-0.5505184740	0.8153656790	0.1791876670	0.5993200570
0.8288220360	0.5081327070	0.2342118360	-0.6631903980
0.0000000000	0.0000000000	0.0000000000	1.0000000000
3	 33	 50	
0.9935887360	-0.0205825216	0.1111655670	-0.1979880740
0.0237641665	0.9993428060	-0.0273719050	0.2776816220
-0.1105291270	0.0298381735	0.9934248820	0.1141882910
0.0000000000	0.0000000000	0.0000000000	1.0000000000
3	 34	 50	
0.8423841670	-0.2817152740	0.4593750320	-0.1670619200
0.2968976040	0.9540443150	0.0406356750	-0.3459305830
-0.4497118280	0.1021564970	0.8873124150	1.1784849000
0.0000000000	0.0000000000	0.0000000000	1.0000000000
3	 40	 50	
-0.9959694800	0.0492773947	-0.0749435398	2.8725664300
0.0605971812	-0.2463398920	-0.9672872580	4.1071232300
-0.0661269795	-0.9679299540	0.2423609430	3.0688447900
0.0000000000	0.0000000000	0.0000000000	1.0000000000
3	 41	 50	
0.1499260970	-0.5508985190	0.8209951200	1.1653154900
0.5271785100	0.7470334730	0.4049985300	-0.6321712270
-0.8364239260	0.3720911350	0.4024216730	1.5000005800
0.0000000000	0.0000000000	0.0000000000	1.0000000000
3	 42	 50	
0.7260320440	-0.3805608580	0.5727572820	-0.2442994390
0.3599013050	0.9200122590	0.1550757670	-0.3589239500
-0.5859594880	0.0935461175	0.8049227310	1.1424560000
0.0000000000	0.0000000000	0.0000000000	1.0000000000
3	 47	 50	
0.3347786810	0.1367886510	-0.9323154510	2.5516141900
-0.5050955000	0.8613091620	-0.0550005762	1.2429584700
0.7954883850	0.4893213590	0.3574392780	-1.2250387900
0.0000000000	0.0000000000	0.0000000000	1.0000000000
3	 48	 50	
0.9160618280	0.0461046496	-0.3983780720	1.3635329800
-0.2169613170	0.8924207430	-0.3956172450	0.6152370010
0.3372810610	0.4488424880	0.8275155020	-0.5579274350
0.0000000000	0.0000000000	0.0000000000	1.0000000000
3	 49	 50	
0.9985427400	0.0202284337	-0.0500320621	0.6835051060
-0.0377710617	0.9241320250	-0.3802017190	0.1454780050
0.0385453456	0.3815374310	0.9235493730	-0.2281281350
0.0000000000	0.0000000000	0.0000000000	1.0000000000
4	 5	 50	
0.7129502650	0.0998892710	-0.6940634360	0.5261901810
-0.3222278040	0.9257756700	-0.1977590720	0.6858791840
0.6227930330	0.3646389200	0.6922191100	-0.6050790520
0.0000000000	0.0000000000	0.0000000000	1.0000000000
4	 6	 50	
0.2458509980	-0.0405267231	-0.9684600520	1.5538080300
-0.4705171860	0.8685293630	-0.1557893570	0.9426682030
0.8474496230	0.4939780670	0.1944602910	-0.7453323230
0.0000000000	0.0000000000	0.0000000000	1.0000000000
4	 7	 50	
0.0586863392	0.1699374550	-0.9837058380	1.4881115700
-0.4841258750	0.8666157210	0.1208276810	0.3253670900
0.8730280930	0.4691465160	0.1331296230	-1.2808768500
0.0000000000	0.0000000000	0.0000000000	1.0000000000
4	 8	 50	
0.4779949000	0.3436127960	-0.8083632370	0.5665354360
-0.4337339370	0.8926127240	0.1229528260	0.6148583830
0.7638034750	0.2918437450	0.5757008600	-1.4264218600
0.0000000000	0.0000000000	0.0000000000	1.0000000000
4	 9	 50	
0.7086109430	0.3441695020	-0.6159690620	-0.2743705380
-0.3617912010	0.9267075770	0.1015883510	0.6193052000
0.6057868100	0.1508655700	0.7811926270	-1.5471603800
0.0000000000	0.0000000000	0.0000000000	1.0000000000
4	 10	 50	
0.9354038030	0.1700550110	-0.3100016420	-0.9606364270
-0.1595994500	0.9854180950	0.0589846961	0.3405842100
0.3155118710	-0.0056984175	0.9489045200	-1.3661294000
0.0000000000	0.0000000000	0.0000000000	1.0000000000
4	 11	 50	
0.9433960270	-0.1767447940	0.2806514110	-1.1635586100
0.1635633600	0.9840524520	0.0699127929	-0.1376617780
-0.2885324320	-0.0200511632	0.9572601460	-0.4221461120
0.0000000000	0.0000000000	0.0000000000	1.0000000000
4	 14	 50	
0.8775605130	-0.2142302160	0.4289440080	0.9783872800
0.2004121410	0.9766220940	0.0777448342	-1.4062880600
-0.4355714880	0.0177397902	0.8999793210	1.5276112500
0.0000000000	0.0000000000	0.0000000000	1.0000000000
4	 15	 50	
0.9282649820	0.2188157380	-0.3007387520	0.6113000200
-0.1948502690	0.9748811010	0.1078898090	-0.7536601380
0.3167925140	-0.0415513046	0.9475842930	0.2397978290
0.0000000000	0.0000000000	0.0000000000	1.0000000000
4	 16	 50	
0.4587427810	0.4447012240	-0.7692827060	0.6220466720
-0.4396397670	0.8659532030	0.2384154470	-0.1517887410
0.7721864650	0.2288359050	0.5927581230	-0.7236820970
0.0000000000	0.0000000000	0.0000000000	1.0000000000
4	 17	 50	
-0.0291164608	0.3850017150	-0.9224564550	1.8363508200
-0.4606281380	0.8138518080	0.3542131460	0.4174124710
0.8871155230	0.4352228320	0.1536461390	-1.1092380800
0.0000000000	0.0000000000	0.0000000000	1.0000000000
4	 18	 50	
0.4608534860	0.3742706560	-0.8046959300	0.7744831620
-0.4233292370	0.8896281350	0.1713304940	0.5764730970
0.7800041170	0.2616930580	0.5684279390	-1.3528095900
0.0000000000	0.0000000000	0.0000000000	1.0000000000
4	 19	 50	
0.6980289100	0.2790773620	-0.6594478500	0.1806252660
-0.2513035680	0.9578255060	0.1393442400	0.3967666500
0.6705237930	0.0684552897	0.7387230310	-1.4174051200
0.0000000000	0.0000000000	0.0000000000	1.0000000000
4	 20	 50	
0.8355496750	0.3468686510	-0.4260737970	0.7189749750
-0.3245614240	0.9373508820	0.1266222980	0.3541428680
0.4433019550	0.0324878987	0.8957834080	-0.8826626510
0.0000000000	0.0000000000	0.0000000000	1.0000000000
4	 21	 50	
0.9809895940	-0.0102778504	0.1937879850	-0.5458215600
0.0154793891	0.9995588800	-0.0253462723	0.1834856320
-0.1934419960	0.0278641490	0.9807159550	-0.3611642040
0.0000000000	0.0000000000	0.0000000000	1.0000000000
4	 22	 50	
0.9995208350	0.0101665369	-0.0292359865	0.1173757490
-0.0122268288	0.9973886340	-0.0711787760	-0.0823369318
0.0284359990	0.0715021330	0.9970350240	-0.2803216490
0.0000000000	0.0000000000	0.0000000000	1.0000000000
4	 24	 50	
0.5034833950	-0.3997074570	0.7659885240	-0.3041516850
0.4890649640	0.8626986660	0.1287108070	-1.1521101000
-0.7122639480	0.3098143960	0.6298373670	0.9848801050
0.0000000000	0.0000000000	0.0000000000	1.0000000000
4	 27	 50	
0.1638458430	0.2660722790	-0.9499263560	1.5198746900
-0.4744475470	0.8655109370	0.1605937220	0.6685320880
0.8649011880	0.4243776150	0.2680477090	-1.3387891300
0.0000000000	0.0000000000	0.0000000000	1.0000000000
4	 28	 50	
0.4380717180	-0.0796987245	-0.8954000690	1.3423689400
-0.4135594120	0.8665274950	-0.2794614690	0.2437569970
0.7981615020	0.4927252920	0.3466410310	-0.7082712050
0.0000000000	0.0000000000	0.0000000000	1.0000000000
4	 29	 50	
0.9355175480	0.1884636050	-0.2988116250	0.1408227910
-0.2036231190	0.9788422590	-0.0201359654	-0.0858237961
0.2886945490	0.0796825041	0.9540996570	0.2398327660
0.0000000000	0.0000000000	0.0000000000	1.0000000000
4	 30	 50	
0.9925045360	-0.0150221130	0.1212810080	0.1878209290
0.0341704873	0.9869452440	-0.1573895290	-0.5870293220
-0.1173333900	0.1603540530	0.9800609440	0.9049335180
0.0000000000	0.0000000000	0.0000000000	1.0000000000
4	 31	 50	
0.7774570790	0.1913723590	-0.5991136040	0.5345077810
-0.3210722730	0.9398705780	-0.1164297750	0.1534973930
0.5408078080	0.2828779190	0.7921533930	-0.5799869210
0.0000000000	0.0000000000	0.0000000000	1.0000000000
4	 32	 50	
0.3191721180	0.3229294180	-0.8909802180	1.1364907900
-0.4562663870	0.8763822150	0.1541920760	0.5659426590
0.8306323750	0.3573105140	0.4270586070	-1.4664521700
0.0000000000	0.0000000000	0.0000000000	1.0000000000
4	 38	 50	
0.3315385580	0.6277122270	-0.7043149470	0.8854395680
-0.4613129570	0.7590661460	0.4593570950	-0.2745175360
0.8229656980	0.1726150220	0.5412314790	-0.8127447110
0.0000000000	0.0000000000	0.0000000000	1.0000000000
4	 40	 50	
0.9986707060	0.0164694931	-0.0488423666	-0.6296150910
-0.0063764156	0.9797751980	0.1999997560	0.0050599148
0.0511484340	-0.1994224580	0.9785778050	-0.0248721259
0.0000000000	0.0000000000	0.0000000000	1.0000000000
4	 41	 50	
0.7110346970	-0.4092181030	0.5718130850	-0.2312887420
0.3257295800	0.9123819750	0.2479100100	-0.6925970690
-0.6231612160	0.0099838170	0.7820296810	1.2422089900
0.0000000000	0.0000000000	0.0000000000	1.0000000000
4	 42	 50	
0.9904264700	-0.1076933880	0.0863570610	-0.3305498530
0.0938982969	0.9841565100	0.1503963900	-0.2744002720
-0.1011855610	-0.1408477850	0.9848468830	0.2961436010
0.0000000000	0.0000000000	0.0000000000	1.0000000000
4	 43	 50	
0.9129352700	-0.1695598430	0.3712124080	-0.1928657290
0.1869085970	0.9823160000	-0.0109751269	-0.5147760130
-0.3627869470	0.0794023708	0.9284831150	0.4761655820
0.0000000000	0.0000000000	0.0000000000	1.0000000000
4	 49	 50	
0.7845800840	-0.0890824913	0.6135946560	0.7415860730
0.2591595760	0.9461472780	-0.1940145400	-0.2614962990
-0.5632676150	0.3112388750	0.7654148920	-0.1235261050
0.0000000000	0.0000000000	0.0000000000	1.0000000000
5	 6	 50	
0.8314801530	-0.0223455205	-0.5551048850	0.6757301180
-0.0964920069	0.9781954380	-0.1839102440	0.3022687630
0.5471106360	0.2064809020	0.8111939280	-0.9197907580
0.0000000000	0.0000000000	0.0000000000	1.0000000000
5	 7	 50	
0.7278890850	0.1803589940	-0.6615497820	0.3155552630
-0.1461499970	0.9834253820	0.1073065500	-0.4604508700
0.6699385480	0.0185782321	0.7421840680	-1.0308463900
0.0000000000	0.0000000000	0.0000000000	1.0000000000
5	 8	 50	
0.9380403310	0.1760306750	-0.2984854080	-0.3920491120
-0.0969458103	0.9602806480	0.2616535630	-0.3123600090
0.3326888140	-0.2165046860	0.9178474130	-0.6588206370
0.0000000000	0.0000000000	0.0000000000	1.0000000000
5	 10	 50	
-0.3392595130	-0.5015181370	0.7958533410	1.2618579600
0.2140309060	0.7826867230	0.5844589500	-1.1222839200
-0.9160206080	0.3686204700	-0.1581935350	2.1658167800
0.0000000000	0.0000000000	0.0000000000	1.0000000000
5	 15	 50	
0.9302112600	-0.2090617120	0.3016624150	1.1551748900
0.0653493142	0.9031226460	0.4243806710	-1.0335022400
-0.3611599080	-0.3750502470	0.8537568940	0.7922384920
0.0000000000	0.0000000000	0.0000000000	1.0000000000
5	 16	 50	
0.9442844820	0.1666008700	-0.2838502550	0.3409307480
-0.0590816948	0.9342179930	0.3517756310	-0.8427764120
0.3237841420	-0.3154059160	0.8920106150	-0.0203300875
0.0000000000	0.0000000000	0.0000000000	1.0000000000
5	 17	 50	
0.7056300570	0.3157742940	-0.6343286350	0.5295287510
-0.1313957540	0.9379962640	0.3207774380	-0.2725104860
0.6962911590	-0.1430021130	0.7033697590	-1.1539945100
0.0000000000	0.0000000000	0.0000000000	1.0000000000
5	 18	 50	
0.9163101580	0.1869503030	-0.3541543160	-0.0782053124
-0.0717154633	0.9466549490	0.3141676300	-0.3658067010
0.3939956690	-0.2624766500	0.8808367730	-0.7957606910
0.0000000000	0.0000000000	0.0000000000	1.0000000000
5	 20	 50	
-0.7821304270	-0.3564851640	0.5110678260	1.8131484400
0.0696052995	0.7650657680	0.6401792510	-0.8473760670
-0.6192149040	0.5362767000	-0.5735679590	2.3934192200
0.0000000000	0.0000000000	0.0000000000	1.0000000000
5	 24	 50	
-0.5161413330	0.4057113470	-0.7543185190	2.2859292600
-0.1254118530	0.8354045800	0.5351364820	-0.8118398120
0.8472720890	0.3708065400	-0.3803058220	-0.2860766280
0.0000000000	0.0000000000	0.0000000000	1.0000000000
5	 25	 50	
-0.9615189250	0.0691955181	-0.2658821880	2.8409163700
-0.1089162710	0.7924637280	0.6001153940	-1.0046721000
0.2522272850	0.6059812050	-0.7544323540	1.9082869800
0.0000000000	0.0000000000	0.0000000000	1.0000000000
5	 26	 50	
-0.9461939360	0.1074381950	-0.3052442790	1.7585278700
-0.0704378979	0.8522789720	0.5183233130	-0.8944715660
0.3158410010	0.5119351410	-0.7988534750	1.9989165700
0.0000000000	0.0000000000	0.0000000000	1.0000000000
5	 27	 50	
0.8153383580	0.1341507320	-0.5632290320	0.3005104450
-0.0696975655	0.9884544570	0.1345363720	-0.2600702070
0.5747744000	-0.0704369722	0.8152748140	-1.1687195100
0.0000000000	0.0000000000	0.0000000000	1.0000000000
5	 28	 50	
0.9387675880	-0.0266511497	-0.3435187510	0.6642517760
-0.0461801238	0.9782758530	-0.2020983700	-0.4022955780
0.3414422540	0.2055871370	0.9171429100	-0.5227434380
0.0000000000	0.0000000000	0.0000000000	1.0000000000
5	 29	 50	
0.9295888420	-0.1739826660	0.3249532530	0.6284261350
0.0762474000	0.9532887160	0.2922789030	-0.4893688970
-0.3606257330	-0.2469223660	0.8994322800	0.8901730160
0.0000000000	0.0000000000	0.0000000000	1.0000000000
5	 30	 50	
0.6433591250	-0.2410906860	0.7266115320	1.1296692400
0.1065987270	0.9680839070	0.2268264990	-0.6705968600
-0.7581066870	-0.0684750330	0.6485255750	1.4888690100
0.0000000000	0.0000000000	0.0000000000	1.0000000000
5	 31	 50	
0.9998054460	-0.0129198941	0.0149045613	0.3676776320
0.0106456148	0.9895663420	0.1436841180	-0.5589560110
-0.0166054358	-0.1434974960	0.9895113580	0.0482775736
0.0000000000	0.0000000000	0.0000000000	1.0000000000
5	 32	 50	
0.9013955320	0.1416893300	-0.4091579510	-0.0566880292
-0.0658828923	0.9788227660	0.1938180520	-0.4088404660
0.4279550670	-0.1477502170	0.8916413710	-0.9686255330
0.0000000000	0.0000000000	0.0000000000	1.0000000000
5	 33	 50	
0.9925603100	0.1092936930	-0.0536555567	-0.7523392190
-0.0842428035	0.9346491290	0.3454477610	-0.2472197400
0.0879043809	-0.3383576430	0.9369028370	0.1092243760
0.0000000000	0.0000000000	0.0000000000	1.0000000000
5	 34	 50	
0.7819808090	-0.3791846960	0.4946968580	-0.2819205360
0.1373863590	0.8790067330	0.4565875070	-0.5842206990
-0.6079728640	-0.2890780670	0.7394612010	1.4318298100
0.0000000000	0.0000000000	0.0000000000	1.0000000000
5	 38	 50	
0.8990559220	0.2756473240	-0.3401720190	0.5249517140
-0.0553104852	0.8422226510	0.5362851450	-0.9823090500
0.4343261440	-0.4633352560	0.7724514490	-0.1940797910
0.0000000000	0.0000000000	0.0000000000	1.0000000000
5	 42	 50	
0.7590297110	-0.4230060250	0.4949139320	-0.5257280840
0.1124618170	0.8339311860	0.5402879950	-0.6909780840
-0.6412692390	-0.3544357210	0.6805505730	1.5312982300
0.0000000000	0.0000000000	0.0000000000	1.0000000000
5	 45	 50	
0.2105316310	0.0663601454	-0.9753321300	1.5822490500
-0.1509667850	0.9879320690	0.0346302877	-0.2342494640
0.9658599600	0.1399519850	0.2180091270	-1.4121161000
0.0000000000	0.0000000000	0.0000000000	1.0000000000
5	 46	 50	
0.8596997030	0.0307761464	-0.5098717970	0.5163165430
-0.0801622006	0.9939436120	-0.0751672600	0.0131140194
0.5044704570	0.1054937160	0.8569601120	-0.1723810950
0.0000000000	0.0000000000	0.0000000000	1.0000000000
5	 47	 50	
-0.7865762930	-0.0672418187	0.6138210430	1.4879658900
0.0768696548	0.9756580200	0.2053837500	-0.6663902020
-0.6126898000	0.2087342010	-0.7622606130	3.5296060600
0.0000000000	0.0000000000	0.0000000000	1.0000000000
5	 48	 50	
0.9068813890	0.1093361570	-0.4069542370	2.2831802500
-0.0953673373	0.9939479480	0.0545210829	-0.3970554010
0.4104524540	-0.0106340134	0.9118199930	-0.7769011170
0.0000000000	0.0000000000	0.0000000000	1.0000000000
6	 7	 50	
0.9812189580	0.0304237915	-0.1904829390	-0.1628572710
0.0140539689	0.9735842390	0.2278951860	-0.8224540500
0.1923846230	-0.2262921180	0.9548717370	0.1018883930
0.0000000000	0.0000000000	0.0000000000	1.0000000000
6	 8	 50	
0.9689746300	-0.0977626299	0.2270036020	-0.6275479230
-0.0105465852	0.9012560650	0.4331584870	-0.6087192570
-0.2469350860	-0.4221136970	0.8722632000	0.8883608650
0.0000000000	0.0000000000	0.0000000000	1.0000000000
6	 9	 50	
0.8601726000	-0.2362093340	0.4520046990	-0.8793817580
-0.0279740115	0.8630921800	0.5042711020	-0.6519861590
-0.5092352620	-0.4464045690	0.7358005220	1.6661136200
0.0000000000	0.0000000000	0.0000000000	1.0000000000
6	 11	 50	
0.1543810060	0.5285690150	-0.8347342700	1.8938257600
0.0129268520	0.8437100890	0.5366434410	-0.7699858470
0.9879268200	-0.0936380405	0.1234200790	-0.0356743512
0.0000000000	0.0000000000	0.0000000000	1.0000000000
6	 12	 50	
-0.4963190410	-0.4292320320	0.7546040500	0.7542718260
-0.0475932126	0.8813648990	0.4700327660	-0.6766891540
-0.8668346420	0.1973721810	-0.4578667130	3.1671449200
0.0000000000	0.0000000000	0.0000000000	1.0000000000
6	 14	 50	
-0.2609296130	-0.5051805590	0.8226228420	0.8617982200
-0.0072822229	0.8531487250	0.5216169310	-0.8563982120
-0.9653303610	0.1301147810	-0.2262906040	3.8169112800
0.0000000000	0.0000000000	0.0000000000	1.0000000000
6	 16	 50	
0.9740811230	-0.1127018260	0.1961230820	0.3350707650
-0.0100560262	0.8446047440	0.5352959010	-0.9265245370
-0.2259753110	-0.5233938520	0.8215802060	1.0903098400
0.0000000000	0.0000000000	0.0000000000	1.0000000000
6	 17	 50	
0.9615642160	0.1173957690	-0.2482186370	-0.0496291050
0.0162686874	0.8780470700	0.4782976810	-0.6614928550
0.2740977710	-0.4639521260	0.8423887680	-0.1547247750
0.0000000000	0.0000000000	0.0000000000	1.0000000000
6	 18	 50	
0.9817220910	-0.0874310199	0.1690489650	-0.4868756500
-0.0066128541	0.8720284990	0.4894104280	-0.6081958790
-0.1902051680	-0.4815829250	0.8555114730	0.6736891890
0.0000000000	0.0000000000	0.0000000000	1.0000000000
6	 19	 50	
0.8890768930	-0.2140480980	0.4046303120	-0.7871412620
-0.0365842597	0.8478864370	0.5289141540	-0.5434596370
-0.4562936220	-0.4850484530	0.7460054480	1.3327694600
0.0000000000	0.0000000000	0.0000000000	1.0000000000
6	 21	 50	
-0.4381641110	0.4675379430	-0.7677372490	2.8098441400
0.1016993800	0.8743903570	0.4744457180	-0.7095880400
0.8931234220	0.1298066840	-0.4306747930	0.3793444880
0.0000000000	0.0000000000	0.0000000000	1.0000000000
6	 22	 50	
-0.1034567160	0.3864236970	-0.9165006460	2.5460966500
0.0878139194	0.9213955520	0.3785748960	-0.6912349910
0.9907499300	-0.0413153984	-0.1292579370	-0.1998789540
0.0000000000	0.0000000000	0.0000000000	1.0000000000
6	 23	 50	
0.3268173980	0.3338439420	-0.8841598330	1.5823001700
0.0124106867	0.9339355740	0.3572258660	-0.7318617260
0.9450060120	-0.1277206590	0.3010831610	-0.6433855870
0.0000000000	0.0000000000	0.0000000000	1.0000000000
6	 24	 50	
0.7246986350	0.2368970840	-0.6470638760	0.7135113090
0.0175434260	0.9323972940	0.3610090210	-0.8361299830
0.6888425920	-0.2729744620	0.6715510600	-0.4411736030
0.0000000000	0.0000000000	0.0000000000	1.0000000000
6	 27	 50	
0.9959917250	0.0037015544	-0.0893688010	-0.3307811720
0.0257380050	0.9450244740	0.3259851210	-0.5812729170
0.0856623558	-0.3269786580	0.9411412850	-0.0160049551
0.0000000000	0.0000000000	0.0000000000	1.0000000000
6	 28	 50	
0.9645043060	-0.0164298192	0.2635555070	0.2905851600
0.0178648778	0.9998357610	-0.0030491899	-0.6211652160
-0.2634621230	0.0076493437	0.9646394130	0.5010604740
0.0000000000	0.0000000000	0.0000000000	1.0000000000
6	 30	 50	
0.0934970871	-0.3428404620	0.9347292190	1.8231328100
-0.0562265381	0.9355252310	0.3487565320	-0.4747464720
-0.9940306190	-0.0851643078	0.0681921517	1.8728190100
0.0000000000	0.0000000000	0.0000000000	1.0000000000
6	 31	 50	
0.8100903850	-0.1942486790	0.5531916650	0.3611850680
0.0052331982	0.9458799770	0.3244744700	-0.6311568530
-0.5862816570	-0.2599586870	0.7672648170	1.0932316200
0.0000000000	0.0000000000	0.0000000000	1.0000000000
6	 32	 50	
0.9985839750	-0.0276902313	0.0454235144	-0.4876003100
0.0081447224	0.9233665940	0.3838330320	-0.6983860170
-0.0525709812	-0.3829195530	0.9222846130	0.2647535970
0.0000000000	0.0000000000	0.0000000000	1.0000000000
6	 33	 50	
0.8875679860	-0.0786158131	0.4539191830	-0.6701155240
-0.1905468110	0.8344428380	0.5171044990	-0.0731216707
-0.4194222020	-0.5454582510	0.7256447570	1.6905147600
0.0000000000	0.0000000000	0.0000000000	1.0000000000
6	 34	 50	
-0.2000709450	0.5160340830	-0.8328748060	1.4559743600
0.0501281524	0.8543397650	0.5172917310	-0.4029935150
0.9784982290	0.0617445704	-0.1967964000	0.1441628460
0.0000000000	0.0000000000	0.0000000000	1.0000000000
6	 38	 50	
0.9975097820	-0.0122841581	0.0694502298	0.1723806100
-0.0381399213	0.7343558150	0.6776923220	-1.0095061700
-0.0593260598	-0.6786535460	0.7320585920	1.6249187400
0.0000000000	0.0000000000	0.0000000000	1.0000000000
6	 43	 50	
-0.3588780660	-0.5135961880	0.7793750630	1.1741792600
0.0100229656	0.8328303080	0.5534376380	-0.7332695400
-0.9333306350	0.2064282780	-0.2937367730	2.7724822000
0.0000000000	0.0000000000	0.0000000000	1.0000000000
6	 45	 50	
0.7349822000	0.0381834356	-0.6770104810	0.4865974430
0.0417264258	0.9939744110	0.1013596390	-0.6328383370
0.6768013530	-0.1027467580	0.7289602410	-0.7706854810
0.0000000000	0.0000000000	0.0000000000	1.0000000000
6	 46	 50	
0.9990507740	-0.0100250864	0.0423916008	0.3075608530
0.0047845373	0.9925233200	0.1219613390	-0.1342990590
-0.0432973253	-0.1216427460	0.9916291570	0.7487367690
0.0000000000	0.0000000000	0.0000000000	1.0000000000
6	 47	 50	
0.8758793060	0.1494723560	-0.4587956580	1.2233589200
-0.0558946540	0.9758403190	0.2112142500	-0.4575884710
0.4792819930	-0.1593539660	0.8630730470	-0.7086159570
0.0000000000	0.0000000000	0.0000000000	1.0000000000
7	 8	 50	
0.9005857100	-0.1735155010	0.3985445390	-0.2922371060
0.0843758702	0.9692150420	0.2313069730	-0.0018638094
-0.4264107070	-0.1746842120	0.8875017380	0.8972272230
0.0000000000	0.0000000000	0.0000000000	1.0000000000
7	 9	 50	
0.7330827650	-0.3199486710	0.6001853940	-0.3951283930
0.1283069120	0.9316561520	0.3399325670	-0.2296719890
-0.6679273880	-0.1721907720	0.7240326940	1.6831945700
0.0000000000	0.0000000000	0.0000000000	1.0000000000
7	 10	 50	
0.4267227700	-0.4747952940	0.7697253450	-0.1968192110
0.1700882150	0.8780513300	0.4473207580	-0.4463561970
-0.8882441540	-0.0599607429	0.4554415800	2.3540672400
0.0000000000	0.0000000000	0.0000000000	1.0000000000
7	 11	 50	
-0.2536544610	-0.5170327840	0.8175185100	0.8095051300
0.1695972990	0.8082957720	0.5638215150	-0.4664479800
-0.9523109630	0.2816647730	-0.1173404650	2.6434759100
0.0000000000	0.0000000000	0.0000000000	1.0000000000
7	 12	 50	
-0.7010675820	-0.3523845960	0.6199430140	1.6269551500
0.1324268560	0.7899104550	0.5987525370	-0.5280062110
-0.7006906400	0.5018630980	-0.5071154290	2.7128285000
0.0000000000	0.0000000000	0.0000000000	1.0000000000
7	 13	 50	
-0.8183150990	-0.2800750010	0.5019147270	1.9268610300
0.0993398530	0.7911855230	0.6034542750	-0.6289966180
-0.5661201220	0.5436758800	-0.6196164500	2.9469700100
0.0000000000	0.0000000000	0.0000000000	1.0000000000
7	 14	 50	
-0.3667603970	-0.4774374010	0.7984612320	1.5170172700
0.1882928490	0.8024108990	0.5662884000	-0.8332417160
-0.9110612570	0.3580366990	-0.2043944910	3.5234968200
0.0000000000	0.0000000000	0.0000000000	1.0000000000
7	 16	 50	
0.9158118570	-0.1953313360	0.3509049890	0.6756588730
0.0726282674	0.9398970600	0.3336445000	-0.3001108480
-0.3949857930	-0.2800699670	0.8749554480	0.7842061020
0.0000000000	0.0000000000	0.0000000000	1.0000000000
7	 17	 50	
0.9957069720	0.0331869716	-0.0864074704	0.0896870731
-0.0086487432	0.9627877840	0.2701201270	0.2085656390
0.0921565259	-0.2682131780	0.9589415340	-0.2548710720
0.0000000000	0.0000000000	0.0000000000	1.0000000000
7	 18	 50	
0.9195832140	-0.1739643630	0.3522827180	-0.2256352650
0.0745330113	0.9575919880	0.2783207040	0.0699246359
-0.3857609920	-0.2296823550	0.8935516060	0.6760396360
0.0000000000	0.0000000000	0.0000000000	1.0000000000
7	 19	 50	
0.7518156470	-0.3208601640	0.5760399180	-0.3291065470
0.1215903230	0.9260979750	0.3571530970	-0.0609809619
-0.6480656030	-0.1984724070	0.7352684390	1.4048723300
0.0000000000	0.0000000000	0.0000000000	1.0000000000
7	 20	 50	
0.4940928090	-0.4747781040	0.7283255100	-0.3109827790
0.1683646490	0.8741182910	0.4555991210	-0.2062446500
-0.8529511360	-0.1024839800	0.5118314100	2.0406621700
0.0000000000	0.0000000000	0.0000000000	1.0000000000
7	 21	 50	
0.2014463560	-0.5111245910	0.8355662860	-0.1105465840
0.1812112360	0.8577761360	0.4810224400	-0.3379502490
-0.9625912180	0.0545137815	0.2654173960	2.6724314300
0.0000000000	0.0000000000	0.0000000000	1.0000000000
7	 22	 50	
0.1518802570	0.4287242450	-0.8905772900	2.4779545100
-0.1916027840	0.8967092110	0.3989999550	0.3253354510
0.9696498130	0.1100368730	0.2183371850	-0.9232165780
0.0000000000	0.0000000000	0.0000000000	1.0000000000
7	 23	 50	
0.6041425080	0.3211409190	-0.7293012690	1.2034498900
-0.1872745100	0.9467857790	0.2617727010	0.2792741930
0.7745579950	-0.0215684783	0.6321350430	-1.0113628800
0.0000000000	0.0000000000	0.0000000000	1.0000000000
7	 24	 50	
0.8198062310	0.1952953890	-0.5383098130	0.7696306960
-0.1088110330	0.9760473300	0.1883925910	0.1268340810
0.5622080600	-0.0958713732	0.8214199760	-0.7540993930
0.0000000000	0.0000000000	0.0000000000	1.0000000000
7	 25	 50	
0.8123931930	0.2597324740	-0.5220692880	1.6185353700
-0.1073512320	0.9466343210	0.3039065250	-0.0333691443
0.5731430990	-0.1908468110	0.7969218800	-0.1427753810
0.0000000000	0.0000000000	0.0000000000	1.0000000000
7	 27	 50	
0.9938612400	-0.0303862052	0.1063791080	-0.2218955220
0.0191367150	0.9942653190	0.1052153090	0.2800703820
-0.1089661510	-0.1025336710	0.9887432550	0.0124949643
0.0000000000	0.0000000000	0.0000000000	1.0000000000
7	 28	 50	
0.8683436290	0.0149828772	0.4957366800	0.4693911180
0.1152193880	0.9661026430	-0.2310198600	0.1305614720
-0.4823938590	0.2577231000	0.8371827570	0.4145737070
0.0000000000	0.0000000000	0.0000000000	1.0000000000
7	 31	 50	
0.6860569560	-0.2121156040	0.6959402450	0.6827746100
0.1321816710	0.9769761850	0.1674680260	0.0001348137
-0.7154396270	-0.0229020590	0.6982991020	0.9295975800
0.0000000000	0.0000000000	0.0000000000	1.0000000000
7	 32	 50	
0.9641658720	-0.1001682410	0.2456633780	-0.2799530540
0.0642594366	0.9865842870	0.1500738830	0.0738641728
-0.2574002650	-0.1289099260	0.9576676530	0.2553008820
0.0000000000	0.0000000000	0.0000000000	1.0000000000
7	 33	 50	
0.7367370710	-0.3591156170	0.5729349540	0.1022292230
0.1272507720	0.9058076250	0.4041284290	-0.0492472100
-0.6640976800	-0.2248299800	0.7130397960	1.8257317400
0.0000000000	0.0000000000	0.0000000000	1.0000000000
7	 34	 50	
0.9867436540	-0.0191188127	-0.1611565450	-0.3740980910
0.0835593527	0.9111423430	0.4035312450	0.1669484080
0.1391215140	-0.4116480310	0.9006614810	0.4956611290
0.0000000000	0.0000000000	0.0000000000	1.0000000000
7	 40	 50	
0.9968541340	0.0382929412	-0.0693936986	-1.1406311700
0.0029546461	0.8569786710	0.5153434080	0.0724208570
0.0792029343	-0.5139272400	0.8541695890	1.3672134700
0.0000000000	0.0000000000	0.0000000000	1.0000000000
7	 41	 50	
0.8140243310	-0.3657311560	0.4512262290	-0.6366772940
0.1189934010	0.8653941360	0.4867582150	-0.1845146790
-0.5685111780	-0.3425400860	0.7479714770	2.5234520400
0.0000000000	0.0000000000	0.0000000000	1.0000000000
7	 47	 50	
0.4442628420	-0.1176349160	0.8881399400	-1.0333241300
0.1634925130	0.9853404660	0.0487274494	0.3680925670
-0.8808522720	0.1235564360	0.4569825840	0.4126958310
0.0000000000	0.0000000000	0.0000000000	1.0000000000
8	 9	 50	
0.9528211360	-0.1459535830	0.2661380000	-0.4392622390
0.1229268060	0.9872310400	0.1013107810	-0.3594632850
-0.2775263660	-0.0638155592	0.9585962080	0.6169793270
0.0000000000	0.0000000000	0.0000000000	1.0000000000
8	 10	 50	
0.7726939920	-0.3368862270	0.5380071230	-0.5726335460
0.2540262530	0.9408322320	0.2242885950	-0.7226579420
-0.5817341810	-0.0366385162	0.8125533600	1.2382153700
0.0000000000	0.0000000000	0.0000000000	1.0000000000
8	 11	 50	
0.1936197380	-0.5233796750	0.8298102870	0.2359591400
0.3756465240	0.8209083190	0.4301153570	-0.9465511720
-0.9063118040	0.2284365280	0.3555498090	1.8622659700
0.0000000000	0.0000000000	0.0000000000	1.0000000000
8	 12	 50	
0.3155892430	0.4766726260	-0.8204795170	2.0514938300
-0.3669608590	0.8587016440	0.3577306460	0.0184170572
0.8750675160	0.1881879240	0.4459171980	-0.5506476180
0.0000000000	0.0000000000	0.0000000000	1.0000000000
8	 13	 50	
0.5133683220	0.4007990940	-0.7588234660	1.8483631500
-0.3285411580	0.9086613910	0.2576726310	0.1194308600
0.7927885430	0.1170237740	0.5981569720	-0.9029971470
0.0000000000	0.0000000000	0.0000000000	1.0000000000
8	 14	 50	
0.0131158075	0.5264970040	-0.8500758090	2.3739334100
-0.3987760020	0.7823692020	0.4784100040	0.2659158740
0.9169545660	0.3327150990	0.2202157740	-1.3741425000
0.0000000000	0.0000000000	0.0000000000	1.0000000000
8	 16	 50	
0.9996586250	0.0112475019	-0.0235823329	0.9177954950
-0.0085605618	0.9937731730	0.1110927470	-0.4480711270
0.0246850056	-0.1108529440	0.9935302080	0.2348972140
0.0000000000	0.0000000000	0.0000000000	1.0000000000
8	 17	 50	
0.8605844680	0.2197600360	-0.4594560920	0.8404883850
-0.1989403780	0.9754969730	0.0939594690	0.3650112170
0.4688465630	0.0105443090	0.8832166880	-0.8253582640
0.0000000000	0.0000000000	0.0000000000	1.0000000000
8	 18	 50	
0.9990569950	0.0186778774	-0.0391951254	0.1693224880
-0.0168661750	0.9987965140	0.0460549291	0.1029175000
0.0400081629	-0.0453504272	0.9981696680	-0.1578808200
0.0000000000	0.0000000000	0.0000000000	1.0000000000
8	 19	 50	
0.9632445080	-0.1316880840	0.2341330120	-0.2550503840
0.1037976630	0.9863605680	0.1277453520	-0.1515034480
-0.2477621110	-0.0987475494	0.9637753150	0.4223804070
0.0000000000	0.0000000000	0.0000000000	1.0000000000
8	 20	 50	
0.8248684280	-0.3064071000	0.4750860610	-0.5462350820
0.2321771660	0.9498468750	0.2094867030	-0.3886365550
-0.5154472230	-0.0624948321	0.8546394300	0.9293795020
0.0000000000	0.0000000000	0.0000000000	1.0000000000
8	 21	 50	
0.6024241240	-0.4226622120	0.6770833250	-0.5791348640
0.3261295820	0.9045897400	0.2745121110	-0.6879644490
-0.7285085240	0.0554441838	0.6827893320	1.5446691200
0.0000000000	0.0000000000	0.0000000000	1.0000000000
8	 22	 50	
-0.3073694090	0.3963529960	-0.8651175350	3.3670945600
-0.3697547750	0.7879442260	0.4923670420	0.1332957050
0.8768155180	0.4712199050	-0.0956365379	-0.3504906080
0.0000000000	0.0000000000	0.0000000000	1.0000000000
8	 23	 50	
0.0808507688	0.3246696380	-0.9423655230	2.4488810000
-0.3742157540	0.8861830330	0.2732072500	0.2613941550
0.9238104370	0.3305590090	0.1931450730	-0.8514967870
0.0000000000	0.0000000000	0.0000000000	1.0000000000
8	 24	 50	
0.5152862180	0.2844595690	-0.8084323520	1.6877603000
-0.3419060050	0.9332218250	0.1104414310	0.2329522870
0.7858628370	0.2194989290	0.5781347790	-0.9779040880
0.0000000000	0.0000000000	0.0000000000	1.0000000000
8	 25	 50	
0.4802394770	0.3969860960	-0.7821586060	2.1512042200
-0.3731181210	0.8994746550	0.2274383730	-0.1135715960
0.7938217130	0.1826126650	0.5800859440	-0.2089532100
0.0000000000	0.0000000000	0.0000000000	1.0000000000
8	 27	 50	
0.9463802190	0.0878181071	-0.3108897900	0.4701604370
-0.1236429320	0.9875321790	-0.0974300830	0.4112204130
0.2984575470	0.1306452280	0.9454390080	-0.6922286760
0.0000000000	0.0000000000	0.0000000000	1.0000000000
8	 28	 50	
0.9998404910	-0.0127247007	-0.0125329282	0.9989780530
0.0063702210	0.9096360870	-0.4153572080	0.0662933306
0.0166856999	0.4152111170	0.9095720510	-0.1430650890
0.0000000000	0.0000000000	0.0000000000	1.0000000000
8	 31	 50	
0.9367646050	-0.1137049430	0.3309732010	0.8966738140
0.1502984290	0.9847990950	-0.0870696595	-0.1735737840
-0.3160418580	0.1313085270	0.9396146100	0.3784410170
0.0000000000	0.0000000000	0.0000000000	1.0000000000
8	 32	 50	
0.9831893370	0.0545481380	-0.1742504780	0.2771649870
-0.0661226124	0.9959254830	-0.0613207314	0.1923821860
0.1701955600	0.0718117860	0.9827901800	-0.5404896690
0.0000000000	0.0000000000	0.0000000000	1.0000000000
8	 33	 50	
0.9512120310	-0.1451614950	0.2722568870	-0.0619895448
0.0965823653	0.9781526880	0.1840901040	-0.2662072170
-0.2930316010	-0.1488135070	0.9444506450	1.0539955000
0.0000000000	0.0000000000	0.0000000000	1.0000000000
8	 40	 50	
0.8728417800	0.3224838530	-0.3662668310	-1.0185464900
-0.1938859150	0.9179250960	0.3461528140	0.1575707970
0.4478342090	-0.2311226590	0.8637284510	0.1234348570
0.0000000000	0.0000000000	0.0000000000	1.0000000000
8	 41	 50	
0.9816683250	-0.0514297081	0.1835273380	-1.2191054300
-0.0015407036	0.9607340120	0.2774667270	-0.2967527690
-0.1905909890	-0.2726630580	0.9430429110	1.3986843400
0.0000000000	0.0000000000	0.0000000000	1.0000000000
8	 42	 50	
0.7124265870	-0.3670756950	0.5980834320	0.0360811861
0.2240852020	0.9266578510	0.3018129390	-0.4295764770
-0.6650069020	-0.0809979158	0.7424319210	1.6944944200
0.0000000000	0.0000000000	0.0000000000	1.0000000000
8	 43	 50	
-0.3229117620	-0.4296025990	0.8433087220	1.3714668200
0.3394018210	0.7792121140	0.5269107000	-1.0391265000
-0.8834785780	0.4563661790	-0.1058088530	2.4733438100
0.0000000000	0.0000000000	0.0000000000	1.0000000000
8	 47	 50	
0.8114877450	-0.0600333786	0.5812775870	-0.4300092200
0.2127877470	0.9567757070	-0.1982463680	0.6089941310
-0.5442508750	0.2845632460	0.7891861280	-0.6803203490
0.0000000000	0.0000000000	0.0000000000	1.0000000000
9	 10	 50	
0.9234243890	-0.1978552830	0.3288475110	-0.3473075100
0.1755887590	0.9797320330	0.0964040031	-0.3881842370
-0.3412564820	-0.0312798814	0.9394496170	0.5581763340
0.0000000000	0.0000000000	0.0000000000	1.0000000000
9	 11	 50	
0.4893905180	-0.4635661380	0.7386496840	0.2432035890
0.4011803850	0.8717396310	0.2812904440	-0.7591963430
-0.7743069280	0.1586708890	0.6125947520	1.2972263900
0.0000000000	0.0000000000	0.0000000000	1.0000000000
9	 12	 50	
0.0182989510	-0.5009103860	0.8653056880	0.7478353100
0.4634879030	0.7710932600	0.4365708970	-1.0743572500
-0.8859142800	0.3930699300	0.2462761020	1.8071245800
0.0000000000	0.0000000000	0.0000000000	1.0000000000
9	 13	 50	
-0.2147545270	-0.4488629300	0.8674114150	0.7600427630
0.4627528620	0.7353513800	0.4950940680	-1.3258162900
-0.8600815560	0.5077208070	0.0497925675	2.1771208700
0.0000000000	0.0000000000	0.0000000000	1.0000000000
9	 14	 50	
0.3695516060	-0.4895642800	0.7897837850	0.0877002435
0.4502168860	0.8378592020	0.3087016580	-1.4918401400
-0.8128569160	0.2414928030	0.5300423190	2.2647565300
0.0000000000	0.0000000000	0.0000000000	1.0000000000
9	 15	 50	
0.9563489240	-0.1920735780	0.2202373180	-1.0974957700
0.1625534040	0.9759460270	0.1452781570	-1.2008735500
-0.2428438310	-0.1031362840	0.9645671470	1.5078842700
0.0000000000	0.0000000000	0.0000000000	1.0000000000
9	 16	 50	
0.9302727920	0.1923905140	-0.3123754520	1.3989124100
-0.1806587130	0.9813040950	0.0663679340	-0.2693974420
0.3193038710	-0.0053069360	0.9476375230	0.0047061072
0.0000000000	0.0000000000	0.0000000000	1.0000000000
9	 17	 50	
0.6624890820	0.3200219430	-0.6772696450	1.7218010600
-0.3497884720	0.9316803080	0.0980807268	0.6306636900
0.6623867770	0.1719237030	0.7291680180	-0.9685634840
0.0000000000	0.0000000000	0.0000000000	1.0000000000
9	 18	 50	
