0	 1	 50	
0.8926547010	-0.0898963217	0.4416856760	-0.4345313720
0.0348765701	0.9907474390	0.1311607310	-0.4550406000
-0.4493898190	-0.1016767620	0.8875306340	1.1698230600
0.0000000000	0.0000000000	0.0000000000	1.0000000000
0	 2	 50	
0.7916595420	-0.2569747390	0.5542915780	-0.3917625760
0.1443651010	0.9602317230	0.2389848450	-0.8629505670
-0.5936614250	-0.1091742730	0.7972747900	1.5904798700
0.0000000000	0.0000000000	0.0000000000	1.0000000000
0	 3	 50	
0.9899954210	-0.0658955521	0.1247671530	-0.4513940280
0.0061193077	0.9034687460	0.4286102880	-0.4539931530
-0.1409667340	-0.4235587340	0.8948331570	1.7041654500
0.0000000000	0.0000000000	0.0000000000	1.0000000000
0	 5	 50	
0.9882606370	0.0007468414	0.1527755070	0.5210788710
-0.0007080735	0.9999997020	-0.0003081646	0.3332128880
-0.1527756920	0.0001963706	0.9882608710	0.8346304030
0.0000000000	0.0000000000	0.0000000000	1.0000000000
0	 16	 50	
0.9437022510	0.1834724260	-0.2752524840	0.6811041350
-0.0540821393	0.9064685840	0.4187956890	-0.5726889520
0.3263451900	-0.3803321910	0.8653590250	0.7657962680
0.0000000000	0.0000000000	0.0000000000	1.0000000000
0	 22	 50	
0.9784619200	0.0851343343	-0.1880542900	0.1160024670
-0.0328973217	0.9636614550	0.2650931280	-0.1963989340
0.2037891970	-0.2531970490	0.9457067290	0.5833102270
0.0000000000	0.0000000000	0.0000000000	1.0000000000
0	 38	 50	
-0.2198061670	-0.5306404200	0.8186000210	1.1792904600
-0.2920941800	-0.7648261420	-0.5742142130	3.8520461700
0.9307879670	-0.3653241270	0.0131165241	1.2877690000
0.0000000000	0.0000000000	0.0000000000	1.0000000000
0	 47	 50	
0.5343373390	0.0715655609	-0.8422362960	1.8096165400
-0.0055536428	0.9966851380	0.0811658349	0.0365489331
0.8452530780	-0.0386924567	0.5329635340	-0.1372637580
0.0000000000	0.0000000000	0.0000000000	1.0000000000
0	 48	 50	
0.9667768960	0.0338829665	-0.2533660970	0.7780884390
-0.0207624671	0.9983098050	0.0542812334	-0.2199065080
0.2547770680	-0.0472173371	0.9658463480	0.8604597270
0.0000000000	0.0000000000	0.0000000000	1.0000000000
0	 49	 50	
0.9978873410	-0.0633759594	-0.0142948482	0.3931194370
0.0638109349	0.9974372070	0.0323602074	-0.5108983870
0.0122073543	-0.0332040089	0.9993740410	1.1626242400
0.0000000000	0.0000000000	0.0000000000	1.0000000000
1	 2	 50	
0.9741897520	-0.0826161812	0.2100687810	-0.3562629490
0.0619898301	0.9927525340	0.1029546890	-0.3146566940
-0.2170520380	-0.0872752748	0.9722507080	0.4823436430
0.0000000000	0.0000000000	0.0000000000	1.0000000000
1	 3	 50	
0.9201364110	0.1700129830	-0.3527670210	-0.1277052260
-0.0590121433	0.9507520620	0.3042829010	-0.0068685811
0.3871260170	-0.2591642390	0.8848544200	0.3070447580
0.0000000000	0.0000000000	0.0000000000	1.0000000000
1	 48	 50	
0.6595437700	0.1587839700	-0.7347037950	1.2878590100
-0.1942173240	0.9802414700	0.0375005636	0.2077454020
0.7261416160	0.1179589420	0.6773507520	0.2510059360
0.0000000000	0.0000000000	0.0000000000	1.0000000000
1	 49	 50	
0.8944042720	0.0732764618	-0.4412159990	0.5902103540
-0.0927802918	0.9954264580	-0.0227592848	-0.0577066836
0.4375303590	0.0612921507	0.8971122880	0.3994231370
0.0000000000	0.0000000000	0.0000000000	1.0000000000
2	 3	 50	
0.8351770780	0.2975361380	-0.4625489100	0.1382544120
-0.1767705890	0.9416235940	0.2865260310	0.2529569580
0.5207988160	-0.1575349300	0.8390180800	0.0405976822
0.0000000000	0.0000000000	0.0000000000	1.0000000000
2	 6	 50	
0.4356017250	-0.0904193851	-0.8955866640	2.4973271100
-0.2664040050	0.9374193600	-0.2242183080	1.1555745200
0.8598139590	0.3362577560	0.3842534040	-0.0812620118
0.0000000000	0.0000000000	0.0000000000	1.0000000000
2	 25	 50	
-0.9798765680	-0.1596320560	-0.1198312120	3.8037172000
0.0353625124	-0.7296805920	0.6828731400	0.9719434380
-0.1964469530	0.6648938560	0.7206419050	-0.2615013320
0.0000000000	0.0000000000	0.0000000000	1.0000000000
2	 33	 50	
0.8389623200	0.4142228780	-0.3529329010	0.6332753610
-0.3251893630	0.9016218790	0.2851839170	0.5180873290
0.4363417280	-0.1244885350	0.8911276570	0.0953915685
0.0000000000	0.0000000000	0.0000000000	1.0000000000
2	 37	 50	
0.7459808230	0.6581611080	0.1016689110	-0.9487303800
-0.6652786280	0.7295325380	0.1587029370	0.2347812520
0.0302813220	-0.1860275010	0.9820778030	0.7755918100
0.0000000000	0.0000000000	0.0000000000	1.0000000000
2	 38	 50	
-0.4053016540	-0.1178161550	0.9065593880	0.0620575255
0.6533325030	0.6563067590	0.3773832000	-1.7321987400
-0.6394428910	0.7452387480	-0.1890290910	2.8522069600
0.0000000000	0.0000000000	0.0000000000	1.0000000000
2	 49	 50	
0.7601921570	0.0999721376	-0.6419606350	1.0258458700
-0.2080835610	0.9735058050	-0.0948033753	0.2465801140
0.6154747080	0.2056502370	0.7608540360	0.1250343280
0.0000000000	0.0000000000	0.0000000000	1.0000000000
3	 4	 50	
0.7402620730	0.3301557850	-0.5856698910	0.0631443612
-0.3816460990	0.9235178310	0.0382239588	0.7453821900
0.5534964480	0.1952228820	0.8096478910	-0.5551039390
0.0000000000	0.0000000000	0.0000000000	1.0000000000
3	 5	 50	
0.9975036860	-0.0032173665	0.0705410869	-0.6456006190
0.0314941890	0.9143725810	-0.4036469970	0.5154245610
-0.0632021554	0.4048610020	0.9121913490	0.3689583970
0.0000000000	0.0000000000	0.0000000000	1.0000000000
3	 11	 50	
0.9612903480	0.1530435270	-0.2291256100	-0.1478186320
-0.1719442340	0.9829721130	-0.0648151600	0.3690666230
0.2153045450	0.1017030150	0.9712365570	-0.5541218200
0.0000000000	0.0000000000	0.0000000000	1.0000000000
3	 12	 50	
-0.4174445320	0.7441492510	-0.5215188920	1.5674272700
-0.8560216240	-0.5146040100	-0.0490886184	4.3428041400
-0.3049049720	0.4259396740	0.8518264800	0.5375047240
0.0000000000	0.0000000000	0.0000000000	1.0000000000
3	 13	 50	
0.7535411900	0.0811633490	0.6523712020	-1.4856892000
0.6526129030	-0.2119027650	-0.7274569520	1.9456398700
0.0791964189	0.9739146420	-0.2126457100	0.4831590110
0.0000000000	0.0000000000	0.0000000000	1.0000000000
3	 15	 50	
-0.9606344670	0.2382429710	0.1429045380	1.4882750200
-0.1671425550	-0.9065027010	0.3877063580	2.7720274800
0.2219116640	0.3485586610	0.9106382780	-0.4047702340
0.0000000000	0.0000000000	0.0000000000	1.0000000000
3	 17	 50	
0.6120131190	0.3258463020	-0.7205998400	0.6854031460
-0.4180611610	0.9067548300	0.0549594819	0.7888401860
0.6713157300	0.2676188820	0.6911695340	-1.0124653400
0.0000000000	0.0000000000	0.0000000000	1.0000000000
3	 24	 50	
0.7726499670	-0.2074751910	-0.5999717270	1.1569858500
0.6343918820	0.2875385260	0.7175434040	-2.1969126300
0.0236425311	-0.9350270800	0.3537872090	3.7754649300
0.0000000000	0.0000000000	0.0000000000	1.0000000000
3	 25	 50	
-0.6530324690	-0.6275140990	0.4239984080	3.0069790700
-0.7312215800	0.6681762940	-0.1373151120	1.6864523900
-0.1971385160	-0.3997080130	-0.8951926670	5.5645706000
0.0000000000	0.0000000000	0.0000000000	1.0000000000
3	 28	 50	
-0.7002587160	0.4233706350	0.5747999970	0.9100857780
0.3355113740	-0.5155284700	0.7884557790	1.4484805900
0.6301347860	0.7449749680	0.2189576400	-0.8307965460
0.0000000000	0.0000000000	0.0000000000	1.0000000000
3	 33	 50	
0.9704086660	0.2326166000	0.0647806958	-0.5601775200
-0.2178962360	0.9591883230	-0.1802192890	0.8175309070
-0.1040588850	0.1607708900	0.9814909420	0.0279183359
0.0000000000	0.0000000000	0.0000000000	1.0000000000
3	 36	 50	
0.9930875780	-0.0578517382	0.1021285440	0.1226763330
-0.0928491511	0.1451024040	0.9850504190	0.6202663610
-0.0718059761	-0.9877238830	0.1387279100	2.9515414900
0.0000000000	0.0000000000	0.0000000000	1.0000000000
3	 37	 50	
-0.1874120800	-0.6000128440	-0.7777282940	3.6469210600
-0.8338597870	-0.3213039980	0.4488224560	1.2837206100
-0.5191864480	0.7326311000	-0.4401103310	2.1457709400
0.0000000000	0.0000000000	0.0000000000	1.0000000000
3	 46	 50	
0.1138433560	0.0661656135	-0.9912929950	2.3769612300
-0.5622355830	0.8269239800	-0.0093744766	1.3047345300
0.8191036810	0.5584074170	0.1313404630	-0.7815341800
0.0000000000	0.0000000000	0.0000000000	1.0000000000
3	 47	 50	
0.3591086370	0.0960557091	-0.9283395330	2.5317106700
-0.5177323630	0.8481111810	-0.1125194380	1.3667891400
0.7765270030	0.5210381220	0.3542952000	-1.2267106500
0.0000000000	0.0000000000	0.0000000000	1.0000000000
3	 48	 50	
0.8725293440	-0.2852141630	-0.3966679020	1.8929634600
-0.0265124043	0.7830716860	-0.6213660970	1.2714062200
0.4878418140	0.5526767730	0.6756913120	-0.3654107060
0.0000000000	0.0000000000	0.0000000000	1.0000000000
3	 49	 50	
0.9917611280	-0.0297918383	-0.1245885680	0.8144348640
-0.0224231110	0.9171916240	-0.3978149440	0.1718718810
0.1261232300	0.3973310610	0.9089669730	-0.3143063840
0.0000000000	0.0000000000	0.0000000000	1.0000000000
4	 5	 50	
0.6132717840	-0.1538854110	0.7747367290	0.0177886691
0.4318451790	0.8865888430	-0.1657406570	-0.5532524670
-0.6613678710	0.4362103900	0.6101745940	1.4864197300
0.0000000000	0.0000000000	0.0000000000	1.0000000000
4	 6	 50	
-0.2509393120	-0.1084877260	-0.9619042960	2.8631307000
-0.4616012310	0.8868529820	0.0203983206	0.5408625530
0.8508547260	0.4491349470	-0.2726243450	0.1899959150
0.0000000000	0.0000000000	0.0000000000	1.0000000000
4	 7	 50	
0.0572600740	0.1689510000	-0.9839597770	1.4779421600
-0.4865117400	0.8653556700	0.1202742330	0.3419909040
0.8717956240	0.4718210720	0.1317469750	-1.2987447100
0.0000000000	0.0000000000	0.0000000000	1.0000000000
4	 8	 50	
0.4835994590	0.3369118500	-0.8078502140	0.5616283590
-0.4216870880	0.8984600960	0.1222679690	0.5849063940
0.7670147080	0.2815312810	0.5765661930	-1.4317721200
0.0000000000	0.0000000000	0.0000000000	1.0000000000
4	 9	 50	
0.6960409780	0.3423371500	-0.6311356690	-0.1793414540
-0.3647506360	0.9257337170	0.0998702123	0.6174432120
0.6184528520	0.1606933760	0.7692162950	-1.5408545000
0.0000000000	0.0000000000	0.0000000000	1.0000000000
4	 15	 50	
0.3737839330	-0.5512242060	0.7459473480	1.2492902100
0.4693023770	0.8060944200	0.3605094510	-1.3656665600
-0.8000255310	0.2153222230	0.5599959730	1.2247540100
0.0000000000	0.0000000000	0.0000000000	1.0000000000
4	 16	 50	
0.4233269170	0.4139616820	-0.8058722280	0.7384323050
-0.4185183250	0.8782617210	0.2312979910	-0.1918196470
0.8035152350	0.2393576300	0.5450423760	-0.7280990780
0.0000000000	0.0000000000	0.0000000000	1.0000000000
4	 17	 50	
0.0221496414	0.4008425810	-0.9158791510	1.6678615200
-0.4637957310	0.8156803230	0.3457732350	0.4512357100
0.8856652380	0.4171220870	0.2039761050	-1.1712660800
0.0000000000	0.0000000000	0.0000000000	1.0000000000
4	 18	 50	
0.4442970250	0.3829777220	-0.8098939550	0.7953849450
-0.4199332730	0.8875834690	0.1893452720	0.5361726230
0.7913635070	0.2559758780	0.5551757830	-1.3417191700
0.0000000000	0.0000000000	0.0000000000	1.0000000000
4	 21	 50	
0.8209984350	0.3301467900	-0.4657946610	1.0102567100
-0.3385428670	0.9384576420	0.0684542291	0.2220067430
0.4597285030	0.1014906450	0.8822410960	-0.5947763710
0.0000000000	0.0000000000	0.0000000000	1.0000000000
4	 27	 50	
0.1935789040	0.2650864020	-0.9445932500	1.4491595300
-0.4749792950	0.8677694550	0.1461876960	0.6914166950
0.8584415400	0.4203633820	0.2938924120	-1.3574635000
0.0000000000	0.0000000000	0.0000000000	1.0000000000
4	 29	 50	
0.9467238260	0.1580800570	-0.2805792100	0.1424132160
-0.1644427660	0.9863862360	0.0008771420	-0.1577239110
0.2768981300	0.0453088102	0.9598304730	0.2859410740
0.0000000000	0.0000000000	0.0000000000	1.0000000000
4	 30	 50	
0.9865915080	0.0224905000	0.1616520150	-0.2870769320
-0.0139027695	0.9984408420	-0.0540610610	-0.5645938330
-0.1626158340	0.0510887730	0.9853659360	1.0275953600
0.0000000000	0.0000000000	0.0000000000	1.0000000000
4	 31	 50	
0.7680220250	0.1903687000	-0.6114752060	0.5541506510
-0.3036668340	0.9488894940	-0.0859952397	0.0478725291
0.5638515970	0.2517309780	0.7865766910	-0.5437046360
0.0000000000	0.0000000000	0.0000000000	1.0000000000
4	 32	 50	
0.3471868430	0.2655555220	-0.8994117860	1.2111061500
-0.4953535810	0.8662889890	0.0645617277	0.8541829020
0.7962952500	0.4231118660	0.4323080180	-1.4898056500
0.0000000000	0.0000000000	0.0000000000	1.0000000000
4	 34	 50	
0.9943751470	0.0785746500	0.0710217610	0.2003019850
-0.0829202897	0.9947203910	0.0604613101	-0.1932984050
-0.0658960675	-0.0660103692	0.9956406680	0.6930524970
0.0000000000	0.0000000000	0.0000000000	1.0000000000
4	 36	 50	
-0.4116434780	0.8438479230	0.3441951930	0.3628783480
0.5505894310	0.5312360820	-0.6439250760	1.3508737900
-0.7262237430	-0.0755573224	-0.6832936160	3.7224003900
0.0000000000	0.0000000000	0.0000000000	1.0000000000
4	 40	 50	
0.9984345820	0.0147085312	0.0539633692	-0.7766058760
-0.0268558653	0.9723801690	0.2318524730	-0.0648788165
-0.0490627007	-0.2329387600	0.9712529980	0.2945766490
0.0000000000	0.0000000000	0.0000000000	1.0000000000
4	 41	 50	
-0.9996206280	-0.0109269822	0.0252824391	2.9375012100
-0.0146979983	-0.5646753420	-0.8251822390	3.5098855900
0.0232931216	-0.8252407890	0.5643005150	1.6018359100
0.0000000000	0.0000000000	0.0000000000	1.0000000000
4	 43	 50	
0.9991505150	-0.0258439213	-0.0320989069	-0.7429728730
0.0269704577	0.9990172340	0.0351732830	-0.2334314970
0.0311583456	-0.0360091260	0.9988656070	-0.2952728450
0.0000000000	0.0000000000	0.0000000000	1.0000000000
4	 44	 50	
-0.4789114160	-0.0430041532	-0.8768092710	4.0101547400
0.6993627200	0.5850055140	-0.4106827660	0.6995172600
0.5305993230	-0.8098883820	-0.2500903180	2.2122765900
0.0000000000	0.0000000000	0.0000000000	1.0000000000
4	 46	 50	
0.9348754960	0.0239368932	-0.3541678020	-0.0956958351
-0.1750487880	0.8990634600	-0.4013014040	0.7663210630
0.3088134200	0.4371634940	0.8447025220	-0.6842558150
0.0000000000	0.0000000000	0.0000000000	1.0000000000
5	 6	 50	
0.8300375240	-0.0177917095	-0.5574236840	0.6544869900
-0.1092697820	0.9749314030	-0.1938269200	0.3451095830
0.5468983670	0.2217931810	0.8072855510	-0.9263348110
0.0000000000	0.0000000000	0.0000000000	1.0000000000
5	 7	 50	
0.7605678240	0.1577133430	-0.6298119460	0.3347601020
-0.0842427237	0.9858196810	0.1451300090	-0.6728332600
0.6437699500	-0.0573241410	0.7630689310	-0.8640119330
0.0000000000	0.0000000000	0.0000000000	1.0000000000
5	 15	 50	
0.9555967210	-0.1523974440	0.2522100820	1.1380915700
0.0389251119	0.9136659420	0.4045978030	-0.9921444120
-0.2920954330	-0.3768150280	0.8790282660	0.7128298690
0.0000000000	0.0000000000	0.0000000000	1.0000000000
5	 16	 50	
0.9260792260	0.2381218360	-0.2927033610	0.2320898610
-0.1352605920	0.9336681580	0.3316147500	-0.7421300190
0.3522525210	-0.2675103010	0.8968591860	-0.1616232460
0.0000000000	0.0000000000	0.0000000000	1.0000000000
5	 20	 50	
-0.3714644820	-0.2527091600	0.8933936530	0.4336930620
0.9068288680	-0.3051908840	0.2907231130	0.4587197520
0.1991872050	0.9181484650	0.3425315360	-0.7986054640
0.0000000000	0.0000000000	0.0000000000	1.0000000000
5	 22	 50	
0.6528270740	-0.4114180550	0.6360440200	-0.3129266880
0.1029256460	0.8800435960	0.4636049830	-0.9180658610
-0.7504819270	-0.2371886430	0.6168617550	1.4096895700
0.0000000000	0.0000000000	0.0000000000	1.0000000000
5	 23	 50	
0.9410677370	0.3367397170	-0.0315891988	-0.3532925850
-0.1016174330	0.1924236340	-0.9760363940	2.9738245800
-0.3225917100	0.9217263740	0.2153023000	-0.2872242720
0.0000000000	0.0000000000	0.0000000000	1.0000000000
5	 26	 50	
0.5541580510	-0.3199724350	0.7684572180	-0.4403077020
0.1175496930	0.9439996170	0.3082966000	-0.7958205950
-0.8240697330	-0.0805131328	0.5607376490	1.3407269200
0.0000000000	0.0000000000	0.0000000000	1.0000000000
5	 27	 50	
0.6312023150	0.3910694360	-0.6698121630	0.4595173680
-0.1113281100	0.9003232370	0.4207423440	-0.4653598500
0.7675869260	-0.1910046190	0.6118231330	-1.0780732300
0.0000000000	0.0000000000	0.0000000000	1.0000000000
5	 29	 50	
0.3707317090	0.4079049320	-0.8343689630	1.6598304400
-0.1518880240	0.9129214680	0.3788197740	-0.1130234790
0.9162357930	-0.0137098492	0.4004048100	-1.2024666400
0.0000000000	0.0000000000	0.0000000000	1.0000000000
5	 30	 50	
0.7468443250	0.2884553700	-0.5991803180	0.3097790150
-0.2714719710	0.9547756040	0.1212704210	0.1596090150
0.6070638540	0.0720905364	0.7913762900	-0.8076226380
0.0000000000	0.0000000000	0.0000000000	1.0000000000
5	 31	 50	
0.9617268370	-0.2728608150	0.0250692305	0.2231588550
0.2730192710	0.9620036800	-0.0030655967	-0.6098801960
-0.0232802108	0.0097926497	0.9996810170	-0.0596117890
0.0000000000	0.0000000000	0.0000000000	1.0000000000
5	 32	 50	
0.8852703410	0.2303518820	-0.4040228130	-0.2006115490
-0.1505950250	0.9638994050	0.2195884250	-0.2158928560
0.4400199560	-0.1335512940	0.8880014020	-1.0219583100
0.0000000000	0.0000000000	0.0000000000	1.0000000000
5	 40	 50	
-0.7208149940	0.4423271390	-0.5336407470	3.6198085600
-0.0865480240	0.7064392940	0.7024620730	-0.4895259480
0.6877028320	0.5525307470	-0.4709294950	1.2923393800
0.0000000000	0.0000000000	0.0000000000	1.0000000000
5	 42	 50	
-0.9931842930	-0.0721152207	-0.0915661217	2.3326028700
0.1151681340	-0.7280092410	-0.6758245670	3.5361559000
-0.0179237449	-0.6817638440	0.7313527190	0.9631913090
0.0000000000	0.0000000000	0.0000000000	1.0000000000
5	 44	 50	
-0.4910921920	0.0183664223	-0.8709139650	3.4063581400
0.8413032300	0.2692838720	-0.4687164090	1.0088122400
0.2259144410	-0.9628857000	-0.1476949370	2.3545445100
0.0000000000	0.0000000000	0.0000000000	1.0000000000
5	 46	 50	
0.8652132600	0.0183282292	-0.5010689470	0.5313764280
-0.0614202414	0.9956798420	-0.0696362428	-0.0243709162
0.4976279410	0.0910259764	0.8626011270	-0.1503092090
0.0000000000	0.0000000000	0.0000000000	1.0000000000
5	 48	 50	
0.8986493500	0.1153394320	-0.4232329870	2.4044157700
-0.1038038540	0.9933253330	0.0502945547	-0.3834124000
0.4262089940	-0.0012639539	0.9046238420	-0.8217668720
0.0000000000	0.0000000000	0.0000000000	1.0000000000
6	 7	 50	
0.9819161380	0.0397432356	-0.1850977410	-0.1914518840
0.0056002602	0.9711907460	0.2382376380	-0.8220536380
0.1892335470	-0.2349659760	0.9534052940	0.1134128110
0.0000000000	0.0000000000	0.0000000000	1.0000000000
6	 8	 50	
0.9718540600	-0.0845312834	0.2198957680	-0.6489804780
-0.0207632075	0.8990416160	0.4373706230	-0.6038843000
-0.2346669470	-0.4296261570	0.8719821040	0.8828097160
0.0000000000	0.0000000000	0.0000000000	1.0000000000
6	 9	 50	
0.8816517090	-0.2261210500	0.4141974580	-0.9390782640
-0.0174927170	0.8614583350	0.5075268890	-0.6665104430
-0.4715763650	-0.4547073880	0.7555507420	1.5916889200
0.0000000000	0.0000000000	0.0000000000	1.0000000000
6	 12	 50	
0.6050240700	0.5000542510	-0.6195898820	0.8927414580
-0.0321515164	0.7928860120	0.6085212010	-0.9139782110
0.7955577630	-0.3482492200	0.4957926240	-0.1406497710
0.0000000000	0.0000000000	0.0000000000	1.0000000000
6	 13	 50	
0.7150042110	0.3234939000	-0.6197746970	0.9433454430
0.0909805929	0.8359133790	0.5412682830	-1.0368001200
0.6931749490	-0.4433965710	0.5682499190	-0.2603807920
0.0000000000	0.0000000000	0.0000000000	1.0000000000
6	 15	 50	
0.5675835680	-0.4775012210	0.6707022270	0.6665486860
-0.0204482350	0.8062084100	0.5912781650	-0.9187918010
-0.8230618220	-0.3493144480	0.4478265890	2.4126702100
0.0000000000	0.0000000000	0.0000000000	1.0000000000
6	 16	 50	
0.9772779440	-0.1042809420	0.1845353770	0.3294305240
-0.0074526713	0.8531631270	0.5215909670	-0.9167341400
-0.2118307760	-0.5111146290	0.8330003350	1.0318542500
0.0000000000	0.0000000000	0.0000000000	1.0000000000
6	 17	 50	
0.9602713210	0.1189928780	-0.2524275830	-0.0482549813
0.0110728159	0.8875791270	0.4605221880	-0.6296921120
0.2788483140	-0.4450213340	0.8509991950	-0.2200060540
0.0000000000	0.0000000000	0.0000000000	1.0000000000
6	 18	 50	
0.9840242000	-0.0435259252	0.1726321730	-0.5934696830
-0.0553790497	0.8467184440	0.5291512420	-0.5497230800
-0.1692026420	-0.5302578340	0.8307810150	0.7434363550
0.0000000000	0.0000000000	0.0000000000	1.0000000000
6	 21	 50	
-0.4084729230	0.4677946730	-0.7837844190	2.8902001000
0.0723903737	0.8725851890	0.4830680300	-0.6843277450
0.9098953260	0.1405817630	-0.3902912540	0.3499563820
0.0000000000	0.0000000000	0.0000000000	1.0000000000
6	 23	 50	
0.5695404500	0.3214287760	-0.7565098930	0.9006635620
0.0325742932	0.9108200900	0.4115163160	-0.8387082620
0.8213175940	-0.2590179630	0.5082785690	-0.7087527540
0.0000000000	0.0000000000	0.0000000000	1.0000000000
6	 24	 50	
0.7863241780	0.2403171200	-0.5691590010	0.3997773360
-0.0875545976	0.9552945010	0.2823944210	-0.5975056060
0.6115786780	-0.1722210730	0.7722120320	-0.7243794610
0.0000000000	0.0000000000	0.0000000000	1.0000000000
6	 27	 50	
0.9971518950	-0.0108878792	-0.0746294288	-0.3366698150
0.0326709431	0.9542202720	0.2973151230	-0.5843303960
0.0679757827	-0.2989065520	0.9518582700	-0.0329683002
0.0000000000	0.0000000000	0.0000000000	1.0000000000
6	 28	 50	
0.9728172020	0.0185886237	0.2308271080	0.2267395540
-0.0213300289	0.9997284250	0.0093864347	-0.5987197510
-0.2305899400	-0.0140548340	0.9729495060	0.4868169980
0.0000000000	0.0000000000	0.0000000000	1.0000000000
6	 32	 50	
0.9943932360	-0.0918489388	0.0524009974	-0.3744068670
0.0642156007	0.9182103620	0.3908530260	-0.8526615300
-0.0840145744	-0.3852966430	0.9189603080	0.3427153000
0.0000000000	0.0000000000	0.0000000000	1.0000000000
6	 35	 50	
0.0690604568	-0.5790826070	0.8123385920	1.0504389300
0.3446897520	0.7779845550	0.5252894510	-1.1900411800
-0.9361728620	0.2437280580	0.2533318090	2.3133135600
0.0000000000	0.0000000000	0.0000000000	1.0000000000
6	 40	 50	
0.2711480680	-0.6289626950	0.7286183180	0.2508731670
-0.0589056592	0.7447144920	0.6647784960	-0.2825001410
-0.9607334950	-0.2231731470	0.1648784340	2.9935168300
0.0000000000	0.0000000000	0.0000000000	1.0000000000
6	 45	 50	
0.8849609090	0.1309794530	-0.4468652730	-0.4227939090
-0.0195117771	0.9692145950	0.2454431880	-0.6214661990
0.4652563590	-0.2084884910	0.8602726710	-0.1803497990
0.0000000000	0.0000000000	0.0000000000	1.0000000000
6	 46	 50	
0.9977508210	-0.0402737889	0.0535847063	0.3432702150
0.0294918920	0.9816061650	0.1886254630	-0.2399576620
-0.0601957401	-0.1866208960	0.9805861070	0.8836833420
0.0000000000	0.0000000000	0.0000000000	1.0000000000
7	 8	 50	
0.9019976160	-0.1699034220	0.3969044320	-0.2947986170
0.0823411702	0.9701354800	0.2281602100	0.0056260214
-0.4238162730	-0.1731183900	0.8890499370	0.8849384780
0.0000000000	0.0000000000	0.0000000000	1.0000000000
7	 9	 50	
0.7358384530	-0.3246547660	0.5942567230	-0.3753478180
0.1333242730	0.9298580730	0.3429119440	-0.2392872060
-0.6639024090	-0.1730989490	0.7275096870	1.6615961600
0.0000000000	0.0000000000	0.0000000000	1.0000000000
7	 10	 50	
0.4046373590	-0.4705598130	0.7841186580	-0.1941364280
0.1648982580	0.8809398060	0.4435691860	-0.4320066230
-0.8994871720	-0.0501848630	0.4340556500	2.3838992500
0.0000000000	0.0000000000	0.0000000000	1.0000000000
7	 11	 50	
-0.2739460980	-0.4913452260	0.8267607900	0.7833571190
0.1781167250	0.8188550150	0.5456655540	-0.4514278930
-0.9451073840	0.2967428740	-0.1368053340	2.6285073600
0.0000000000	0.0000000000	0.0000000000	1.0000000000
7	 12	 50	
0.6532859830	0.3832392590	-0.6529510660	1.4546952900
-0.1358307980	0.9077583600	0.3968938840	0.0435431382
0.7448271070	-0.1705943470	0.6450815070	-0.4435817640
0.0000000000	0.0000000000	0.0000000000	1.0000000000
7	 13	 50	
0.8220078700	0.2784030940	-0.4967844390	1.0295140800
-0.1257211450	0.9395466890	0.3185062210	0.1242089620
0.5554252920	-0.1993583120	0.8073159290	-0.7611906470
0.0000000000	0.0000000000	0.0000000000	1.0000000000
7	 14	 50	
0.3015344350	0.4985344280	-0.8127363710	1.4969601600
-0.1829882090	0.8668245910	0.4638215650	0.1463416200
0.9357308910	0.0088629997	0.3526033860	-1.4366367100
0.0000000000	0.0000000000	0.0000000000	1.0000000000
7	 16	 50	
0.9100496910	-0.2062349270	0.3595507120	0.7029029300
0.0741025651	0.9344088670	0.3484090680	-0.3137172350
-0.4078214920	-0.2904259340	0.8656410380	0.8329536820
0.0000000000	0.0000000000	0.0000000000	1.0000000000
7	 17	 50	
0.9958124750	0.0357116393	-0.0841557650	0.0832459738
-0.0101031115	0.9578966960	0.2869352660	0.1838708230
0.0908594580	-0.2848834820	0.9542462790	-0.2261386540
0.0000000000	0.0000000000	0.0000000000	1.0000000000
7	 18	 50	
0.9259377450	-0.1683058270	0.3381012280	-0.2171859890
0.0689398533	0.9554944190	0.2868409180	0.0713999497
-0.3713308340	-0.2422881830	0.8963313270	0.6565039190
0.0000000000	0.0000000000	0.0000000000	1.0000000000
7	 19	 50	
0.7519619760	-0.3211308940	0.5756979560	-0.3474396890
0.1199244910	0.9253876400	0.3595494840	-0.0590314930
-0.6482062200	-0.2013272560	0.7343677770	1.3902309500
0.0000000000	0.0000000000	0.0000000000	1.0000000000
7	 20	 50	
0.5134940080	-0.4736103470	0.7155537310	-0.3390377920
0.1555109780	0.8714426030	0.4651925680	-0.1972989400
-0.8438840200	-0.1275971360	0.5211321630	2.0382934500
0.0000000000	0.0000000000	0.0000000000	1.0000000000
7	 22	 50	
0.1182904190	0.4292060010	-0.8954270410	2.2867278400
-0.1420101930	0.8998010480	0.4125423370	0.2225269820
0.9827718360	0.0783599609	0.1673894700	-0.8809499150
0.0000000000	0.0000000000	0.0000000000	1.0000000000
7	 23	 50	
0.5799657290	0.2622879390	-0.7712618170	1.3628155300
-0.1127272390	0.9634817420	0.2428898980	0.1876216020
0.8068037690	-0.0539256014	0.5883533860	-0.9288621690
0.0000000000	0.0000000000	0.0000000000	1.0000000000
7	 24	 50	
0.8256823630	0.2013556020	-0.5269768090	0.6985967960
-0.0957581486	0.9706009970	0.2208259100	0.0592788671
0.5559487500	-0.1318697350	0.8206895640	-0.7025310890
0.0000000000	0.0000000000	0.0000000000	1.0000000000
7	 25	 50	
0.8154630620	0.2619233050	-0.5161551870	1.3724061900
-0.0917696740	0.9389808890	0.3315014600	-0.0582205751
0.5714878140	-0.2229598020	0.7897408470	-0.1486759920
0.0000000000	0.0000000000	0.0000000000	1.0000000000
7	 27	 50	
0.9938977010	-0.0479351045	0.0993457848	-0.1906495510
0.0393797074	0.9954855760	0.0863580119	0.2674622770
-0.1030368760	-0.0819188216	0.9912984960	-0.0391858764
0.0000000000	0.0000000000	0.0000000000	1.0000000000
7	 31	 50	
0.6721970930	-0.1820365080	0.7176446040	0.6239111780
0.1090747110	0.9830745130	0.1471978560	0.0526087264
-0.7322935040	-0.0206690928	0.6806754090	0.9498554680
0.0000000000	0.0000000000	0.0000000000	1.0000000000
7	 32	 50	
0.9656731030	-0.0972974762	0.2408498690	-0.2836078430
0.0605899012	0.9859939510	0.1553859470	0.0761047103
-0.2525951740	-0.1354589600	0.9580430830	0.2587920470
0.0000000000	0.0000000000	0.0000000000	1.0000000000
8	 9	 50	
0.9517891890	-0.1441716470	0.2707616590	-0.4413089450
0.1184150450	0.9869353220	0.1092545070	-0.3614488640
-0.2829756480	-0.0719250047	0.9564264620	0.6353933280
0.0000000000	0.0000000000	0.0000000000	1.0000000000
8	 10	 50	
0.7640208230	-0.3157083340	0.5626725780	-0.6248644650
0.2368787440	0.9484560020	0.2105223810	-0.6652093920
-0.6001338540	-0.0275583095	0.7994247290	1.2793447400
0.0000000000	0.0000000000	0.0000000000	1.0000000000
8	 11	 50	
0.2265473520	-0.5165775380	0.8257263130	0.1922249410
0.3858800880	0.8259998470	0.4108780960	-0.9308202520
-0.8943002040	0.2255479980	0.3864650650	1.7759493800
0.0000000000	0.0000000000	0.0000000000	1.0000000000
8	 12	 50	
0.3232245350	0.4840198150	-0.8131732400	1.9931761500
-0.3994449650	0.8487778190	0.3464389330	0.1046495320
0.8578867170	0.2128403930	0.4676850940	-0.6443414620
0.0000000000	0.0000000000	0.0000000000	1.0000000000
8	 13	 50	
-0.6023187620	-0.3921550490	0.6952888080	1.3822267700
0.2789022050	0.7127332650	0.6436030240	-1.2705929600
-0.7479476380	0.5815717580	-0.3199197100	2.5720384100
0.0000000000	0.0000000000	0.0000000000	1.0000000000
8	 16	 50	
0.9992878570	0.0374005427	-0.0049977764	0.8589825570
-0.0362067712	0.9877098470	0.1520471230	-0.4754667460
0.0106229978	-0.1517578900	0.9883606100	0.3287054590
0.0000000000	0.0000000000	0.0000000000	1.0000000000
8	 17	 50	
0.8747030930	0.1704783070	-0.4536867270	0.8957298030
-0.1840759780	0.9828064560	0.0144049913	0.4741159120
0.4483419830	0.0709127377	0.8910448080	-0.9116254790
0.0000000000	0.0000000000	0.0000000000	1.0000000000
8	 18	 50	
0.9988189710	0.0140241445	-0.0465186750	0.1819595260
-0.0122150312	0.9991665410	0.0389488955	0.1122784170
0.0470261285	-0.0383346686	0.9981578010	-0.1862253370
0.0000000000	0.0000000000	0.0000000000	1.0000000000
8	 19	 50	
0.9555728430	-0.1507274500	0.2533017520	-0.2612419860
0.1220192050	0.9845553610	0.1255470220	-0.1670361920
-0.2683129800	-0.0890616465	0.9592060090	0.4353895800
0.0000000000	0.0000000000	0.0000000000	1.0000000000
8	 20	 50	
0.8402259210	-0.2878619110	0.4595170530	-0.5485403200
0.2137984940	0.9546689270	0.2071169820	-0.3514597920
-0.4983077420	-0.0757810029	0.8636820210	0.9078686900
0.0000000000	0.0000000000	0.0000000000	1.0000000000
8	 21	 50	
0.4114126080	-0.4644333380	0.7842457140	0.0304604011
0.3805128290	0.8693874010	0.3152388510	-0.6893799660
-0.8282207750	0.1687223170	0.5343997820	1.5434374900
0.0000000000	0.0000000000	0.0000000000	1.0000000000
8	 22	 50	
-0.3423289510	0.4179188680	-0.8415192860	3.0865538100
-0.3578130500	0.7701596440	0.5280378240	0.1330986050
0.8687811640	0.4818692160	-0.1141111180	-0.4943819600
0.0000000000	0.0000000000	0.0000000000	1.0000000000
8	 23	 50	
0.1998931490	0.3520572300	-0.9143841840	2.1963033200
-0.3946561510	0.8830993280	0.2537362810	0.3274593680
0.8968217500	0.3101471980	0.3154670570	-1.0064337800
0.0000000000	0.0000000000	0.0000000000	1.0000000000
8	 27	 50	
0.9579689940	0.0619674021	-0.2800989960	0.3875743180
-0.1023709580	0.9859501650	-0.1319941650	0.4066772350
0.2679843150	0.1551203200	0.9508533500	-0.6641703860
0.0000000000	0.0000000000	0.0000000000	1.0000000000
8	 31	 50	
0.8756900790	-0.1679022550	0.4527424410	0.8623500510
0.2240167640	0.9718570650	-0.0728720410	-0.2336276000
-0.4277655600	0.1652352200	0.8886585100	0.5006959500
0.0000000000	0.0000000000	0.0000000000	1.0000000000
8	 32	 50	
0.9824836840	0.0309797437	-0.1837554540	0.3230572980
-0.0453660013	0.9961803630	-0.0746097240	0.1742610230
0.1807421850	0.0816390866	0.9801363790	-0.5786213480
0.0000000000	0.0000000000	0.0000000000	1.0000000000
8	 34	 50	
0.9432268930	0.1812683930	-0.2783249870	-0.0612722087
-0.1280628060	0.9716345510	0.1988120140	0.2812403270
0.3064685080	-0.1518817600	0.9396855770	-0.0602324116
0.0000000000	0.0000000000	0.0000000000	1.0000000000
8	 40	 50	
0.8733117960	0.3437647720	-0.3451844260	-1.0391209300
-0.2499501790	0.9243728980	0.2882007160	0.3075018700
0.4181523820	-0.1654101760	0.8931898230	0.0295046139
0.0000000000	0.0000000000	0.0000000000	1.0000000000
8	 42	 50	
-0.9303065080	-0.0032173054	0.3667689320	2.9318235900
-0.3408659750	-0.3616283650	-0.8677760730	3.5239648200
0.1354259500	-0.9323167780	0.3353285510	1.6395026100
0.0000000000	0.0000000000	0.0000000000	1.0000000000
9	 10	 50	
0.9305669430	-0.1813947910	0.3180268780	-0.3715012950
0.1625678770	0.9830283500	0.0850114610	-0.3428890300
-0.3280500730	-0.0274079010	0.9442626520	0.5202425580
0.0000000000	0.0000000000	0.0000000000	1.0000000000
9	 11	 50	
0.4757540530	-0.4602203250	0.7495700990	0.2087674290
0.4075526090	0.8705328180	0.2758142180	-0.7624428740
-0.7794606800	0.1742695170	0.6017235110	1.3190834200
0.0000000000	0.0000000000	0.0000000000	1.0000000000
9	 12	 50	
0.0338230829	-0.4740970390	0.8798227080	0.6688768380
0.4607740580	0.7885816260	0.4072177400	-1.0498419900
-0.8868727460	0.3916261200	0.2451238780	1.8109410900
0.0000000000	0.0000000000	0.0000000000	1.0000000000
9	 13	 50	
-0.2236238570	-0.4424543250	0.8684621700	0.8115996530
0.4751959170	0.7284624150	0.4934889560	-1.3111408000
-0.8509883730	0.5230455810	0.0473509137	2.1192139900
0.0000000000	0.0000000000	0.0000000000	1.0000000000
9	 14	 50	
0.3810718470	-0.4729112190	0.7944427150	0.0642266580
0.4698197270	0.8391152110	0.2741442800	-1.4764078800
-0.7962748720	0.2687761920	0.5419462030	2.1685166800
0.0000000000	0.0000000000	0.0000000000	1.0000000000
9	 16	 50	
0.9473491380	0.1598449860	-0.2774512410	1.3623136300
-0.1497868740	0.9870610640	0.0572219300	-0.2917678440
0.2830079550	-0.0126505921	0.9590341290	0.0157649167
0.0000000000	0.0000000000	0.0000000000	1.0000000000
9	 17	 50	
0.6909205360	0.3271042610	-0.6446949780	1.6312292700
-0.3467647250	0.9324468030	0.1014750460	0.6291930770
0.6343366920	0.1534462840	0.7576748640	-0.9938039030
0.0000000000	0.0000000000	0.0000000000	1.0000000000
9	 18	 50	
0.9212841110	0.1811754440	-0.3441090610	0.8991533430
-0.1982863190	0.9800311790	-0.0148803149	0.4537688900
0.3345416610	0.0819411167	0.9388117650	-0.5531281360
0.0000000000	0.0000000000	0.0000000000	1.0000000000
9	 19	 50	
0.9986616260	0.0255127904	-0.0449894947	0.2752187910
-0.0247379957	0.9995373480	0.0176952381	0.2141007210
0.0454201351	-0.0165586054	0.9988307280	-0.1501556630
0.0000000000	0.0000000000	0.0000000000	1.0000000000
9	 20	 50	
0.9541660230	-0.1700527070	0.2462707400	-0.1727194200
0.1471371800	0.9831166880	0.1087760420	-0.0712938360
-0.2606105350	-0.0675548216	0.9630776160	0.3065318560
0.0000000000	0.0000000000	0.0000000000	1.0000000000
9	 21	 50	
0.8340543540	-0.3112791690	0.4554762490	-0.4231794210
0.2691796160	0.9502852960	0.1565253670	-0.3863881360
-0.4815554680	-0.0079457419	0.8763795960	0.8109420040
0.0000000000	0.0000000000	0.0000000000	1.0000000000
9	 22	 50	
0.5940179880	-0.3604534030	0.7191772900	-0.4289044910
0.4011692930	0.9076329010	0.1235545020	-0.7362216320
-0.6972846100	0.2151182490	0.6837531070	1.3827202000
0.0000000000	0.0000000000	0.0000000000	1.0000000000
9	 23	 50	
0.2088896560	-0.3333303760	0.9193780350	0.2385103420
0.4651195640	0.8608430610	0.2064292040	-1.0971344400
-0.8602493260	0.3844997860	0.3348596900	2.0124448400
0.0000000000	0.0000000000	0.0000000000	1.0000000000
9	 32	 50	
0.8636740810	-0.0075095959	-0.5039947310	0.6066461330
-0.0830563862	0.9841009640	-0.1569934040	0.3273852010
0.4971606580	0.1774511150	0.8493187750	-0.6489524710
0.0000000000	0.0000000000	0.0000000000	1.0000000000
9	 34	 50	
0.8261203650	-0.2851563000	0.4860154590	0.5759921480
0.2319307210	0.9581282300	0.1679238950	-0.3549926730
-0.5135496880	-0.0260034337	0.8576657500	1.4612510700
0.0000000000	0.0000000000	0.0000000000	1.0000000000
9	 35	 50	
0.6886798790	-0.2914545160	0.6639083440	0.2457229680
0.3788179670	0.9253758330	0.0132859515	-1.0715344700
-0.6182369870	0.2423506420	0.7476959240	1.5548424000
0.0000000000	0.0000000000	0.0000000000	1.0000000000
9	 40	 50	
0.7133391830	0.4739110270	-0.5162901790	-0.4158410850
-0.3528882570	0.8793804420	0.3196246490	0.6571063090
0.6054891310	-0.0458080445	0.7945341630	-0.5204387240
0.0000000000	0.0000000000	0.0000000000	1.0000000000
9	 42	 50	
0.9346611700	-0.1445782200	0.3248163100	0.0667812161
0.1002703480	0.9836917060	0.1493200730	-0.0835134701
-0.3411075400	-0.1069942290	0.9339153500	0.9749210260
0.0000000000	0.0000000000	0.0000000000	1.0000000000
10	 11	 50	
0.7835423200	-0.3268244750	0.5284384500	0.2053735110
0.3190692370	0.9414255610	0.1091454730	-0.4981626420
-0.5331568760	0.0830883563	0.8419264040	0.8577186520
0.0000000000	0.0000000000	0.0000000000	1.0000000000
10	 12	 50	
0.4294726740	-0.4216776230	0.7985870050	0.3439233940
0.4255513560	0.8744555610	0.2328809040	-0.9071672870
-0.7965295130	0.2398237980	0.5550002520	1.5456604800
0.0000000000	0.0000000000	0.0000000000	1.0000000000
10	 13	 50	
0.2024755200	-0.4331793590	0.8782706340	0.2857918060
0.5206350880	0.8072148250	0.2781066920	-1.1291316900
-0.8294231550	0.4009487110	0.3889696150	1.7707506200
0.0000000000	0.0000000000	0.0000000000	1.0000000000
10	 14	 50	
0.7359663380	-0.3567540000	0.5753956320	-0.3871036600
0.3617484920	0.9256201160	0.1111999510	-1.1484742400
-0.5722687990	0.1263090820	0.8102804690	1.5711987200
0.0000000000	0.0000000000	0.0000000000	1.0000000000
10	 15	 50	
0.9990315320	0.0090092906	-0.0430677356	-1.2138259700
-0.0041150266	0.9936538340	0.1124060680	-0.8056427260
0.0438071195	-0.1121199820	0.9927285860	0.7479670770
0.0000000000	0.0000000000	0.0000000000	1.0000000000
10	 17	 50	
-0.2830117890	-0.4150192960	0.8646752640	1.0652664200
0.4908475440	0.7118546570	0.5023262240	-1.3297674500
-0.8239981890	0.5665879730	0.0022479419	2.5426960900
0.0000000000	0.0000000000	0.0000000000	1.0000000000
10	 18	 50	
0.6843349470	0.3223320100	-0.6540548570	1.7132744200
-0.3866995340	0.9208906900	0.0492321734	0.5738552160
0.6181821340	0.2192314120	0.7548433200	-0.5530945290
0.0000000000	0.0000000000	0.0000000000	1.0000000000
10	 19	 50	
0.9046010290	0.2185103120	-0.3659921050	0.8832142630
-0.2301873590	0.9730721160	0.0120182100	0.4693866670
0.3587628150	0.0733750710	0.9305403490	-0.3840824000
0.0000000000	0.0000000000	0.0000000000	1.0000000000
10	 20	 50	
0.9956061130	0.0448243138	-0.0822146459	0.2896694030
-0.0433886452	0.9988743810	0.0191676101	0.2996881190
0.0829812785	-0.0155162077	0.9964303060	-0.1486119600
0.0000000000	0.0000000000	0.0000000000	1.0000000000
10	 21	 50	
0.9789042130	-0.0986935863	0.1789025360	-0.2170381540
0.1026488470	0.9946331600	-0.0129650231	0.0977983300
-0.1766628300	0.0310556549	0.9837813730	0.2023155260
0.0000000000	0.0000000000	0.0000000000	1.0000000000
10	 22	 50	
0.8613093220	-0.2152016500	0.4602548230	-0.4211614850
0.2644172990	0.9633870370	-0.0443723848	-0.2973800000
-0.4338545200	0.1599176860	0.8866772750	0.7435647390
0.0000000000	0.0000000000	0.0000000000	1.0000000000
10	 24	 50	
0.0210435330	-0.2601070660	0.9653504460	0.4947186810
0.5097223180	0.8334392130	0.2134531250	-1.3090721700
-0.8600815820	0.4875688600	0.1501208820	2.3547607300
0.0000000000	0.0000000000	0.0000000000	1.0000000000
10	 25	 50	
0.2090999490	-0.4221382210	0.8820864660	0.6184222240
0.4701666820	0.8343252470	0.2878275050	-0.7889417570
-0.8574500000	0.3545429510	0.3729326940	1.2948035500
0.0000000000	0.0000000000	0.0000000000	1.0000000000
10	 32	 50	
0.9936895430	-0.0364952742	0.1060621850	0.1217821480
0.0580639541	0.9763985220	-0.2080252460	0.4611713120
-0.0959670228	0.2128709010	0.9723560610	-0.4803272690
0.0000000000	0.0000000000	0.0000000000	1.0000000000
10	 33	 50	
0.9303643900	0.1941624090	-0.3110033150	0.7166488290
-0.1927310830	0.9806039130	0.0356468269	0.2423201700
0.3118923410	0.0267754673	0.9497400920	0.1722214560
0.0000000000	0.0000000000	0.0000000000	1.0000000000
10	 41	 50	
0.9245239210	0.1793712310	-0.3362759010	-0.3259083510
-0.1543849440	0.9829512770	0.0998602847	0.3424995640
0.3484548890	-0.0404072858	0.9364541860	-0.1342150600
0.0000000000	0.0000000000	0.0000000000	1.0000000000
11	 12	 50	
0.8834582040	-0.2469054670	0.3981699290	-0.2502300360
0.2593712230	0.9654986600	0.0232143646	-0.4327893210
-0.3901642870	0.0827649008	0.9170178850	0.5817334990
0.0000000000	0.0000000000	0.0000000000	1.0000000000
11	 13	 50	
0.7462300760	-0.3310117020	0.5775568600	-0.5891198760
0.3652762070	0.9289349550	0.0604412334	-0.6524512770
-0.5565195110	0.1658647130	0.8141099010	0.8123131040
0.0000000000	0.0000000000	0.0000000000	1.0000000000
11	 14	 50	
0.9911975820	-0.0844988077	0.1019181290	-1.1080448100
0.0863571118	0.9961665320	-0.0139531225	-0.4057891260
-0.1003484070	0.0226316566	0.9946949310	0.2841274030
0.0000000000	0.0000000000	0.0000000000	1.0000000000
11	 16	 50	
0.0314479541	-0.4977799830	0.8667330120	0.7686285840
0.5241427760	0.7465761210	0.4097541300	-1.0195793500
-0.8510495740	0.4414059180	0.2843860740	1.3151957400
0.0000000000	0.0000000000	0.0000000000	1.0000000000
11	 17	 50	
0.5581766980	-0.4279114110	0.7108660900	-0.4358479930
0.5055149290	0.8547660580	0.1175994990	-0.8030468940
-0.6579463730	0.2937121210	0.6934261030	1.3195398900
0.0000000000	0.0000000000	0.0000000000	1.0000000000
11	 19	 50	
0.5212559900	0.5131022340	-0.6819224950	1.1088243700
-0.5081775220	0.8285716010	0.2349993780	0.5883298780
0.6856003200	0.2240428510	0.6926449330	-0.5699103890
0.0000000000	0.0000000000	0.0000000000	1.0000000000
11	 20	 50	
0.6920761480	0.3840761100	-0.6111596740	0.9207392990
-0.3716999550	0.9154271520	0.1543770480	0.6235592590
0.6187646950	0.1203273510	0.7763063700	-0.7176788460
0.0000000000	0.0000000000	0.0000000000	1.0000000000
11	 21	 50	
0.8889213480	0.2318090110	-0.3950739420	0.2128185720
-0.2440902140	0.9695528670	0.0196775570	0.6305914860
0.3876065080	0.0789418825	0.9184385520	-0.7067963050
0.0000000000	0.0000000000	0.0000000000	1.0000000000
11	 22	 50	
0.9874782270	0.0875737172	-0.1312158360	-0.4054887020
-0.1044810590	0.9862477140	-0.1280591850	0.4937846150
0.1181967000	0.1401652260	0.9830479390	-0.4204863460
0.0000000000	0.0000000000	0.0000000000	1.0000000000
11	 23	 50	
0.9447067640	-0.1381914980	0.2973755860	-0.7145886880
0.1949992020	0.9658445560	-0.1706446720	-0.2835168990
-0.2636369480	0.2191971780	0.9393871170	0.4626426650
0.0000000000	0.0000000000	0.0000000000	1.0000000000
11	 24	 50	
