5	6	50
2474.00000000 0.00000000 0.00000000 0.00000000 6953.33661169 -8088.02744478
0.00000000 2474.00000000 0.00000000 -6953.33661169 0.00000000 7700.65997481
0.00000000 0.00000000 2474.00000000 8088.02744478 -7700.65997481 0.00000000
0.00000000 -6953.33661169 8088.02744478 49808.19844935 -24938.37257953 -21615.27300247
6953.33661169 0.00000000 -7700.65997481 -24938.37257953 47292.17133310 -22978.15665479
-8088.02744478 7700.65997481 0.00000000 -21615.27300247 -22978.15665479 53441.24308401
4	5	50
1800.00000000 0.00000000 0.00000000 0.00000000 4610.21354067 -5163.19023991
0.00000000 1800.00000000 0.00000000 -4610.21354067 0.00000000 5999.21638727
0.00000000 0.00000000 1800.00000000 5163.19023991 -5999.21638727 0.00000000
0.00000000 -4610.21354067 5163.19023991 28811.45099268 -17432.61464331 -15754.08752215
4610.21354067 0.00000000 -5999.21638727 -17432.61464331 34165.42975980 -13127.59584371
-5163.19023991 5999.21638727 0.00000000 -15754.08752215 -13127.59584371 36831.49380445
3	4	50
2748.00000000 0.00000000 0.00000000 0.00000000 9358.47316504 -7267.70756322
0.00000000 2748.00000000 0.00000000 -9358.47316504 0.00000000 9219.12397999
0.00000000 0.00000000 2748.00000000 7267.70756322 -9219.12397999 0.00000000
0.00000000 -9358.47316504 7267.70756322 56844.45665605 -24591.10476436 -32504.87099762
9358.47316504 0.00000000 -9219.12397999 -24591.10476436 68978.02556485 -23516.69141382
-7267.70756322 9219.12397999 0.00000000 -32504.87099762 -23516.69141382 54740.48578840
6	7	50
3625.00000000 0.00000000 0.00000000 0.00000000 11526.63694894 -12033.10107315
0.00000000 3625.00000000 0.00000000 -11526.63694894 0.00000000 12683.48626506
0.00000000 0.00000000 3625.00000000 12033.10107315 -12683.48626506 0.00000000
0.00000000 -11526.63694894 12033.10107315 84734.35834561 -42450.10440063 -40918.03741676
11526.63694894 0.00000000 -12683.48626506 -42450.10440063 89573.27129760 -35812.66072674
-12033.10107315 12683.48626506 0.00000000 -40918.03741676 -35812.66072674 91969.39037320
0	1	50
3968.00000000 0.00000000 0.00000000 0.00000000 16624.82340395 -12134.45811027
0.00000000 3968.00000000 0.00000000 -16624.82340395 0.00000000 12555.20911534
0.00000000 0.00000000 3968.00000000 12134.45811027 -12555.20911534 0.00000000
0.00000000 -16624.82340395 12134.45811027 114900.57086039 -38792.48796515 -53002.49947602
16624.82340395 0.00000000 -12555.20911534 -38792.48796515 118939.56301186 -50250.19086451
-12134.45811027 12555.20911534 0.00000000 -53002.49947602 -50250.19086451 90184.00376667
2	3	50
2963.00000000 0.00000000 0.00000000 0.00000000 10372.92633712 -8916.85564452
0.00000000 2963.00000000 0.00000000 -10372.92633712 0.00000000 9160.13577378
0.00000000 0.00000000 2963.00000000 8916.85564452 -9160.13577378 0.00000000
0.00000000 -10372.92633712 8916.85564452 68767.86345304 -28007.86529992 -31371.80072919
10372.92633712 0.00000000 -9160.13577378 -28007.86529992 70492.73705029 -30525.56074942
-8916.85564452 9160.13577378 0.00000000 -31371.80072919 -30525.56074942 60396.07813590
5	7	50
1494.00000000 0.00000000 0.00000000 0.00000000 3736.18180162 -6218.58485043
0.00000000 1494.00000000 0.00000000 -3736.18180162 0.00000000 6223.63425660
0.00000000 0.00000000 1494.00000000 6218.58485043 -6223.63425660 0.00000000
0.00000000 -3736.18180162 6218.58485043 37344.28762289 -26087.44243088 -15907.60150220
3736.18180162 0.00000000 -6223.63425660 -26087.44243088 36994.73942630 -15315.16516137
-6218.58485043 6223.63425660 0.00000000 -15907.60150220 -15315.16516137 53785.06596451
1	2	50
4946.00000000 0.00000000 0.00000000 0.00000000 21672.03700900 -15309.12702990
0.00000000 4946.00000000 0.00000000 -21672.03700900 0.00000000 15342.63995567
0.00000000 0.00000000 4946.00000000 15309.12702990 -15342.63995567 0.00000000
0.00000000 -21672.03700900 15309.12702990 152136.97427056 -47835.65189861 -68627.80027530
21672.03700900 0.00000000 -15342.63995567 -47835.65189861 156539.34201089 -66948.52389553
-15309.12702990 15342.63995567 0.00000000 -68627.80027530 -66948.52389553 113073.41767172
4	6	50
1785.00000000 0.00000000 0.00000000 0.00000000 4225.14315146 -4922.37415850
0.00000000 1785.00000000 0.00000000 -4225.14315146 0.00000000 5823.00807583
0.00000000 0.00000000 1785.00000000 4922.37415850 -5823.00807583 0.00000000
0.00000000 -4225.14315146 4922.37415850 25453.42184719 -16414.33501093 -14363.97604693
4225.14315146 0.00000000 -5823.00807583 -16414.33501093 31356.80878629 -11565.12105372
-4922.37415850 5823.00807583 0.00000000 -14363.97604693 -11565.12105372 34445.03330803
1	3	50
2581.00000000 0.00000000 0.00000000 0.00000000 8753.92137349 -7701.14800209
0.00000000 2581.00000000 0.00000000 -8753.92137349 0.00000000 8466.71367860
0.00000000 0.00000000 2581.00000000 7701.14800209 -8466.71367860 0.00000000
0.00000000 -8753.92137349 7701.14800209 57254.17299781 -25666.97039136 -28401.75817024
8753.92137349 0.00000000 -8466.71367860 -25666.97039136 62131.03538283 -25584.85841413
-7701.14800209 8466.71367860 0.00000000 -28401.75817024 -25584.85841413 54990.68759965
0	2	50
4325.00000000 0.00000000 0.00000000 0.00000000 18353.89922380 -13352.61523128
0.00000000 4325.00000000 0.00000000 -18353.89922380 0.00000000 14065.90004537
0.00000000 0.00000000 4325.00000000 13352.61523128 -14065.90004537 0.00000000
0.00000000 -18353.89922380 13352.61523128 128561.91851642 -43201.77010084 -60984.71756128
18353.89922380 0.00000000 -14065.90004537 -43201.77010084 133014.43539267 -55979.14931317
-13352.61523128 14065.90004537 0.00000000 -60984.71756128 -55979.14931317 100772.76117687
5	8	50
1182.00000000 0.00000000 0.00000000 0.00000000 3810.89473736 -3636.42153919
0.00000000 1182.00000000 0.00000000 -3810.89473736 0.00000000 5183.01141596
0.00000000 0.00000000 1182.00000000 3636.42153919 -5183.01141596 0.00000000
0.00000000 -3810.89473736 3636.42153919 24878.18629755 -16048.64724414 -17049.21207073
3810.89473736 0.00000000 -5183.01141596 -16048.64724414 36235.50441931 -11593.51734780
-3636.42153919 5183.01141596 0.00000000 -17049.21207073 -11593.51734780 35146.43930387
4	7	50
1831.00000000 0.00000000 0.00000000 0.00000000 4238.87918854 -7223.87143207
0.00000000 1831.00000000 0.00000000 -4238.87918854 0.00000000 7057.95460188
0.00000000 0.00000000 1831.00000000 7223.87143207 -7057.95460188 0.00000000
0.00000000 -4238.87918854 7223.87143207 40173.74837912 -27963.30610629 -17124.72844930
4238.87918854 0.00000000 -7057.95460188 -27963.30610629 39809.10421632 -16456.68243762
-7223.87143207 7057.95460188 0.00000000 -17124.72844930 -16456.68243762 58458.01747588
6	8	50
3001.00000000 0.00000000 0.00000000 0.00000000 10212.82561779 -7466.26812875
0.00000000 3001.00000000 0.00000000 -10212.82561779 0.00000000 9943.92619252
0.00000000 0.00000000 3001.00000000 7466.26812875 -9943.92619252 0.00000000
0.00000000 -10212.82561779 7466.26812875 58605.75042877 -25479.58836393 -34061.23169273
10212.82561779 0.00000000 -9943.92619252 -25479.58836393 74779.38974262 -23814.32801813
-7466.26812875 9943.92619252 0.00000000 -34061.23169273 -23814.32801813 56958.01792500
7	8	50
4073.00000000 0.00000000 0.00000000 0.00000000 13408.74557221 -11204.38989717
0.00000000 4073.00000000 0.00000000 -13408.74557221 0.00000000 12269.82415610
0.00000000 0.00000000 4073.00000000 11204.38989717 -12269.82415610 0.00000000
0.00000000 -13408.74557221 11204.38989717 82851.95618035 -32941.55619516 -41115.92578184
13408.74557221 0.00000000 -12269.82415610 -32941.55619516 92162.08521298 -34518.40396782
-11204.38989717 12269.82415610 0.00000000 -41115.92578184 -34518.40396782 77960.23282758
0	3	50
2761.00000000 0.00000000 0.00000000 0.00000000 8999.89048398 -8981.00598657
0.00000000 2761.00000000 0.00000000 -8999.89048398 0.00000000 9211.63637358
0.00000000 0.00000000 2761.00000000 8981.00598657 -9211.63637358 0.00000000
0.00000000 -8999.89048398 8981.00598657 62862.09931646 -29830.85979359 -30180.93725660
8999.89048398 0.00000000 -9211.63637358 -29830.85979359 64816.41382252 -29075.84155426
-8981.00598657 9211.63637358 0.00000000 -30180.93725660 -29075.84155426 64679.51417192
4	8	50
1899.00000000 0.00000000 0.00000000 0.00000000 5832.89234853 -5544.95424235
0.00000000 1899.00000000 0.00000000 -5832.89234853 0.00000000 7726.08187795
0.00000000 0.00000000 1899.00000000 5544.95424235 -7726.08187795 0.00000000
0.00000000 -5832.89234853 5544.95424235 36871.27669316 -22510.38402154 -24589.03377772
5832.89234853 0.00000000 -7726.08187795 -22510.38402154 52159.66823431 -16383.63705277
-5544.95424235 7726.08187795 0.00000000 -24589.03377772 -16383.63705277 49998.67715786
6	9	50
2686.00000000 0.00000000 0.00000000 0.00000000 9874.60005832 -6332.09481758
0.00000000 2686.00000000 0.00000000 -9874.60005832 0.00000000 9619.30702662
0.00000000 0.00000000 2686.00000000 6332.09481758 -9619.30702662 0.00000000
0.00000000 -9874.60005832 6332.09481758 55198.23388928 -22900.65599841 -35249.11785995
9874.60005832 0.00000000 -9619.30702662 -22900.65599841 75680.16690199 -22273.74166861
-6332.09481758 9619.30702662 0.00000000 -35249.11785995 -22273.74166861 53236.75123582
7	9	50
3092.00000000 0.00000000 0.00000000 0.00000000 10333.98714530 -8042.63595814
0.00000000 3092.00000000 0.00000000 -10333.98714530 0.00000000 9977.26004231
0.00000000 0.00000000 3092.00000000 8042.63595814 -9977.26004231 0.00000000
0.00000000 -10333.98714530 8042.63595814 61615.49815531 -24714.20729424 -33609.29203555
10333.98714530 0.00000000 -9977.26004231 -24714.20729424 73798.47646387 -24681.49816375
-8042.63595814 9977.26004231 0.00000000 -33609.29203555 -24681.49816375 60142.38817581
6	10	50
2328.00000000 0.00000000 0.00000000 0.00000000 9319.66766644 -4791.70446002
0.00000000 2328.00000000 0.00000000 -9319.66766644 0.00000000 8319.41040379
0.00000000 0.00000000 2328.00000000 4791.70446002 -8319.41040379 0.00000000
0.00000000 -9319.66766644 4791.70446002 50373.15519719 -17417.61804321 -32757.07424631
9319.66766644 0.00000000 -8319.41040379 -17417.61804321 72162.79403217 -18123.61295211
-4791.70446002 8319.41040379 0.00000000 -32757.07424631 -18123.61295211 43690.29285951
7	10	50
2987.00000000 0.00000000 0.00000000 0.00000000 10908.82902837 -7356.49527508
0.00000000 2987.00000000 0.00000000 -10908.82902837 0.00000000 10504.77881414
0.00000000 0.00000000 2987.00000000 7356.49527508 -10504.77881414 0.00000000
0.00000000 -10908.82902837 7356.49527508 63905.29651162 -25745.88881832 -38107.27528550
10908.82902837 0.00000000 -10504.77881414 -25745.88881832 83029.31714548 -24535.84802572
-7356.49527508 10504.77881414 0.00000000 -38107.27528550 -24535.84802572 61903.67106929
4	11	50
1633.00000000 0.00000000 0.00000000 0.00000000 7769.96156001 -3022.73805934
0.00000000 1633.00000000 0.00000000 -7769.96156001 0.00000000 6155.05853498
0.00000000 0.00000000 1633.00000000 3022.73805934 -6155.05853498 0.00000000
0.00000000 -7769.96156001 3022.73805934 44622.18153049 -12096.29569498 -29645.75858613
7769.96156001 0.00000000 -6155.05853498 -12096.29569498 64333.69513982 -13854.55263523
-3022.73805934 6155.05853498 0.00000000 -29645.75858613 -13854.55263523 32979.01334493
6	11	50
2257.00000000 0.00000000 0.00000000 0.00000000 9014.19716191 -4815.11211658
0.00000000 2257.00000000 0.00000000 -9014.19716191 0.00000000 5414.32045969
0.00000000 0.00000000 2257.00000000 4815.11211658 -5414.32045969 0.00000000
0.00000000 -9014.19716191 4815.11211658 49126.08329184 -11671.14562530 -21357.81570786
9014.19716191 0.00000000 -5414.32045969 -11671.14562530 52858.07272746 -18539.51729211
-4815.11211658 5414.32045969 0.00000000 -21357.81570786 -18539.51729211 26823.58201860
7	11	50
2643.00000000 0.00000000 0.00000000 0.00000000 9733.96054685 -6213.97093886
0.00000000 2643.00000000 0.00000000 -9733.96054685 0.00000000 7028.17926911
0.00000000 0.00000000 2643.00000000 6213.97093886 -7028.17926911 0.00000000
0.00000000 -9733.96054685 6213.97093886 54645.33130726 -17514.25302079 -25426.30762440
9733.96054685 0.00000000 -7028.17926911 -17514.25302079 59389.33227414 -21327.14132402
-6213.97093886 7028.17926911 0.00000000 -25426.30762440 -21327.14132402 38437.40269929
6	12	50
2313.00000000 0.00000000 0.00000000 0.00000000 8797.86616325 -5849.61761653
0.00000000 2313.00000000 0.00000000 -8797.86616325 0.00000000 5012.93272009
0.00000000 0.00000000 2313.00000000 5849.61761653 -5012.93272009 0.00000000
0.00000000 -8797.86616325 5849.61761653 51160.54645110 -12888.32828350 -19271.36130328
8797.86616325 0.00000000 -5012.93272009 -12888.32828350 48491.08110974 -21970.20270301
-5849.61761653 5012.93272009 0.00000000 -19271.36130328 -21970.20270301 29640.28281653
7	12	50
2703.00000000 0.00000000 0.00000000 0.00000000 9689.09321880 -7044.49230230
0.00000000 2703.00000000 0.00000000 -9689.09321880 0.00000000 6871.47073820
0.00000000 0.00000000 2703.00000000 7044.49230230 -6871.47073820 0.00000000
0.00000000 -9689.09321880 7044.49230230 56883.65217236 -19334.76917654 -24458.18305927
9689.09321880 0.00000000 -6871.47073820 -19334.76917654 58113.37043354 -24179.07999887
-7044.49230230 6871.47073820 0.00000000 -24458.18305927 -24179.07999887 41895.58194477
6	13	50
2391.00000000 0.00000000 0.00000000 0.00000000 9392.21462691 -6120.72413194
0.00000000 2391.00000000 0.00000000 -9392.21462691 0.00000000 5458.90147725
0.00000000 0.00000000 2391.00000000 6120.72413194 -5458.90147725 0.00000000
0.00000000 -9392.21462691 6120.72413194 56285.17254404 -14154.54330108 -22305.67442406
9392.21462691 0.00000000 -5458.90147725 -14154.54330108 54326.43204356 -23729.71667664
-6120.72413194 5458.90147725 0.00000000 -22305.67442406 -23729.71667664 31997.36387504
7	13	50
2526.00000000 0.00000000 0.00000000 0.00000000 9547.82194841 -6468.32569551
0.00000000 2526.00000000 0.00000000 -9547.82194841 0.00000000 6494.54878309
0.00000000 0.00000000 2526.00000000 6468.32569551 -6494.54878309 0.00000000
0.00000000 -9547.82194841 6468.32569551 56382.75162609 -17922.53224061 -25022.76478501
9547.82194841 0.00000000 -6494.54878309 -17922.53224061 59106.29776795 -23712.13043131
-6468.32569551 6494.54878309 0.00000000 -25022.76478501 -23712.13043131 38943.61849249
6	14	50
1914.00000000 0.00000000 0.00000000 0.00000000 7356.50192547 -4890.48738480
0.00000000 1914.00000000 0.00000000 -7356.50192547 0.00000000 7138.91096151
0.00000000 0.00000000 1914.00000000 4890.48738480 -7138.91096151 0.00000000
0.00000000 -7356.50192547 4890.48738480 43036.55716374 -18298.65605373 -28073.76338966
7356.50192547 0.00000000 -7138.91096151 -18298.65605373 57971.44189757 -18546.52479746
-4890.48738480 7138.91096151 0.00000000 -28073.76338966 -18546.52479746 42311.76032641
7	14	50
1735.00000000 0.00000000 0.00000000 0.00000000 6566.81460381 -3989.58328283
0.00000000 1735.00000000 0.00000000 -6566.81460381 0.00000000 6386.27640080
0.00000000 0.00000000 1735.00000000 3989.58328283 -6386.27640080 0.00000000
0.00000000 -6566.81460381 3989.58328283 35705.64576488 -14690.95118026 -24742.59259391
6566.81460381 0.00000000 -6386.27640080 -14690.95118026 51127.52084100 -14585.44285299
-3989.58328283 6386.27640080 0.00000000 -24742.59259391 -14585.44285299 34947.90544729
1	47	50
1342.00000000 0.00000000 0.00000000 0.00000000 4194.14482892 -3869.23522550
0.00000000 1342.00000000 0.00000000 -4194.14482892 0.00000000 4088.42916983
0.00000000 0.00000000 1342.00000000 3869.23522550 -4088.42916983 0.00000000
0.00000000 -4194.14482892 3869.23522550 27165.60290416 -11664.27555439 -12162.02882175
4194.14482892 0.00000000 -4088.42916983 -11664.27555439 28316.84678006 -11994.32024888
-3869.23522550 4088.42916983 0.00000000 -12162.02882175 -11994.32024888 25689.15020567
2	47	50
1486.00000000 0.00000000 0.00000000 0.00000000 4811.24399364 -4474.13993794
0.00000000 1486.00000000 0.00000000 -4811.24399364 0.00000000 4531.18494070
0.00000000 0.00000000 1486.00000000 4474.13993794 -4531.18494070 0.00000000
0.00000000 -4811.24399364 4474.13993794 32370.15926294 -13416.38543314 -14052.87407388
4811.24399364 0.00000000 -4531.18494070 -13416.38543314 32327.49596978 -14553.77918977
-4474.13993794 4531.18494070 0.00000000 -14052.87407388 -14553.77918977 29453.36412030
3	47	50
1488.00000000 0.00000000 0.00000000 0.00000000 5853.24641430 -4992.07990313
0.00000000 1488.00000000 0.00000000 -5853.24641430 0.00000000 4185.55318141
0.00000000 0.00000000 1488.00000000 4992.07990313 -4185.55318141 0.00000000
0.00000000 -5853.24641430 4992.07990313 42300.64226014 -14308.07847459 -16174.29806483
5853.24641430 0.00000000 -4185.55318141 -14308.07847459 37253.97359703 -19763.15651265
-4992.07990313 4185.55318141 0.00000000 -16174.29806483 -19763.15651265 30229.94155138
0	47	50
2230.00000000 0.00000000 0.00000000 0.00000000 7133.75044668 -7169.84890497
0.00000000 2230.00000000 0.00000000 -7133.75044668 0.00000000 6800.97410351
0.00000000 0.00000000 2230.00000000 7169.84890497 -6800.97410351 0.00000000
0.00000000 -7133.75044668 7169.84890497 51543.57566978 -21315.25608191 -20181.77296362
7133.75044668 0.00000000 -6800.97410351 -21315.25608191 49323.41983315 -23628.44598517
-7169.84890497 6800.97410351 0.00000000 -20181.77296362 -23628.44598517 47340.08532569
4	48	50
1258.00000000 0.00000000 0.00000000 0.00000000 5943.93242407 -4569.42354250
0.00000000 1258.00000000 0.00000000 -5943.93242407 0.00000000 1037.58098198
0.00000000 0.00000000 1258.00000000 4569.42354250 -1037.58098198 0.00000000
0.00000000 -5943.93242407 4569.42354250 45978.74994730 -3775.40622908 -4616.16227757
5943.93242407 0.00000000 -1037.58098198 -3775.40622908 29791.95993145 -21371.58009216
-4569.42354250 1037.58098198 0.00000000 -4616.16227757 -21371.58009216 18529.78006032
3	48	50
1775.00000000 0.00000000 0.00000000 0.00000000 7093.97043681 -6020.46545458
0.00000000 1775.00000000 0.00000000 -7093.97043681 0.00000000 2089.83514608
0.00000000 0.00000000 1775.00000000 6020.46545458 -2089.83514608 0.00000000
0.00000000 -7093.97043681 6020.46545458 53326.13533746 -6766.73750832 -6770.58328713
7093.97043681 0.00000000 -2089.83514608 -6766.73750832 35083.95094139 -24432.44778260
-6020.46545458 2089.83514608 0.00000000 -6770.58328713 -24432.44778260 25088.12924067
2	48	50
2296.00000000 0.00000000 0.00000000 0.00000000 6933.19905108 -6115.50451815
0.00000000 2296.00000000 0.00000000 -6933.19905108 0.00000000 4645.64058262
0.00000000 0.00000000 2296.00000000 6115.50451815 -4645.64058262 0.00000000
0.00000000 -6933.19905108 6115.50451815 43720.38622187 -11745.10268478 -11723.07804666
6933.19905108 0.00000000 -4645.64058262 -11745.10268478 36357.99996926 -18821.16752744
-6115.50451815 4645.64058262 0.00000000 -11723.07804666 -18821.16752744 29632.79676940
1	48	50
2142.00000000 0.00000000 0.00000000 0.00000000 6197.99067944 -5458.00482857
0.00000000 2142.00000000 0.00000000 -6197.99067944 0.00000000 4536.80326337
0.00000000 0.00000000 2142.00000000 5458.00482857 -4536.80326337 0.00000000
0.00000000 -6197.99067944 5458.00482857 37442.33328748 -11237.81231809 -11123.82022275
6197.99067944 0.00000000 -4536.80326337 -11237.81231809 32898.53566703 -15748.58760266
-5458.00482857 4536.80326337 0.00000000 -11123.82022275 -15748.58760266 26800.29718197
0	48	50
2206.00000000 0.00000000 0.00000000 0.00000000 5142.50477052 -5924.94385976
0.00000000 2206.00000000 0.00000000 -5142.50477052 0.00000000 5577.11089993
0.00000000 0.00000000 2206.00000000 5924.94385976 -5577.11089993 0.00000000
0.00000000 -5142.50477052 5924.94385976 32688.36701570 -14712.28037743 -11239.74451389
5142.50477052 0.00000000 -5577.11089993 -14712.28037743 30789.13476927 -13528.44286684
-5924.94385976 5577.11089993 0.00000000 -11239.74451389 -13528.44286684 33927.41072674
1	49	50
2610.00000000 0.00000000 0.00000000 0.00000000 7006.42296511 -7586.85655713
0.00000000 2610.00000000 0.00000000 -7006.42296511 0.00000000 6042.92166465
0.00000000 0.00000000 2610.00000000 7586.85655713 -6042.92166465 0.00000000
0.00000000 -7006.42296511 7586.85655713 45298.34975438 -17207.78842594 -14476.69952638
7006.42296511 0.00000000 -6042.92166465 -17207.78842594 37992.55514461 -20522.84866783
-7586.85655713 6042.92166465 0.00000000 -14476.69952638 -20522.84866783 40686.79832490
2	49	50
2779.00000000 0.00000000 0.00000000 0.00000000 7777.39835936 -8295.24243379
0.00000000 2779.00000000 0.00000000 -7777.39835936 0.00000000 6096.98774175
0.00000000 0.00000000 2779.00000000 8295.24243379 -6096.98774175 0.00000000
0.00000000 -7777.39835936 8295.24243379 51708.23883902 -17496.95237438 -14891.71527717
7777.39835936 0.00000000 -6096.98774175 -17496.95237438 41200.39204570 -23702.07845792
-8295.24243379 6096.98774175 0.00000000 -14891.71527717 -23702.07845792 43618.68856490
3	49	50
1987.00000000 0.00000000 0.00000000 0.00000000 6240.61651373 -7055.91197515
0.00000000 1987.00000000 0.00000000 -6240.61651373 0.00000000 3318.73996793
0.00000000 0.00000000 1987.00000000 7055.91197515 -3318.73996793 0.00000000
0.00000000 -6240.61651373 7055.91197515 48112.09541777 -11332.95001700 -8912.95863956
6240.61651373 0.00000000 -3318.73996793 -11332.95001700 29542.49480996 -22680.01665338
-7055.91197515 3318.73996793 0.00000000 -8912.95863956 -22680.01665338 33774.70548956
0	49	50
2519.00000000 0.00000000 0.00000000 0.00000000 6149.74780160 -7370.63634706
0.00000000 2519.00000000 0.00000000 -6149.74780160 0.00000000 6630.45793974
0.00000000 0.00000000 2519.00000000 7370.63634706 -6630.45793974 0.00000000
0.00000000 -6149.74780160 7370.63634706 40161.77212264 -19291.23424190 -15114.41116949
6149.74780160 0.00000000 -6630.45793974 -19291.23424190 36457.19189984 -17894.25582883
-7370.63634706 6630.45793974 0.00000000 -15114.41116949 -17894.25582883 43029.18678678
8	9	50
3744.00000000 0.00000000 0.00000000 0.00000000 12676.66342545 -9715.62157053
0.00000000 3744.00000000 0.00000000 -12676.66342545 0.00000000 11997.84522978
0.00000000 0.00000000 3744.00000000 9715.62157053 -11997.84522978 0.00000000
0.00000000 -12676.66342545 9715.62157053 75920.23826339 -29669.00166315 -40688.03955217
12676.66342545 0.00000000 -11997.84522978 -29669.00166315 90200.18517300 -30047.44630499
-9715.62157053 11997.84522978 0.00000000 -40688.03955217 -30047.44630499 72361.56047297
12	13	50
4564.00000000 0.00000000 0.00000000 0.00000000 18284.75569034 -13981.18576294
0.00000000 4564.00000000 0.00000000 -18284.75569034 0.00000000 12707.71074519
0.00000000 0.00000000 4564.00000000 13981.18576294 -12707.71074519 0.00000000
0.00000000 -18284.75569034 13981.18576294 124175.26304217 -40735.21697603 -52054.95790187
18284.75569034 0.00000000 -12707.71074519 -40735.21697603 120427.59053286 -54588.60148211
-13981.18576294 12707.71074519 0.00000000 -52054.95790187 -54588.60148211 91371.23674543
14	15	50
3252.00000000 0.00000000 0.00000000 0.00000000 12118.33789349 -11021.44013739
0.00000000 3252.00000000 0.00000000 -12118.33789349 0.00000000 9871.95896512
0.00000000 0.00000000 3252.00000000 11021.44013739 -9871.95896512 0.00000000
0.00000000 -12118.33789349 11021.44013739 85669.97549379 -33127.63613760 -36424.05085852
12118.33789349 0.00000000 -9871.95896512 -33127.63613760 81989.86672451 -41638.22863576
-11021.44013739 9871.95896512 0.00000000 -36424.05085852 -41638.22863576 76349.08951286
11	12	50
4960.00000000 0.00000000 0.00000000 0.00000000 18352.56685221 -15449.30626398
0.00000000 4960.00000000 0.00000000 -18352.56685221 0.00000000 13613.50312439
0.00000000 0.00000000 4960.00000000 15449.30626398 -13613.50312439 0.00000000
0.00000000 -18352.56685221 15449.30626398 123816.81245454 -44199.01693697 -52243.59977056
18352.56685221 0.00000000 -13613.50312439 -44199.01693697 118966.76610883 -56247.64968951
-15449.30626398 13613.50312439 0.00000000 -52243.59977056 -56247.64968951 100179.85672270
13	14	50
3812.00000000 0.00000000 0.00000000 0.00000000 14180.30751014 -11399.17755181
0.00000000 3812.00000000 0.00000000 -14180.30751014 0.00000000 12885.86634779
0.00000000 0.00000000 3812.00000000 11399.17755181 -12885.86634779 0.00000000
0.00000000 -14180.30751014 11399.17755181 93063.63138349 -37938.91184167 -49275.73163744
14180.30751014 0.00000000 -12885.86634779 -37938.91184167 103058.78323907 -41317.51927379
-11399.17755181 12885.86634779 0.00000000 -49275.73163744 -41317.51927379 86376.49333485
10	11	50
4774.00000000 0.00000000 0.00000000 0.00000000 17879.63875675 -13500.64832056
0.00000000 4774.00000000 0.00000000 -17879.63875675 0.00000000 12267.59301279
0.00000000 0.00000000 4774.00000000 13500.64832056 -12267.59301279 0.00000000
0.00000000 -17879.63875675 13500.64832056 113431.09369997 -36277.43401719 -45417.94350697
17879.63875675 0.00000000 -12267.59301279 -36277.43401719 110371.91340768 -48758.66560498
-13500.64832056 12267.59301279 0.00000000 -45417.94350697 -48758.66560498 84098.81963565
9	10	50
4832.00000000 0.00000000 0.00000000 0.00000000 19115.02281427 -12594.74248344
0.00000000 4832.00000000 0.00000000 -19115.02281427 0.00000000 14039.25312316
0.00000000 0.00000000 4832.00000000 12594.74248344 -14039.25312316 0.00000000
0.00000000 -19115.02281427 12594.74248344 119246.23219151 -35770.28734415 -53055.01152441
19115.02281427 0.00000000 -14039.25312316 -35770.28734415 131711.17117940 -46546.75359083
-12594.74248344 14039.25312316 0.00000000 -53055.01152441 -46546.75359083 90106.11785884
8	10	50
3505.00000000 0.00000000 0.00000000 0.00000000 12902.63608241 -8755.80472696
0.00000000 3505.00000000 0.00000000 -12902.63608241 0.00000000 12089.19365704
0.00000000 0.00000000 3505.00000000 8755.80472696 -12089.19365704 0.00000000
0.00000000 -12902.63608241 8755.80472696 76787.16508101 -29902.10202611 -44016.29449445
12902.63608241 0.00000000 -12089.19365704 -29902.10202611 97209.47244567 -29383.73974460
-8755.80472696 12089.19365704 0.00000000 -44016.29449445 -29383.73974460 72424.23400326
13	15	50
1719.00000000 0.00000000 0.00000000 0.00000000 6291.08051610 -5571.42699385
0.00000000 1719.00000000 0.00000000 -6291.08051610 0.00000000 7148.92537141
0.00000000 0.00000000 1719.00000000 5571.42699385 -7148.92537141 0.00000000
0.00000000 -6291.08051610 5571.42699385 42664.14490730 -23269.20291201 -25973.48078076
6291.08051610 0.00000000 -7148.92537141 -23269.20291201 53720.15445253 -20636.77425997
-5571.42699385 7148.92537141 0.00000000 -25973.48078076 -20636.77425997 49785.05433515
12	14	50
3164.00000000 0.00000000 0.00000000 0.00000000 12314.45739484 -9286.77305204
0.00000000 3164.00000000 0.00000000 -12314.45739484 0.00000000 11941.60203040
0.00000000 0.00000000 3164.00000000 9286.77305204 -11941.60203040 0.00000000
0.00000000 -12314.45739484 9286.77305204 80203.83722651 -34730.33523142 -46793.15462068
12314.45739484 0.00000000 -11941.60203040 -34730.33523142 96916.96749423 -35037.59948936
-9286.77305204 11941.60203040 0.00000000 -46793.15462068 -35037.59948936 78054.10053682
11	13	50
3787.00000000 0.00000000 0.00000000 0.00000000 14882.85562134 -11664.79273772
0.00000000 3787.00000000 0.00000000 -14882.85562134 0.00000000 10525.67524713
0.00000000 0.00000000 3787.00000000 11664.79273772 -10525.67524713 0.00000000
0.00000000 -14882.85562134 11664.79273772 100106.19093622 -34008.35513042 -42142.96660889
14882.85562134 0.00000000 -10525.67524713 -34008.35513042 96287.78403152 -45113.33716179
-11664.79273772 10525.67524713 0.00000000 -42142.96660889 -45113.33716179 74953.54709528
10	12	50
4398.00000000 0.00000000 0.00000000 0.00000000 16091.90135694 -13215.44018024
0.00000000 4398.00000000 0.00000000 -16091.90135694 0.00000000 11040.30384102
0.00000000 0.00000000 4398.00000000 13215.44018024 -11040.30384102 0.00000000
0.00000000 -16091.90135694 13215.44018024 106452.72078438 -34875.36569072 -41551.62755827
16091.90135694 0.00000000 -11040.30384102 -34875.36569072 98765.29038021 -46731.56101814
-13215.44018024 11040.30384102 0.00000000 -41551.62755827 -46731.56101814 80707.33535868
9	11	50
3473.00000000 0.00000000 0.00000000 0.00000000 12796.81608891 -8997.71570891
0.00000000 3473.00000000 0.00000000 -12796.81608891 0.00000000 8758.83692917
0.00000000 0.00000000 3473.00000000 8997.71570891 -8758.83692917 0.00000000
0.00000000 -12796.81608891 8997.71570891 76639.67049104 -23735.61829547 -31882.16948392
12796.81608891 0.00000000 -8758.83692917 -23735.61829547 75928.03626896 -31386.49312887
-8997.71570891 8758.83692917 0.00000000 -31882.16948392 -31386.49312887 53379.86377728
15	16	50
2111.00000000 0.00000000 0.00000000 0.00000000 6794.33226442 -7421.51671553
0.00000000 2111.00000000 0.00000000 -6794.33226442 0.00000000 7126.43955445
0.00000000 0.00000000 2111.00000000 7421.51671553 -7126.43955445 0.00000000
0.00000000 -6794.33226442 7421.51671553 50257.36883930 -24892.00619152 -23056.34195380
6794.33226442 0.00000000 -7126.43955445 -24892.00619152 47968.00599177 -24226.46503996
-7421.51671553 7126.43955445 0.00000000 -23056.34195380 -24226.46503996 53275.20964766
8	11	50
2919.00000000 0.00000000 0.00000000 0.00000000 10764.59108353 -6956.38775212
0.00000000 2919.00000000 0.00000000 -10764.59108353 0.00000000 7851.89468658
0.00000000 0.00000000 2919.00000000 6956.38775212 -7851.89468658 0.00000000
0.00000000 -10764.59108353 6956.38775212 61092.26209426 -19861.15631272 -28386.01407434
10764.59108353 0.00000000 -7851.89468658 -19861.15631272 66206.53349747 -23883.37992663
-6956.38775212 7851.89468658 0.00000000 -28386.01407434 -23883.37992663 43526.31454330
11	14	50
2836.00000000 0.00000000 0.00000000 0.00000000 10843.99363589 -8630.15535200
0.00000000 2836.00000000 0.00000000 -10843.99363589 0.00000000 10683.40436387
0.00000000 0.00000000 2836.00000000 8630.15535200 -10683.40436387 0.00000000
0.00000000 -10843.99363589 8630.15535200 71922.61657460 -32326.72548634 -40972.52683456
10843.99363589 0.00000000 -10683.40436387 -32326.72548634 84641.49426201 -32223.26699432
-8630.15535200 10683.40436387 0.00000000 -40972.52683456 -32223.26699432 71286.14505878
10	13	50
4101.00000000 0.00000000 0.00000000 0.00000000 14952.05694616 -12688.33041334
0.00000000 4101.00000000 0.00000000 -14952.05694616 0.00000000 9881.37058726
0.00000000 0.00000000 4101.00000000 12688.33041334 -9881.37058726 0.00000000
0.00000000 -14952.05694616 12688.33041334 101993.29295362 -31364.42595199 -37923.38233266
14952.05694616 0.00000000 -9881.37058726 -31364.42595199 89592.10967667 -44307.67215888
-12688.33041334 9881.37058726 0.00000000 -37923.38233266 -44307.67215888 74456.69092552
8	12	50
2922.00000000 0.00000000 0.00000000 0.00000000 10564.19065106 -7723.59282905
0.00000000 2922.00000000 0.00000000 -10564.19065106 0.00000000 7656.69777864
0.00000000 0.00000000 2922.00000000 7723.59282905 -7656.69777864 0.00000000
0.00000000 -10564.19065106 7723.59282905 62819.17495416 -21817.89574276 -27315.84725153
10564.19065106 0.00000000 -7656.69777864 -21817.89574276 64577.15105714 -26637.73702321
-7723.59282905 7656.69777864 0.00000000 -27315.84725153 -26637.73702321 47099.14696159
9	12	50
3347.00000000 0.00000000 0.00000000 0.00000000 12066.09814501 -9357.97970647
0.00000000 3347.00000000 0.00000000 -12066.09814501 0.00000000 8335.42320299
0.00000000 0.00000000 3347.00000000 9357.97970647 -8335.42320299 0.00000000
0.00000000 -12066.09814501 9357.97970647 74664.36543937 -24732.15352598 -30031.52639322
12066.09814501 0.00000000 -8335.42320299 -24732.15352598 71735.62607834 -32528.03142329
-9357.97970647 8335.42320299 0.00000000 -30031.52639322 -32528.03142329 54880.69178889
8	13	50
2654.00000000 0.00000000 0.00000000 0.00000000 10202.42245960 -7004.17216384
0.00000000 2654.00000000 0.00000000 -10202.42245960 0.00000000 7001.58413675
0.00000000 0.00000000 2654.00000000 7004.17216384 -7001.58413675 0.00000000
0.00000000 -10202.42245960 7004.17216384 61713.28980872 -19825.80507785 -27210.07329212
10202.42245960 0.00000000 -7001.58413675 -19825.80507785 64412.90029849 -25878.99632149
-7004.17216384 7001.58413675 0.00000000 -27210.07329212 -25878.99632149 43213.84776847
10	14	50
3683.00000000 0.00000000 0.00000000 0.00000000 13248.34767866 -11464.36247838
0.00000000 3683.00000000 0.00000000 -13248.34767866 0.00000000 11303.05691087
0.00000000 0.00000000 3683.00000000 11464.36247838 -11303.05691087 0.00000000
0.00000000 -13248.34767866 11464.36247838 89599.81450969 -33244.06300945 -42230.14917403
13248.34767866 0.00000000 -11303.05691087 -33244.06300945 89125.77381774 -39596.15573990
-11464.36247838 11303.05691087 0.00000000 -42230.14917403 -39596.15573990 79250.65100206
9	13	50
3332.00000000 0.00000000 0.00000000 0.00000000 12237.50844729 -9742.21648335
0.00000000 3332.00000000 0.00000000 -12237.50844729 0.00000000 7989.22370866
0.00000000 0.00000000 3332.00000000 9742.21648335 -7989.22370866 0.00000000
0.00000000 -12237.50844729 9742.21648335 80070.24581346 -24139.16405718 -30608.77669207
12237.50844729 0.00000000 -7989.22370866 -24139.16405718 73064.09253194 -34049.95983506
-9742.21648335 7989.22370866 0.00000000 -30608.77669207 -34049.95983506 55934.27764225
15	17	50
1407.00000000 0.00000000 0.00000000 0.00000000 4674.71236134 -4333.12209773
0.00000000 1407.00000000 0.00000000 -4674.71236134 0.00000000 6373.80189490
0.00000000 0.00000000 1407.00000000 4333.12209773 -6373.80189490 0.00000000
0.00000000 -4674.71236134 4333.12209773 29991.72058143 -19691.52665228 -21313.20547821
4674.71236134 0.00000000 -6373.80189490 -19691.52665228 45388.97798386 -14577.79041203
-4333.12209773 6373.80189490 0.00000000 -21313.20547821 -14577.79041203 43746.32395493
8	14	50
1740.00000000 0.00000000 0.00000000 0.00000000 6741.23455715 -4134.53213632
0.00000000 1740.00000000 0.00000000 -6741.23455715 0.00000000 6481.82522058
0.00000000 0.00000000 1740.00000000 4134.53213632 -6481.82522058 0.00000000
0.00000000 -6741.23455715 4134.53213632 37734.89719000 -15290.31079849 -25683.04000533
6741.23455715 0.00000000 -6481.82522058 -15290.31079849 53160.77295549 -15345.22858538
-4134.53213632 6481.82522058 0.00000000 -25683.04000533 -15345.22858538 36507.32409764
10	15	50
1845.00000000 0.00000000 0.00000000 0.00000000 6875.66851306 -6376.61139679
0.00000000 1845.00000000 0.00000000 -6875.66851306 0.00000000 7306.48273253
0.00000000 0.00000000 1845.00000000 6376.61139679 -7306.48273253 0.00000000
0.00000000 -6875.66851306 6376.61139679 49175.75886567 -25303.76523760 -27010.38244984
6875.66851306 0.00000000 -7306.48273253 -25303.76523760 55860.56536802 -23938.05227724
-6376.61139679 7306.48273253 0.00000000 -27010.38244984 -23938.05227724 53282.44471043
9	14	50
2823.00000000 0.00000000 0.00000000 0.00000000 10028.48240173 -8416.22264785
0.00000000 2823.00000000 0.00000000 -10028.48240173 0.00000000 8817.82331282
0.00000000 0.00000000 2823.00000000 8416.22264785 -8817.82331282 0.00000000
0.00000000 -10028.48240173 8416.22264785 66025.58458820 -24529.95564731 -33403.92387377
10028.48240173 0.00000000 -8817.82331282 -24529.95564731 70058.62650366 -28192.37903387
-8416.22264785 8817.82331282 0.00000000 -33403.92387377 -28192.37903387 60500.50993391
9	15	50
1443.00000000 0.00000000 0.00000000 0.00000000 5313.08444667 -4690.82167816
0.00000000 1443.00000000 0.00000000 -5313.08444667 0.00000000 5233.11739445
0.00000000 0.00000000 1443.00000000 4690.82167816 -5233.11739445 0.00000000
0.00000000 -5313.08444667 4690.82167816 35894.23833882 -16865.23155706 -19119.00971057
5313.08444667 0.00000000 -5233.11739445 -16865.23155706 39683.92029142 -17426.00978214
-4690.82167816 5233.11739445 0.00000000 -19119.00971057 -17426.00978214 36143.57463966
15	18	50
1443.00000000 0.00000000 0.00000000 0.00000000 5336.06477380 -4017.84600818
0.00000000 1443.00000000 0.00000000 -5336.06477380 0.00000000 6648.01610208
0.00000000 0.00000000 1443.00000000 4017.84600818 -6648.01610208 0.00000000
0.00000000 -5336.06477380 4017.84600818 32207.76340247 -18531.72960250 -24889.70555704
5336.06477380 0.00000000 -6648.01610208 -18531.72960250 51433.15861477 -14997.90294882
-4017.84600818 6648.01610208 0.00000000 -24889.70555704 -14997.90294882 43239.03431254
12	47	50
1715.00000000 0.00000000 0.00000000 0.00000000 7162.19753766 -5733.33253074
0.00000000 1715.00000000 0.00000000 -7162.19753766 0.00000000 3166.98182966
0.00000000 0.00000000 1715.00000000 5733.33253074 -3166.98182966 0.00000000
0.00000000 -7162.19753766 5733.33253074 51656.64227200 -10790.27019542 -12392.05238379
7162.19753766 0.00000000 -3166.98182966 -10790.27019542 38587.36785629 -23759.95064057
-5733.33253074 3166.98182966 0.00000000 -12392.05238379 -23759.95064057 27731.51596148
11	47	50
1564.00000000 0.00000000 0.00000000 0.00000000 6695.32471395 -5201.28442228
0.00000000 1564.00000000 0.00000000 -6695.32471395 0.00000000 2687.69904782
0.00000000 0.00000000 1564.00000000 5201.28442228 -2687.69904782 0.00000000
0.00000000 -6695.32471395 5201.28442228 47873.14236530 -9440.58930166 -11174.27031439
6695.32471395 0.00000000 -2687.69904782 -9440.58930166 35203.54872611 -21895.18419389
-5201.28442228 2687.69904782 0.00000000 -11174.27031439 -21895.18419389 24211.15437157
10	47	50
1362.00000000 0.00000000 0.00000000 0.00000000 5843.37719035 -4290.68345761
0.00000000 1362.00000000 0.00000000 -5843.37719035 0.00000000 2223.64300321
0.00000000 0.00000000 1362.00000000 4290.68345761 -2223.64300321 0.00000000
0.00000000 -5843.37719035 4290.68345761 40004.61743681 -7399.48794008 -9467.26454484
5843.37719035 0.00000000 -2223.64300321 -7399.48794008 29828.61461356 -18046.19791260
-4290.68345761 2223.64300321 0.00000000 -9467.26454484 -18046.19791260 18837.16434962
17	18	50
4758.00000000 0.00000000 0.00000000 0.00000000 16104.08631766 -13415.75822341
0.00000000 4758.00000000 0.00000000 -16104.08631766 0.00000000 13955.86564025
0.00000000 0.00000000 4758.00000000 13415.75822341 -13955.86564025 0.00000000
0.00000000 -16104.08631766 13415.75822341 100115.14659749 -38572.85044355 -48485.93353922
16104.08631766 0.00000000 -13955.86564025 -38572.85044355 107631.08665418 -43491.45125711
-13415.75822341 13955.86564025 0.00000000 -48485.93353922 -43491.45125711 91801.26034370
16	17	50
4530.00000000 0.00000000 0.00000000 0.00000000 16526.40515220 -12751.01417059
0.00000000 4530.00000000 0.00000000 -16526.40515220 0.00000000 15345.93300599
0.00000000 0.00000000 4530.00000000 12751.01417059 -15345.93300599 0.00000000
0.00000000 -16526.40515220 12751.01417059 103099.27182076 -42679.88813397 -56783.91580203
16526.40515220 0.00000000 -15345.93300599 -42679.88813397 121548.79476920 -45192.47293590
-12751.01417059 15345.93300599 0.00000000 -56783.91580203 -45192.47293590 98286.31983195
18	19	50
4270.00000000 0.00000000 0.00000000 0.00000000 14466.15267038 -11077.76130497
0.00000000 4270.00000000 0.00000000 -14466.15267038 0.00000000 13456.42033721
0.00000000 0.00000000 4270.00000000 11077.76130497 -13456.42033721 0.00000000
0.00000000 -14466.15267038 11077.76130497 86661.24141084 -33821.44626547 -46748.14548458
14466.15267038 0.00000000 -13456.42033721 -33821.44626547 102038.38783696 -34625.89722648
-11077.76130497 13456.42033721 0.00000000 -46748.14548458 -34625.89722648 82936.26637054
22	23	50
3890.00000000 0.00000000 0.00000000 0.00000000 13389.47167218 -12014.12820673
0.00000000 3890.00000000 0.00000000 -13389.47167218 0.00000000 11655.81156540
0.00000000 0.00000000 3890.00000000 12014.12820673 -11655.81156540 0.00000000
0.00000000 -13389.47167218 12014.12820673 89317.75420385 -36851.70310071 -39702.73042250
13389.47167218 0.00000000 -11655.81156540 -36851.70310071 88456.18554871 -40131.69669572
-12014.12820673 11655.81156540 0.00000000 -39702.73042250 -40131.69669572 80079.82282581
20	21	50
5260.00000000 0.00000000 0.00000000 0.00000000 21306.81965876 -12981.47789323
0.00000000 5260.00000000 0.00000000 -21306.81965876 0.00000000 15077.91302863
0.00000000 0.00000000 5260.00000000 12981.47789323 -15077.91302863 0.00000000
0.00000000 -21306.81965876 12981.47789323 130221.53098277 -37244.01933402 -58601.06670640
