5	6	50
  0.833341 -0.0261879  -0.552139   0.671211
-0.0909368   0.978772  -0.183673   0.295586
  0.545228   0.203272   0.813269  -0.920019
        -0          0          0          1
4	5	50
 0.742803  0.110144 -0.660388  0.407637
 -0.32998  0.918478 -0.217971  0.731185
 0.582543  0.379825  0.718593 -0.606615
        0         0         0         1
3	4	50
 0.734829  0.334289  -0.59015 0.0833584
-0.379017  0.923959 0.0514387  0.721191
  0.56247  0.185878  0.805653 -0.539405
        0         0         0         1
6	7	50
 0.983023 0.0347676  -0.18016 -0.191512
0.00869287  0.971956  0.235001 -0.820893
 0.183278 -0.232578  0.955153  0.123373
        0         0         0         1
0	1	50
  0.898236  -0.112659   0.424829  -0.380219
  0.073297   0.991451   0.107945  -0.480271
 -0.433358 -0.0658219   0.898815    1.07029
         0          0          0          1
2	3	50
  0.828767   0.312709  -0.464067   0.153286
 -0.195974   0.938966   0.282731   0.292255
  0.524156  -0.143374   0.839467 -0.0064126
         0          0          0          1
5	7	50
  0.71777  0.131935 -0.683666  0.464994
-0.114548   0.99088 0.0709596 -0.513126
 0.686793 0.0273799  0.726337  -1.09097
       -0         0         0         1
1	2	50
 0.972259 -0.081916  0.219094 -0.384679
0.0599569  0.992656  0.105072 -0.311212
-0.226092 -0.089021   0.97003  0.497087
       -0        -0        -0         1
4	6	50
  0.248929 -0.0458853  -0.967434    1.54634
 -0.477354   0.863314  -0.163774   0.981726
  0.842714   0.502576   0.193001  -0.764454
         0          0          0          1
1	3	50
  0.936669   0.195705  -0.290431  -0.260991
  -0.08977   0.935754   0.341035 -0.0125871
  0.338514  -0.293365   0.894061   0.430193
         0          0          0          1
0	2	50
 0.770513 -0.223231  0.597057 -0.479514
 0.106302  0.968556  0.224943  -0.76336
-0.628498 -0.109853  0.770015   1.70427
       -0        -0        -0         1
5	8	50
 0.947896  0.126136 -0.292545 -0.353912
-0.0524107   0.96751  0.247339 -0.415194
 0.314238  -0.21912   0.92371 -0.643497
        0         0         0         1
4	7	50
0.0669947   0.18906 -0.979678   1.41698
-0.491761  0.860597  0.132451  0.344251
 0.868149  0.472894  0.150628   -1.3146
        0         0         0         1
6	8	50
 0.966018 -0.102338  0.237352 -0.638873
-0.0122456  0.899128  0.437515 -0.612637
-0.258184 -0.425554  0.867321  0.921448
        0         0         0         1
7	8	50
  0.902192   -0.17078   0.396086  -0.291685
 0.0817317   0.969329   0.231778 0.00124835
 -0.423521  -0.176735   0.888479   0.891821
         0          0          0          1
0	3	50
 0.995274 -0.054262 0.0805261 -0.430473
0.0161936  0.910432  0.413342 -0.465443
-0.0957422 -0.410085  0.907008   1.57089
        0         0         0         1
4	8	50
 0.490808  0.344963 -0.800067  0.523977
 -0.42942  0.894776  0.122367  0.606887
 0.758093  0.283506  0.587298   -1.4329
        0         0         0         1
6	9	50
 0.838011 -0.258752  0.480401 -0.876424
-0.0258512  0.860598  0.508628 -0.655122
 -0.54504 -0.438655  0.714502   1.73483
       -0        -0        -0         1
7	9	50
 0.723665 -0.327274  0.607619 -0.376498
 0.130774  0.929489  0.344889 -0.237478
-0.677648 -0.170124  0.715438   1.70154
       -0        -0        -0         1
6	10	50
 0.570733 -0.434063  0.697031 -0.804338
-0.0389026  0.833616  0.550972 -0.705801
-0.820213 -0.341575  0.458886    2.4608
       -0        -0        -0         1
7	10	50
  0.410378   -0.48205   0.774091  -0.173022
  0.172795    0.87459   0.453028  -0.453075
 -0.895395 -0.0521542   0.442208    2.37005
        -0         -0         -0          1
4	11	50
   0.95308  -0.163205   0.254956   -1.12456
    0.1492   0.986074  0.0734711  -0.121927
 -0.263397 -0.0319843   0.964157  -0.459549
        -0         -0         -0          1
6	11	50
 -0.0559398   -0.538286    0.840904    0.118916
 -0.0473025    0.842706    0.536292   -0.677006
  -0.997313 -0.00977674   -0.072603     2.82352
          0          -0           0           1
7	11	50
-0.238187 -0.523614  0.817983  0.801287
 0.184032  0.802632  0.567375 -0.477348
-0.953624  0.285676 -0.094815   2.55694
        0         0         0         1
6	12	50
-0.520807  -0.42801  0.738625  0.849522
-0.0404442   0.87663  0.479462 -0.697407
-0.852716  0.219834 -0.473866   3.06292
        0         0         0         1
7	12	50
-0.668601 -0.372832  0.643404   1.56319
 0.140905  0.786037  0.601907 -0.527456
-0.730149  0.493095 -0.473011   2.64919
        0         0         0         1
6	13	50
-0.718288 -0.328646  0.613233   1.19134
-0.0329621  0.896488   0.44184 -0.726936
-0.694965  0.297155 -0.654769   3.38017
        0         0         0         1
7	13	50
-0.833752 -0.260811  0.486658   1.95709
 0.104622  0.790809  0.603055 -0.618057
-0.542137  0.553713 -0.632052   2.88368
        0         0         0         1
6	14	50
-0.209709 -0.510448  0.833946  0.682075
-0.0463232   0.85714  0.512996 -0.776156
-0.976666  0.068949 -0.203396   3.95987
        0         0         0         1
7	14	50
-0.385553 -0.481694  0.786969   1.56229
 0.174835   0.79932  0.574909 -0.818427
 -0.90597  0.359248 -0.223963   3.51757
        0         0         0         1
1	47	50
0.00874515 0.0925368 -0.995671   2.78553
-0.256318   0.96265 0.0872166  0.647925
 0.966553  0.254446 0.0321374  -0.20269
        0         0         0         1
2	47	50
-0.225396  0.090159 -0.970087   3.29798
-0.341196  0.925348  0.165276  0.754697
 0.912569  0.368242 -0.177807  0.116548
        0         0         0         1
3	47	50
 0.358393  0.086393 -0.929565   2.58005
-0.521693  0.844268 -0.122673   1.39996
 0.774204  0.528912   0.34765  -1.22538
        0         0         0         1
0	47	50
 0.447351 0.0827642 -0.890521   1.96274
-0.149151  0.988669 0.0169604  0.344406
 0.881834  0.125235  0.454627 -0.361668
        0         0         0         1
4	48	50
  0.946159 -0.0455149   0.320487   0.967714
  0.159543   0.927029  -0.339356   0.330344
 -0.281655   0.372216   0.884378  -0.764607
         0          0          0          1
3	48	50
 0.914818 0.0567864 -0.399855   1.35613
-0.225687  0.892934  -0.38953  0.620304
 0.334924  0.446591  0.829688 -0.549699
        0         0         0         1
2	48	50
   0.53217   0.119043  -0.838227    1.72627
 -0.296499   0.953572 -0.0528158   0.453517
  0.793022    0.27664   0.542758   0.154019
         0          0          0          1
1	48	50
  0.715441  0.0982381  -0.691732     1.2903
  -0.17909   0.982773 -0.0456568   0.258659
   0.67533   0.156547    0.72071   0.215821
         0          0          0          1
0	48	50
 0.949711 0.0440279 -0.310017   0.84132
 -0.05222   0.99847 -0.018171 -0.105951
 0.308743 0.0334463  0.950557  0.688088
        0         0         0         1
1	49	50
  0.899728  0.0884786  -0.427388   0.527572
 -0.111874   0.993273 -0.0298868 -0.0149099
  0.421868  0.0747038   0.903574   0.385188
         0          0          0          1
2	49	50
   0.77268   0.128688  -0.621615   0.930009
  -0.22231    0.97208 -0.0750945    0.22936
  0.594595   0.196215   0.779715   0.122456
         0          0          0          1
3	49	50
  0.995599  0.0189974 -0.0917653   0.723596
-0.0523671    0.92486  -0.376686   0.165355
 0.0777139   0.379834   0.921785  -0.270053
         0          0          0          1
0	49	50
   0.999994 -0.00069058  0.00333579    0.258984
0.000568101    0.999331   0.0365792   -0.414805
-0.00335881  -0.0365771    0.999325     1.18886
          0           0           0           1
8	9	50
  0.950571  -0.147244   0.273374   -0.43896
   0.12294   0.986939   0.104099  -0.360025
 -0.285132 -0.0653454   0.956258   0.630489
        -0         -0         -0          1
12	13	50
   0.96803  -0.118485   0.221086  -0.447346
  0.125762   0.991877 -0.0190799  -0.102446
 -0.217029  0.0462741   0.975068  0.0879855
         0          0          0          1
14	15	50
0.667105 0.420266  -0.6151 0.208773
-0.388913 0.900701 0.193607 0.708611
0.635388 0.110064 0.764309 -1.25752
       0        0        0        1
11	12	50
 0.881471 -0.236768  0.408594 -0.278669
 0.254597  0.966984 0.0110869 -0.412807
-0.397729 0.0942542  0.912649  0.586046
       -0        -0         0         1
13	14	50
  0.830907   0.290478  -0.474569 -0.0354499
 -0.262829   0.956661   0.125382   0.295503
  0.490423  0.0205501   0.871242  -0.713613
        -0          0          0          1
10	11	50
 0.787923 -0.331982  0.518618  0.228305
 0.325506  0.939483  0.106856 -0.500642
-0.522707 0.0846189  0.848302  0.825849
        0         0         0         1
9	10	50
  0.926336  -0.199128   0.319765  -0.333965
  0.178633   0.979557  0.0925146  -0.380718
 -0.331651 -0.0285791   0.942969   0.527561
        -0         -0         -0          1
8	10	50
  0.763581  -0.341332   0.548121  -0.556137
  0.255658   0.939307   0.228781   -0.72191
 -0.592944 -0.0345608   0.804502    1.25508
        -0         -0         -0          1
13	15	50
0.139796 0.558603 -0.81757 0.940635
-0.467727 0.765008 0.442713 0.760862
0.872748  0.32051 0.368218 -1.69227
       0        0        0        1
12	14	50
   0.94391   0.172385  -0.281634  -0.674445
 -0.165555   0.985029  0.0480575   0.199814
  0.285702 0.00126407   0.958318  -0.586468
        -0          0          0          1
11	13	50
 0.734838 -0.320378  0.597806 -0.612785
 0.365661  0.929476 0.0486484 -0.624788
-0.571232  0.182846  0.800164  0.834613
        0         0         0         1
10	12	50
  0.40374 -0.458694  0.791577  0.449715
 0.483614  0.841467  0.240938 -0.916553
-0.776602  0.285541  0.561565   1.43372
        0         0         0         1
9	11	50
 0.497921 -0.467546  0.730394  0.241292
 0.411242  0.868802  0.275794  -0.75394
-0.763515  0.163046  0.624869    1.2449
        0         0         0         1
15	16	50
 0.748764  0.324325  -0.57807 -0.410284
-0.373934  0.926771 0.0356134  0.666677
 0.547289  0.189494  0.815209 -0.891146
       -0         0         0         1
8	11	50
 0.204031 -0.527789  0.824506  0.241742
 0.387604  0.816948  0.427035  -0.94486
-0.898963  0.232454  0.371256    1.8014
       -0        -0         0         1
11	14	50
  0.987964 -0.0807542   0.131932   -1.16011
 0.0833953   0.996409 -0.0146077  -0.397804
 -0.130279  0.0254344   0.991151   0.337887
         0          0          0          1
10	13	50
 0.161351 -0.466176  0.869854  0.385741
 0.521687  0.788479  0.325796   -1.1979
 -0.83774  0.401224   0.37042   1.80129
        0         0         0         1
8	12	50
 -0.282456  -0.480958   0.829999    0.88596
   0.37981   0.738453   0.557164   -1.13985
 -0.880887   0.472617 -0.0259079    2.17353
         0          0          0          1
9	12	50
0.0293678 -0.501158  0.864857  0.723588
 0.474002  0.768743  0.429367  -1.06556
-0.880034  0.397334  0.260126   1.75657
       -0        -0         0         1
8	13	50
-0.514047 -0.405177  0.756034   1.13462
 0.339616  0.713235  0.613153  -1.33639
-0.787666  0.571951 -0.229031    2.5169
        0         0         0         1
10	14	50
 0.683189 -0.381227  0.622831 -0.378474
 0.386015  0.912541  0.135132  -1.21589
-0.619875  0.148102  0.770597   1.68522
        0         0         0         1
9	13	50
-0.222297 -0.460546  0.859349  0.837887
 0.462341  0.726205   0.50879  -1.31858
-0.858385  0.510415  0.051496   2.13243
        0         0         0         1
15	17	50
 0.342106  0.406829 -0.847026  0.347229
-0.530103  0.827838  0.183509   1.52292
 0.775857  0.386231  0.498869   -1.5628
       -0         0         0         1
8	14	50
0.0501439  -0.5214 0.851838 0.493591
0.395435 0.793575  0.46246 -1.57522
-0.917124 0.313657 0.245972  2.87727
      -0       -0        0        1
10	15	50
  0.999762     0.0123 -0.0180022    -1.2892
-0.0115253   0.999029  0.0425191  -0.658594
 0.0185077 -0.0423015   0.998933   0.691711
         0          0          0          1
9	14	50
 0.357781 -0.487499  0.796453 0.0964316
 0.442816  0.839488  0.314919  -1.48345
-0.822135   0.24001  0.516226   2.27694
       -0        -0         0         1
9	15	50
  0.934329  -0.201067   0.294281   -1.17587
  0.169013   0.976889    0.13085   -1.19215
  -0.31379 -0.0725196   0.946719    1.62621
         0          0          0          1
15	18	50
  0.746306   0.288645   -0.59976  -0.630332
 -0.375495   0.926579 -0.0213113    1.46678
  0.549574   0.241111   0.799896   -1.44512
        -0          0          0          1
12	47	50
  0.307492  0.0880568  -0.947468    3.66846
 -0.477083   0.875785 -0.0734382   0.605268
  0.823311   0.474602   0.311307  0.0402446
         0          0          0          1
11	47	50
 0.720403 0.0641819 -0.690579   2.82811
-0.373917   0.87455 -0.308785    1.1069
 0.584128  0.480669  0.654028 -0.779227
        0         0         0         1
10	47	50
  0.994696 0.00951899  -0.102422    1.68504
-0.0543748   0.893879  -0.444999    1.37657
 0.0873167   0.448207   0.889655   -1.21978
         0          0          0          1
17	18	50
 0.880757 -0.205367  0.426721 -0.213361
 0.205033  0.977611 0.0473031 -0.398717
-0.426882 0.0458293  0.903145   0.87643
        0         0         0         1
16	17	50
  0.878999   0.206442  -0.429817  -0.120571
  -0.23331    0.97235 -0.0101082   0.911943
  0.415846   0.109166   0.902859  -0.954945
         0          0          0          1
18	19	50
  0.945023  -0.161093   0.284571  -0.394921
  0.141808   0.986041  0.0872605  -0.300242
 -0.294656 -0.0421087   0.954675   0.608827
        -0         -0         -0          1
22	23	50
 0.891109 -0.162057  0.423866 -0.225281
 0.192357  0.980885 -0.029377 -0.571599
-0.411003  0.107712  0.905248   1.01084
        0         0         0         1
20	21	50
  0.952042  -0.154465   0.264116  -0.453976
  0.167093   0.985601 -0.0258933  -0.249677
 -0.256313  0.0687834   0.964143   0.366702
         0          0          0          1
19	20	50
  0.941552  -0.183968   0.282199  -0.419524
  0.165952   0.982316  0.0866847  -0.273004
 -0.293156 -0.0347865   0.955432   0.459913
         0          0          0          1
21	22	50
  0.944903  -0.138761   0.296486  -0.361061
   0.16526    0.98403 -0.0661399  -0.325799
 -0.282574   0.111493   0.952744   0.497282
         0          0          0          1
16	18	50
   0.999993  0.00160492 -0.00333479   -0.767132
-0.00181084    0.998031  -0.0626923    0.565171
  0.0032276   0.0626979    0.998027   -0.295904
          0           0           0           1
17	19	50
 0.677477 -0.362352  0.640098 -0.239731
 0.318456  0.928943  0.188812 -0.744409
-0.663031 0.0759268  0.744731   1.58111
       -0        -0         0         1
18	20	50
  0.779631  -0.341997   0.524608  -0.616524
  0.271575    0.93948   0.208864  -0.588795
  -0.56429 -0.0203666   0.825325    1.18301
        -0         -0         -0          1
21	23	50
  0.693463  -0.257301   0.672982  -0.194914
  0.363733   0.931315 -0.0187329  -0.992356
 -0.621938   0.257776   0.739421    1.46029
         0          0          0          1
20	22	50
  0.799428  -0.254657   0.544118  -0.616057
  0.328084   0.943788 -0.0403164  -0.643991
 -0.503265   0.210746   0.838039   0.916288
         0          0          0          1
19	21	50
 0.793325 -0.307345  0.525522 -0.697551
 0.299913  0.948501  0.101972 -0.561816
-0.529799 0.0767145  0.844647  0.952043
       -0        -0         0         1
23	24	50
  0.938816   -0.11688   0.323981  -0.131404
  0.122999   0.992406 0.00160207  -0.287823
 -0.321708  0.0383452   0.946062   0.528226
        -0         -0          0          1
22	24	50
  0.680293  -0.248725   0.689447 -0.0718359
  0.310686   0.949827  0.0360991  -0.894714
 -0.663834   0.189644   0.723436    1.51203
         0          0          0          1
17	20	50
 0.390098 -0.502846  0.771343 -0.130636
 0.398651  0.847363   0.35079  -1.04478
    -0.83  0.170654  0.531015   2.18106
       -0        -0         0         1
16	19	50
 0.946227 -0.159369  0.281526  -1.16456
  0.15829  0.987031 0.0267226  0.228067
-0.282133 0.0192771  0.959182  0.291623
       -0        -0         0         1
18	21	50
 0.550631 -0.421414  0.720566 -0.692694
 0.361996   0.89837  0.248776 -0.870058
-0.752173  0.123858  0.647221   1.74691
       -0        -0         0         1
20	23	50
 0.439758 -0.320734  0.838894 -0.100573
 0.490473  0.868237 0.0748415  -1.29812
-0.752363  0.378542  0.539125   1.75633
        0         0         0         1
21	24	50
 0.402882 -0.310593   0.86094  0.143507
 0.462055  0.881011  0.101612   -1.3181
-0.790057  0.356864  0.498455    1.8584
        0         0         0         1
19	22	50
 0.550325 -0.353927  0.756226 -0.622525
 0.411323  0.903106  0.123339 -0.928415
-0.726606  0.243177   0.64258   1.53837
       -0        -0         0         1
16	20	50
  0.781943  -0.340419   0.522188   -1.38854
  0.305005   0.939527   0.155761 -0.0955132
 -0.543634  0.0374732   0.838486   0.845862
        -0         -0          0          1
17	21	50
0.0896623 -0.502806  0.859736   0.10067
 0.431209  0.797712  0.421561  -1.30869
-0.897786  0.332928  0.288339   2.70997
       -0        -0         0         1
18	22	50
 0.247037 -0.410752  0.877642 -0.395886
 0.420218  0.861529  0.284929  -1.16974
-0.873149  0.298413  0.385435   2.29999
       -0        -0         0         1
20	24	50
0.103523 -0.33753 0.935605 0.377081
0.543178 0.807187   0.2311 -1.57294
-0.833211 0.484276 0.266901  2.03102
       0        0        0        1
19	23	50
 0.111507 -0.354892  0.928234  0.220229
  0.48956  0.832471  0.259468  -1.41262
-0.864811  0.425493  0.266567   2.21261
        0         0         0         1
16	21	50
 0.553717 -0.420382  0.718802  -1.46704
 0.407442    0.8896  0.206406 -0.411438
-0.726215   0.17858  0.663868   1.39078
       -0        -0         0         1
18	23	50
 -0.219588  -0.348402   0.911261   0.670406
  0.423075   0.807652   0.410738   -1.46884
 -0.879084   0.475725 -0.0299501    2.71574
         0          0          0          1
20	25	50
0.0977683 -0.448189  0.888576  0.548173
 0.543496  0.771999  0.329589  -1.09257
-0.833699  0.450714  0.319066   1.22372
        0         0         0         1
17	22	50
  -0.24131  -0.411363   0.878948   0.659641
  0.420158   0.772139   0.476727   -1.51464
 -0.874778   0.484336 -0.0134873    3.06905
         0          0          0          1
23	25	50
  0.936808  -0.157551   0.312359   0.786822
  0.124936   0.984642   0.121945  -0.231219
 -0.326775 -0.0752141   0.942105   0.272472
        -0         -0         -0          1
22	25	50
 0.676042 -0.331844  0.657911  0.628825
 0.312349  0.937725  0.152022 -0.655052
-0.667387  0.102724  0.737593  0.909208
        0         0         0         1
21	25	50
 0.397582 -0.413223  0.819253   0.59358
 0.463224  0.861114  0.209536 -0.926605
-0.792056   0.29619  0.533778    1.1128
        0         0         0         1
18	24	50
-0.542165 -0.285149  0.790409   1.28089
 0.364392   0.76782  0.526946  -1.53993
 -0.75715   0.57371 -0.312379   2.67851
        0         0         0         1
19	24	50
 -0.237587  -0.329636   0.913725    0.79804
  0.478526   0.778878   0.405415   -1.57949
  -0.84532   0.533562 -0.0273116    2.34459
         0          0          0          1
17	23	50
-0.655413 -0.269721  0.705467   1.83762
 0.326997  0.740639  0.586964  -1.56875
-0.680814  0.615389 -0.397227   2.97564
        0         0         0         1
16	22	50
 0.250622 -0.410362  0.876808  -1.17256
 0.473683  0.841869  0.258614 -0.745738
-0.844282  0.350515  0.405372   1.92493
       -0        -0         0         1
18	25	50
-0.547016 -0.376995  0.747427  0.826481
 0.363025  0.697699  0.617599  -1.21078
-0.754311  0.609172 -0.244794    1.9059
        0         0         0         1
19	25	50
-0.243201 -0.436826  0.866047  0.642941
 0.477841   0.72304   0.49888   -1.1492
 -0.84411  0.535161 0.0328893   1.50641
        0         0         0         1
16	23	50
  -0.215975    -0.34869    0.912014   -0.108143
   0.477751    0.776869    0.410157    -1.07224
  -0.851533      0.5243 -0.00119735     2.32455
          0           0           0           1
17	24	50
-0.875442 -0.164017  0.454642   2.37402
 0.209256  0.719302  0.662432  -1.51484
-0.435676  0.675057 -0.595386   2.67815
        0         0         0         1
17	25	50
-0.878223 -0.215379  0.427009   1.57651
  0.20706  0.633598  0.745439  -1.32278
-0.431104  0.743078 -0.511844   2.18944
        0         0         0         1
16	24	50
-0.539052 -0.285828  0.792291  0.502347
 0.412123  0.730857  0.544061  -1.14197
-0.734559  0.619799 -0.276174   2.28491
        0         0         0         1
16	25	50
-0.543915 -0.377904   0.74923 0.0510446
 0.410591  0.658818  0.630376 -0.764208
-0.731828  0.650498 -0.203177   1.53299
        0         0         0         1
25	26	50
  0.993685 -0.0429445   0.103666   0.895242
  0.050533   0.996144 -0.0717198  0.0116366
 -0.100186  0.0765054   0.992023   0.346681
         0          0          0          1
26	27	50
  0.831428  -0.157815   0.532749   0.939343
  0.212651   0.976195 -0.0426962  -0.196791
 -0.513329   0.148789   0.845195   0.925484
         0          0          0          1
29	30	50
   0.86169  -0.168426   0.478668   0.307789
  0.220451   0.973893 -0.0541733  -0.430637
 -0.457047   0.152203   0.876323   0.663863
         0          0          0          1
28	29	50
 0.761456 -0.281612  0.583849  0.451235
-0.0318929  0.883333  0.467659  0.209257
-0.647432 -0.374722  0.663638   1.29419
        0         0         0         1
30	31	50
 0.669406  0.216879 -0.710534  0.546602
 -0.24658   0.96708 0.0628794  0.429723
 0.700781  0.133111  0.700848  -1.49975
       -0         0         0         1
24	25	50
   0.999983 -0.00260478  0.00516422    0.951285
  0.0019628    0.992695    0.120635   -0.060955
-0.00544072   -0.120623    0.992683   0.0556196
          0           0           0           1
27	28	50
 0.958074  0.014097  0.286172  0.694394
0.0813793  0.944266 -0.318964  -0.15694
 -0.27472   0.32888   0.90353  0.331381
       -0         0         0         1
29	31	50
  0.953793  0.0877173  -0.287377 -0.0114711
 -0.130535   0.982433  -0.133367   0.189612
   0.27063   0.164717   0.948487  -0.834824
        -0          0          0          1
28	30	50
  0.32721 -0.313645  0.891381   1.19447
-0.0464926  0.936823  0.346701  0.129506
-0.943807 -0.154887  0.291956   1.69686
        0         0         0         1
27	29	50
 0.543804 -0.364588  0.755879   1.50002
 0.238359  0.930708  0.277431 -0.335425
 -0.80465 0.0293021  0.593026   1.44558
        0         0         0         1
28	31	50
  0.921038  -0.113702   0.372507 -0.0983086
-0.0191625    0.94205   0.334926 -0.0132984
 -0.389002  -0.315618   0.865484   0.676548
         0          0          0          1
27	30	50
0.0427448 -0.331613  0.942447    2.3262
 0.283767  0.908489  0.306795 -0.478682
 -0.95794  0.254322  0.132934   1.57899
        0         0         0         1
31	32	50
 0.856619  0.172208 -0.486363 -0.222562
-0.150625  0.985059   0.08349   0.30874
 0.493474 0.0017394  0.869759  -1.12548
       -0         0         0         1
30	32	50
0.190129  0.32768 -0.92546  1.26427
-0.325862 0.910278 0.255359  0.71241
0.926102 0.253021 0.279849 -2.40342
      -0        0        0        1
28	32	50
  0.989927  0.0472547   -0.13346  -0.757651
0.00696584   0.925257   0.379277 -0.0951381
  0.141408  -0.376386   0.915608  -0.308406
         0          0          0          1
27	31	50
 0.770831 -0.185976  0.609288  0.793629
 0.180936  0.980964 0.0705153 -0.393292
-0.610804  0.055887  0.789807  0.965297
        0         0         0         1
26	32	50
 0.740045 -0.224478  0.633989  0.994124
 0.257401  0.965419 0.0413691 -0.437405
-0.621352  0.132574  0.772234   1.15043
       -0        -0         0         1
27	32	50
  0.988989 -0.0493943   0.139503  -0.121091
 0.0420331   0.997588  0.0552313  -0.210062
 -0.141895 -0.0487594    0.98868    0.22958
         0          0          0          1
31	33	50
    0.9953  0.0518148 -0.0818145   -1.01277
-0.0282719   0.963487    0.26626  0.0661371
 0.0926234  -0.262695   0.960423     0.1759
         0          0          0          1
27	33	50
   0.8289 -0.299302  0.472591  0.107827
 0.158884  0.935996  0.314113 -0.499258
-0.536358 -0.185281  0.823402   1.72653
       -0        -0        -0         1
31	34	50
 0.801587 -0.329667  0.498776  -0.76531
 0.174543  0.926936   0.33215 -0.182423
-0.571833  -0.17919  0.800561   1.39043
       -0        -0        -0         1
27	34	50
 0.237017 -0.535683  0.810473    1.0848
 0.275934  0.837006  0.472526 -0.612668
-0.931495   0.11164  0.346198   2.52072
        0         0         0         1
28	34	50
 0.505435 -0.475779   0.71984 -0.264502
-0.0424538  0.819522  0.571473  0.295206
 -0.86182 -0.319402  0.394016   2.23522
        0         0         0         1
30	34	50
 0.980749  0.107673 -0.162905  -0.99321
-0.0648144  0.966444  0.248567  0.529444
 0.184203 -0.233223  0.954817  -1.08587
        0         0         0         1
31	35	50
 0.720142 -0.243237  0.649793  -1.26145
 0.202554  0.969441  0.138407 -0.707742
-0.663601 0.0319457  0.747404   1.56611
       -0        -0         0         1
28	35	50
 0.393052 -0.322357   0.86116 -0.596297
-0.0452411  0.928622  0.368259 -0.131322
-0.918403 -0.183705  0.350412   2.74608
        0         0         0         1
27	35	50
 0.113113 -0.348323  0.930525  0.907097
 0.282204  0.909228  0.306047  -1.20537
-0.952663   0.22798  0.201144   2.93317
        0         0         0         1
36	37	50
  0.989037  0.0729541  -0.128391  -0.517339
-0.0628524   0.994726  0.0810505  -0.251889
  0.133626 -0.0720923   0.988406  -0.343441
         0          0          0          1
35	36	50
  0.928469   0.158082  -0.336089  -0.541978
 -0.130206    0.98601   0.104074 0.00521808
  0.347839 -0.0528683   0.936062   -0.65965
         0          0          0          1
37	38	50
  0.700351   0.478796  -0.529398  -0.766411
 -0.352641   0.876919   0.326583    0.81315
  0.620607 -0.0420354   0.782995  -0.725025
         0          0          0          1
32	33	50
  0.902558  -0.230373   0.363754 0.00183205
   0.14371   0.957557   0.249863  -0.372795
 -0.405877  -0.173241   0.897358    1.49596
        -0         -0         -0          1
34	35	50
   0.99208 -0.0440338   0.117634  -0.589857
 0.0692581   0.973073  -0.219848  -0.354856
 -0.104786   0.226254   0.968416  -0.281304
         0          0          0          1
33	34	50
  0.73992 -0.370921  0.561192   0.36582
 0.359922  0.923081  0.135563 -0.545713
-0.568309   0.10168  0.816509   1.08003
        0         0         0         1
38	39	50
  0.870948   0.371088  -0.322093  -0.858976
 -0.329601   0.927349   0.177163   0.796826
  0.364436 -0.0481375   0.929984  0.0110375
         0          0          0          1
35	37	50
  0.863443   0.249214  -0.438586  -0.946703
 -0.176845   0.963808   0.199501  -0.211529
  0.472431 -0.0946961   0.876266   -1.14777
         0          0          0          1
32	34	50
  0.37818 -0.510444  0.772287  0.850589
  0.30898  0.856004  0.414473 -0.572914
-0.872646 0.0818759  0.481441    2.4112
       -0        -0         0         1
34	36	50
 0.967767  0.107193 -0.227897  -1.20537
-0.138868   0.98203 -0.127797 -0.242292
 0.210103  0.155325  0.965262 -0.862147
        0         0         0         1
33	35	50
  0.649566  -0.266542   0.712053 -0.0968692
  0.406797   0.913048 -0.0293176   -1.12371
 -0.642324   0.308705   0.701514    1.14948
         0          0          0          1
32	35	50
 0.258908 -0.338619  0.904602  0.591404
 0.322388  0.913125  0.249538  -1.17552
-0.910513  0.227025  0.345582   2.76145
       -0        -0         0         1
33	36	50
  0.885487  -0.197773   0.420474  -0.920016
  0.248616   0.966131 -0.0691388   -1.32008
 -0.392559   0.165758   0.904667    1.03647
         0          0          0          1
39	40	50
  0.97432  -0.15103  0.167006 -0.364538
 0.170048   0.97971  -0.10608 -0.366997
-0.147597  0.131755  0.980233  0.413141
        0         0         0         1
39	41	50
 0.605873 -0.479115  0.635112  0.436501
  0.60081  0.798848 0.0294837  -1.09642
-0.521484  0.363718  0.771857  0.970954
       -0        -0         0         1
39	42	50
-0.104844 -0.583578  0.805261   1.68871
  0.75104  0.484304  0.448763  -1.25562
-0.651879  0.651833  0.387514   1.12977
       -0        -0         0         1
38	42	50
 0.397354 -0.538497  0.743055 -0.218035
 0.615544  0.756948  0.219398 -0.724016
-0.680599  0.370205  0.632245   1.73757
       -0        -0         0         1
38	43	50
-0.225723 -0.499783  0.836221  0.623111
  0.65346  0.558949  0.510456  -1.07992
-0.722522  0.661659  0.200421   1.73081
        0         0         0         1
37	44	50
   0.47656  -0.198638   0.856407   -2.04018
  0.434327   0.900154 -0.0329024  -0.342338
 -0.764363    0.38764   0.515252    1.53868
         0          0          0          1
38	44	50
  -0.29377  -0.215976   0.931157   0.920257
  0.641175   0.677961   0.359533    -1.7183
 -0.708939   0.702654 -0.0606867    2.06944
         0          0          0          1
39	45	50
 -0.953419 -0.0224868   0.300809    3.57799
  0.227806   0.599993   0.766885   -1.03481
 -0.197728   0.799689  -0.566922    0.82782
         0          0          0          1
38	45	50
 -0.682156 -0.0545089   0.729172    1.60663
  0.490473    0.70549   0.511586   -1.19545
  -0.54231   0.706621  -0.454519    2.13466
         0          0          0          1
39	46	50
-0.875969 0.0312054 -0.481357   3.06746
-0.364285  0.611323  0.702553  0.371074
 0.316188  0.790766 -0.524132  0.174901
        0         0         0         1
46	47	50
  0.686587 -0.0672812   0.723928   0.880576
 0.0470343   0.997734  0.0481203  -0.246658
 -0.725524 0.00101063   0.688196    1.44743
         0          0          0          1
45	46	50
   0.68966 -0.0468457   0.722616   0.936121
 0.0539816   0.998455  0.0132081   0.332868
 -0.722118  0.0298989   0.691123    1.29473
         0          0          0          1
44	45	50
   0.89934 -0.0325954   0.436032  0.0873664
 0.0987944   0.986577  -0.130018   0.252057
 -0.425942   0.160008   0.890489    0.82314
         0          0          0          1
48	49	50
  0.948639 -0.0641338   0.309792  -0.382313
 0.0444825   0.996548  0.0700938  -0.317271
 -0.313219 -0.0527134   0.948217   0.662156
         0          0          0          1
40	41	50
  0.76945 -0.384652  0.509892    0.5741
 0.428406  0.902921 0.0346601 -0.762109
-0.473725  0.191772   0.85954  0.757942
       -0        -0         0         1
43	44	50
   0.997517  -0.0159124   0.0686045   -0.728897
    0.03613    0.951804    -0.30457   -0.281279
 -0.0604516    0.306293    0.950016 -0.00952048
          0           0           0           1
41	42	50
 0.727655  -0.40252  0.555425  0.580211
 0.413099   0.90357  0.113627 -0.669361
-0.547602  0.146764  0.823767  0.913184
       -0        -0         0         1
42	43	50
  0.80429 -0.304858  0.510078  0.119763
 0.348705  0.937176 0.0102832 -0.724854
-0.481168  0.169596  0.860067  0.542659
        0         0         0         1
40	42	50
 0.121777 -0.582444  0.803697   1.74364
 0.665748  0.648497  0.369095  -1.08627
-0.736173  0.490112  0.466733   1.13963
       -0        -0         0         1
43	45	50
 0.866314 -0.037236   0.49811 -0.589288
 0.256255  0.889117 -0.379214 -0.288918
-0.428758  0.456162  0.779797  0.844398
        0         0         0         1
41	43	50
 0.177633 -0.504865  0.844724   1.26053
 0.592657  0.740138  0.317731  -1.21318
-0.785624  0.444192  0.430684   1.18824
        0         0         0         1
42	44	50
 0.760443  -0.14673  0.632611 -0.385588
 0.381078  0.889609 -0.251744  -1.24273
-0.525838  0.432511  0.732413  0.837489
        0         0         0         1
42	45	50
  0.399946 -0.0683247   0.913988   0.164592
  0.537836   0.824966  -0.173678   -1.19243
 -0.742143   0.561037   0.366689    1.50344
         0          0          0          1
41	45	50
-0.337671 -0.070168  0.938645     2.015
 0.566862  0.780939  0.262303  -1.50798
-0.751429  0.620654 -0.223925   1.88654
        0         0         0         1
40	46	50
-0.962088 0.0176441 -0.272168   3.50453
-0.182937  0.698393   0.69194  0.173372
 0.202289  0.715497 -0.668688  0.261341
        0         0         0         1
