4	5	50
 0.731089 0.0832501 -0.677184  0.489516
 -0.31555  0.921256 -0.227413   0.70294
 0.604927  0.379944   0.69979 -0.614105
        0         0         0         1
3	4	50
 0.728141  0.350851 -0.588825 0.0700519
 -0.37944  0.921751 0.0800078  0.676198
  0.57082  0.165167  0.804291 -0.500949
        0         0         0         1
0	1	50
  0.887537  -0.190414   0.419549  -0.196498
  0.149623   0.980368   0.128423  -0.545734
 -0.435766 -0.0512061   0.898603    1.06012
         0          0          0          1
2	3	50
  0.808416   0.324901  -0.490819   0.193198
 -0.207931    0.93773   0.278258   0.329079
  0.550661  -0.122892   0.825633 -0.0646209
         0          0          0          1
5	6	50
  0.829788 -0.0432499  -0.556401   0.710068
-0.0844533   0.975779  -0.201798   0.313077
  0.551652   0.214439   0.806037  -0.936907
        -0          0         -0          1
0	2	50
  0.780857  -0.211032   0.587986  -0.435621
  0.115502   0.973758     0.1961  -0.720215
 -0.613939 -0.0852129    0.78474    1.59375
         0          0          0          1
4	6	50
  0.256809 -0.0772994  -0.963366    1.57924
 -0.476766   0.856934  -0.195853    1.03253
   0.84068   0.509598   0.183214  -0.751399
         0          0          0          1
2	4	50
-0.983246  -0.15189 -0.100784   2.72773
0.0509605 -0.759893  0.648048   1.47175
-0.175017  0.632055  0.754901 0.0954092
        0         0         0         1
0	3	50
  0.994542 -0.0229309   0.101793  -0.519176
-0.0239194   0.899472   0.436324  -0.427775
 -0.101565  -0.436377   0.894013    1.60406
         0          0          0          1
5	7	50
 0.679093 0.0883066 -0.728721  0.693568
-0.118341  0.992922 0.0100414 -0.420406
  0.72445 0.0794181  0.684736  -1.21324
       -0        -0        -0         1
6	7	50
 0.982753 0.0280289 -0.182788  -0.17554
0.0131116  0.975398  0.220063 -0.809325
 0.184459 -0.218663  0.958207  0.108637
        0         0         0         1
4	7	50
0.0713161  0.184141 -0.980309   1.41109
-0.501556  0.856145   0.12433  0.371725
 0.862181  0.482813  0.153414  -1.31263
        0         0         0         1
6	8	50
 0.965746 -0.102809  0.238255 -0.635213
-0.00552332  0.909814   0.41498 -0.601384
-0.259432 -0.402081  0.878081    0.8802
        0         0         0         1
4	8	50
 0.492374  0.329622 -0.805554  0.557925
-0.432858  0.895681  0.101928  0.623579
 0.755117  0.298504   0.58369  -1.44016
        0         0         0         1
0	8	50
  0.987181    0.12229  -0.102564   0.247137
 -0.120543    0.99244   0.023086   0.236562
  0.104612 -0.0104266   0.994458 -0.0644311
         0          0          0          1
6	9	50
  0.80228 -0.285771    0.5241 -0.868922
-0.0152985  0.867836  0.496615 -0.675075
-0.596751 -0.406443  0.691876   1.77507
        0        -0        -0         1
3	13	50
-0.955436  0.177352  0.235983   2.23723
-0.0926795 -0.939203  0.330618    2.5037
 0.280271  0.294013  0.913785 -0.793956
       -0         0        -0         1
6	12	50
 0.571578  0.351263 -0.741562   1.21814
0.0441759  0.889256  0.455272 -0.820875
 0.819358 -0.292983  0.492761 -0.158791
       -0        -0        -0         1
4	12	50
-0.974178 0.0201898 -0.224874   3.08667
-0.188063  0.478563  0.857677 -0.935384
 0.124933  0.877821 -0.462409   1.13478
        0        -0         0         1
6	13	50
  0.71083  0.301472  -0.63548  0.986045
0.0578676  0.875358  0.479999   -0.9081
 0.700979 -0.377972  0.604786 -0.388507
       -0        -0        -0         1
3	14	50
  0.26845 -0.501502  0.822454  0.770174
  0.55015  0.780673  0.296455  -1.26202
 -0.79074  0.372889  0.485473   1.48237
       -0        -0        -0         1
1	2	50
  0.976089 -0.0853663   0.199905  -0.343092
  0.064687   0.992066   0.107794   -0.33169
 -0.207521 -0.0922856   0.973868   0.452471
         0         -0         -0          1
5	15	50
-0.861215  0.446968  0.241925   1.59202
-0.141183 -0.667664  0.730953   1.78172
 0.488237  0.595352  0.638107  -1.61515
       -0         0        -0         1
7	8	50
    0.90181   -0.168448    0.397951   -0.298106
  0.0831989    0.971349    0.222621 -0.00216222
  -0.424049   -0.167652    0.889986    0.865823
          0           0           0           1
4	14	50
  0.851159  -0.330838   0.407522  0.0814089
  0.252951   0.938798   0.233824   -1.33126
 -0.459939 -0.0959384   0.882753    1.29006
         0         -0         -0          1
1	3	50
 0.927699   0.23853 -0.287189  -0.29952
-0.131607  0.928833  0.346335 0.0690371
 0.349362 -0.283499  0.893071   0.37819
        0         0         0         1
5	16	50
   0.940001    0.188159   -0.284597    0.320922
 -0.0748309    0.927566    0.366091   -0.834911
   0.332865   -0.322829    0.885992 -0.00342184
         -0          -0          -0           1
5	17	50
 0.677525  0.342434 -0.650922  0.588441
-0.140901  0.929044  0.342088 -0.291426
 0.721878 -0.140057  0.677699  -1.18708
       -0        -0        -0         1
3	17	50
 -0.603294    0.31756  -0.731568    2.56651
 -0.412659   0.660664   0.627085 -0.0206429
  0.682458   0.680205  -0.267531   0.327218
         0         -0          0          1
4	15	50
  0.945214   0.189367  -0.265914   0.573857
 -0.157727    0.97809   0.135879  -0.834172
  0.285819 -0.0864928   0.954373   0.314563
         0          0          0          1
7	9	50
 0.726041 -0.319977  0.608669 -0.403149
 0.125375  0.931903  0.340349 -0.237891
-0.676125 -0.170796  0.716717   1.70491
        0        -0        -0         1
5	18	50
 0.858822  0.252324 -0.445823  0.148993
-0.0938158  0.933032  0.347346 -0.337715
 0.503611 -0.256483   0.82498 -0.976535
       -0        -0        -0         1
6	16	50
 0.973762 -0.120925  0.192778  0.375183
-0.000661097  0.845623  0.533779 -0.922123
-0.227565 -0.519902  0.823356   1.07915
        0        -0        -0         1
4	16	50
 0.470062  0.398677 -0.787463  0.718786
-0.414799  0.887296  0.201613 -0.177708
 0.779091  0.231868  0.582454 -0.735313
       -0        -0        -0         1
2	12	50
 -0.89732 -0.394657  0.197643   2.81813
 0.436793 -0.729602  0.526206  0.947544
-0.0634703  0.558504   0.82707 -0.423386
       -0        -0        -0         1
7	10	50
  0.397156  -0.501116   0.768863  -0.112204
  0.171737    0.86355   0.474118   -0.48218
  -0.90154 -0.0562568   0.429024    2.40137
         0         -0         -0          1
6	17	50
   0.96387   0.121303   -0.23715 -0.0844666
0.00572727    0.88065   0.473733  -0.641624
  0.266312  -0.457975   0.848137  -0.162547
        -0         -0         -0          1
4	17	50
-0.0426793  0.452552 -0.890716   1.71181
-0.516508  0.753152  0.407408   0.53365
 0.855218   0.47745  0.201603  -1.21312
       -0        -0        -0         1
7	11	50
 -0.204361  -0.530558   0.822645   0.760312
  0.171184   0.808061   0.563678  -0.449747
 -0.963812   0.256017 -0.0743133    2.57446
        -0         -0         -0          1
6	18	50
   0.99332 -0.0577393  0.0999094  -0.476922
 0.0097148   0.904584   0.426186  -0.583087
 -0.114984  -0.422368   0.899102   0.354095
         0         -0         -0          1
3	21	50
  0.989496  0.0571477  -0.132786  0.0614538
 -0.067387   0.994983 -0.0739409   0.358108
  0.127894  0.0821121   0.988383  -0.309969
        -0          0         -0          1
4	18	50
 0.453269  0.356093 -0.817157  0.838119
-0.436111  0.888116  0.145109  0.639739
 0.777403  0.290597  0.557851  -1.38444
       -0        -0        -0         1
2	14	50
  0.801163  -0.292775   0.521939  0.0708529
  0.214738   0.954717   0.205919  -0.649817
 -0.558592 -0.0528951   0.827754    1.77502
         0          0          0          1
5	22	50
  0.458027  -0.343697   0.819807   0.218987
 0.0827348   0.934711   0.345645  -0.681831
  -0.88508 -0.0904883   0.456558    1.28168
         0         -0         -0          1
7	12	50
-0.744393 -0.349897  0.568728   1.70434
0.0876478  0.793149  0.602687 -0.529363
-0.661964  0.498484 -0.559747   2.78548
       -0        -0        -0         1
4	19	50
  0.73774  0.246494 -0.628475    1.1804
-0.269814  0.961029 0.0602014  0.322079
 0.618821  0.125158  0.775497 -0.946919
       -0        -0        -0         1
4	20	50
 0.335177 -0.431271  0.837653 -0.225495
 0.374802  0.876738  0.301422 -0.707052
-0.864396  0.212924  0.455503   1.18574
       -0        -0        -0         1
7	13	50
   0.9217 -0.206048  0.328653 -0.375871
0.0911301  0.938563  0.332857 -0.297714
-0.377046 -0.276844  0.883851  0.893096
        0        -0        -0         1
4	21	50
  0.194662   0.974465   0.111911 -0.0181082
 -0.559113   0.203979  -0.803607     2.8585
 -0.805915  0.0938605   0.584544    1.13084
        -0         -0         -0          1
6	21	50
 -0.988779     0.1215 -0.0869141    2.55134
 0.0670032   0.880704   0.468905  -0.632792
  0.133517   0.457819  -0.878962    2.43105
         0         -0          0          1
4	22	50
 0.834547 -0.268625  0.481012 -0.544298
 0.250804  0.962603  0.102433 -0.586563
-0.490539 0.0351549   0.87071  0.414069
       -0        -0        -0         1
6	22	50
-0.274333 -0.401884   0.87363  0.657572
-0.0360501  0.912144  0.408281 -0.566341
-0.960959 0.0805104 -0.264719   2.73941
       -0        -0         0         1
5	26	50
 -0.982511 -0.0805287   0.167887    2.08012
 0.0159947   0.861809    0.50698  -0.985566
 -0.185513   0.500799   -0.84545    2.70256
        -0         -0         -0          1
6	23	50
 0.0934144   0.378395  -0.920919    1.91842
 0.0531806   0.921746    0.38413  -0.831547
  0.994206 -0.0848583  0.0659811  -0.275735
         0          0          0          1
5	27	50
 0.798063  0.180389 -0.574939  0.296805
-0.116424  0.982321    0.1466 -0.168674
  0.59122 -0.050059  0.804955  -1.24004
       -0        -0        -0         1
7	16	50
 0.920531 -0.169888  0.351796  0.630405
0.0539002  0.947114   0.31634  -0.26981
-0.386933 -0.272239  0.881005  0.755116
        0        -0        -0         1
6	24	50
 0.776888   0.23539 -0.583983  0.667669
0.00996915  0.922774  0.385211 -0.868822
 0.629559 -0.305088  0.714546 -0.357029
       -0        -0        -0         1
5	28	50
  0.919297 -0.0419148  -0.391326   0.789408
-0.0434948   0.977402  -0.206868  -0.381816
  0.391153   0.207194     0.8967  -0.590863
        -0          0         -0          1
3	28	50
 0.957153  0.142676 -0.251996 -0.909725
-0.255201   0.82686 -0.501173  0.425218
  0.13686  0.544009  0.827843  0.144022
       -0         0        -0         1
5	29	50
 0.877046 -0.219122  0.427522  0.599352
 0.106402  0.956419  0.271923 -0.529458
-0.468474 -0.192999  0.862139  0.987954
        0         0         0         1
3	29	50
-0.925582  0.359373  0.118951   2.09753
-0.251655  -0.81889  0.515838   2.54791
 0.282786  0.447516  0.848388 -0.323373
        0         0         0         1
7	17	50
  0.995545  0.0471846 -0.0816341  0.0447647
-0.0253087   0.967733   0.250705   0.253565
 0.0908294  -0.247522   0.964615  -0.284094
        -0         -0         -0          1
3	30	50
  -0.16622  -0.984259 -0.0600467    2.99959
  0.981627  -0.159374  -0.104927   0.186138
 0.0937058 -0.0763844   0.992666   0.797056
         0          0          0          1
6	27	50
  0.997286 0.00264049 -0.0735714   -0.40155
 0.0191115   0.955808   0.293369  -0.534672
  0.071095  -0.293979   0.953164 -0.0167445
        -0         -0         -0          1
4	27	50
 0.173985   0.26903 -0.947286   1.48669
-0.476449  0.864867  0.158115  0.678944
 0.861814  0.423824  0.278653  -1.35581
       -0        -0        -0         1
5	31	50
  0.962961 -0.0732332   0.259507  0.0823317
 0.0594154   0.996386  0.0607069  -0.499407
 -0.263014 -0.0430397   0.963831   0.279839
         0         -0         -0          1
0	34	50
 0.582856 -0.671789  0.457141  0.947795
 0.342432  0.713256  0.611561 -0.373289
-0.736899 -0.199912  0.645768   2.47604
        0         0         0         1
5	32	50
  0.914018  0.0441956  -0.403258  0.0406728
-0.00280428   0.994713    0.10266  -0.407758
  0.405663 -0.0927026   0.909309   -1.02878
        -0         -0         -0          1
6	28	50
  0.956425  -0.014123   0.291636   0.224175
 0.0332887   0.997591 -0.0608607  -0.603122
 -0.290074  0.0679169   0.954591   0.429248
        -0         -0         -0          1
4	28	50
  0.493882 -0.0306803  -0.868988    1.09864
 -0.431464   0.859019  -0.275547   0.264246
   0.75493   0.511024   0.411016  -0.741058
        -0          0         -0          1
7	18	50
 0.918693 -0.169887   0.35657 -0.241823
0.0768042  0.962377  0.260637 0.0852758
-0.387433  -0.21206  0.897177  0.602898
        0        -0        -0         1
6	29	50
 0.583277 -0.353949    0.7311  0.131603
-0.0431108  0.885309     0.463 -0.322786
-0.811128 -0.301576  0.501122   2.70339
        0         0         0         1
3	33	50
    0.993218 -0.000845292     0.116262    0.0900808
  0.00710143     0.998548   -0.0534072     0.394285
   -0.116048    0.0538707     0.991782    0.0147113
          -0           -0           -0            1
4	29	50
-0.0295507 -0.757801  0.651817   1.98941
 0.888808 -0.318274  -0.32973  0.272409
 0.457326  0.569596  0.682945 -0.651161
        0         0         0         1
7	19	50
 0.772775 -0.345939  0.532114 -0.251924
  0.17175  0.921099  0.349398 -0.113636
   -0.611 -0.178615  0.771217   1.20311
        0        -0        -0         1
0	37	50
-0.513947  0.734083  0.443825  -0.26531
-0.109981 -0.569504  0.814598    1.7978
 0.850743  0.369847   0.37343  0.216926
        0         0         0         1
4	30	50
  0.989252 -0.0319963   0.142676   0.240163
 0.0564034   0.983748  -0.170463  -0.580761
 -0.134903   0.176678    0.97498   0.897787
         0          0          0          1
7	20	50
  0.473384  -0.507362   0.720063  -0.235484
  0.205049   0.858473   0.470083  -0.303554
 -0.856657 -0.0748814   0.510422    1.99979
         0         -0         -0          1
6	31	50
  0.82356 -0.190565   0.53426 -0.314744
-0.0204581  0.931285  0.363715 -0.607303
 -0.56686 -0.310472  0.763071   1.79104
        0         0         0         1
4	31	50
 0.758195  0.154899 -0.633361  0.635172
-0.286279   0.95182 -0.109921 0.0904704
 0.585819   0.26466   0.76601 -0.569615
        0         0         0         1
2	25	50
   -0.857203    0.0593022    -0.511553      3.83719
   -0.405542    -0.689959     0.599577      1.74403
   -0.317395     0.721415     0.615484 -0.000990391
           0            0            0            1
7	21	50
 -0.282313  -0.510405   0.812272   0.973685
  0.259059   0.774696   0.576832  -0.524681
 -0.923682   0.373273 -0.0864816    2.59363
        -0         -0         -0          1
6	32	50
  0.998406 -0.0316451  0.0467351  -0.460967
 0.0110737   0.921771   0.387577  -0.707078
-0.0553438  -0.386441   0.920652   0.268687
         0          0          0          1
3	37	50
  0.844339  -0.525455   0.104825   0.974139
  0.535297   0.835785  -0.122156   -1.31261
-0.0234235   0.159254    0.98696 -0.0977554
         0          0          0          1
5	37	50
-0.949725 0.253183 0.184175  1.40356
0.00928999 -0.56521 0.824895   1.4253
0.312947 0.785134 0.534443 -1.85056
      -0        0       -0        1
4	32	50
 0.311425  0.327397 -0.892091   1.15988
-0.477492  0.865568  0.150973  0.632711
 0.821594   0.37895  0.425889  -1.49789
        0         0         0         1
7	22	50
-0.673435 -0.307138  0.672422   1.63301
 0.138392  0.841144  0.522804  -0.40086
-0.726177  0.445132  -0.52395   2.87831
       -0        -0        -0         1
6	33	50
 0.877593 -0.295936  0.377164 -0.351612
0.0709231  0.858218  0.508362 -0.544758
-0.474132 -0.419385  0.774155   1.61072
        0        -0        -0         1
5	38	50
  0.880657   0.313962  -0.354784   0.143953
-0.0724947   0.829363   0.553987  -0.994168
  0.468175  -0.462152   0.753145 -0.0904664
        -0         -0         -0          1
3	38	50
-0.580118 -0.251901  0.774603   1.33315
 0.562438 -0.811751  0.157241   1.72714
 0.589175  0.526884   0.61259  -1.16229
       -0         0        -0         1
7	23	50
  0.658374   0.337241  -0.672913    1.29643
 -0.191553   0.939645   0.283503   0.273094
  0.727908 -0.0577524   0.683238  -0.871161
         0          0          0          1
0	41	50
-0.0971786 -0.587714  0.803211   1.23421
  0.17339  0.784692  0.595142 -0.447361
-0.980047  0.197104 0.0256483   2.97035
        0         0         0         1
5	39	50
 0.459112 -0.655763  0.599325   0.60869
 0.107626  0.710716  0.695197 -0.614071
-0.881835 -0.254671  0.396875   1.55593
        0        -0        -0         1
7	24	50
 0.972103 0.0637735 -0.225716   0.16092
-0.00186218  0.964395  0.264458 -0.188733
 0.234545 -0.256661   0.93761 -0.321672
       -0        -0        -0         1
0	42	50
 -0.828435   0.551159 -0.0995973    2.95172
 -0.491013  -0.629144   0.602564    2.12457
  0.269447   0.548088   0.791832  -0.592481
         0          0          0          1
2	28	50
-0.449761 -0.878303  0.162172   3.32248
 0.484575 -0.392486 -0.781756   1.77896
 0.750268 -0.273018  0.602128  0.711382
        0         0         0         1
3	40	50
 0.712114 -0.460079  0.530302  0.191705
 0.385887  0.887517  0.251803 -0.394997
-0.586502 0.0253239  0.809552   1.19411
        0         0         0         1
0	43	50
 -0.49825  0.790064 -0.357136   1.86652
-0.865243 -0.426622  0.263341   2.87242
0.0556938  0.440219  0.896161 -0.197585
        0         0         0         1
2	29	50
 -0.996085 -0.0374767 -0.0800696    2.61029
-0.0280314   -0.72508   0.688094    2.30649
-0.0838445   0.687644    0.72119   0.219019
         0          0          0          1
7	25	50
 0.854532 -0.271025  0.443082  0.201992
 0.106949    0.9266  0.360521 -0.274352
 -0.50827 -0.260689  0.820794  0.629877
        0         0         0         1
3	41	50
 -0.43819  0.774282 -0.456592    1.2978
-0.808948 -0.561152 -0.175248   3.33166
-0.391909  0.292567  0.872245  0.626819
       -0        -0        -0         1
0	44	50
-0.463573  0.585523 -0.665029   3.12484
-0.884062  -0.25529  0.391486   3.32416
 0.059449  0.769409  0.635984 -0.207328
        0         0         0         1
4	38	50
  0.93448 -0.212032  0.285988 -0.104576
 0.112918  0.938349  0.326727  -1.36005
-0.337633 -0.273027  0.900811   1.45703
        0        -0        -0         1
7	27	50
 0.992957 0.0027017  0.118443 -0.265328
-0.0219191   0.98667   0.16125  0.297092
-0.116429  -0.16271   0.97978  0.106294
        0        -0        -0         1
2	31	50
-0.914526 -0.373695  0.154905   3.03278
 0.357488 -0.567359  0.741826   1.37422
 -0.18933  0.733796  0.652456  0.221618
        0         0         0         1
0	47	50
 0.345874   0.12912 -0.929354   2.05394
-0.223006  0.973416 0.0522461  0.408159
 0.911394  0.189181  0.365474 -0.395523
        0         0         0         1
0	48	50
  0.926365  0.0296077  -0.375464   0.953124
-0.0209835   0.999414  0.0270394  -0.138625
  0.376044 -0.0171697   0.926443   0.683322
         0          0          0          1
7	28	50
  0.921073 -0.0631398   0.384237   0.619099
   0.15827   0.962284  -0.221268  0.0819207
 -0.355775   0.264618   0.896327   0.211894
        -0         -0         -0          1
0	49	50
  0.576987   0.808969  -0.112495  0.0235993
  0.302002 -0.0833401   0.949658   0.417936
  0.758868  -0.581914  -0.292396    2.84224
         0          0          0          1
4	40	50
-0.156815 -0.603186  0.782033    1.0727
 0.394479   0.68767  0.609505  -1.16927
-0.905426  0.404075  0.130107   2.73189
        0         0         0         1
5	46	50
  0.932618  0.0130218  -0.360629   0.101524
-0.0496115   0.994486 -0.0923902   0.124828
  0.357437   0.104056   0.928122  -0.850333
        -0          0         -0          1
4	41	50
 -0.18855  0.935264  0.299548  0.351653
-0.979334  -0.15634 -0.128306   2.90819
-0.0731689  -0.31755  0.945414  0.445241
        0        -0        -0         1
1	25	50
 -0.999368 0.00349709  0.0353697    3.13543
 0.0230589  -0.693491   0.720097   0.769336
 0.0270468   0.720457   0.692972   -0.74834
         0          0          0          1
6	42	50
  0.43074 -0.527877   0.73199  0.184984
-0.0644976   0.79101  0.608394  -0.35663
-0.900168 -0.309271  0.306674   2.57331
        0        -0        -0         1
2	34	50
 0.949415  0.166534   0.26623 -0.379179
 -0.19338  0.978032 0.0778348  0.629501
-0.247419 -0.125381  0.960762   1.16634
        0         0         0         1
6	43	50
-0.302202 -0.466782  0.831137  0.537871
-0.0449725  0.877914  0.476701  -0.56489
-0.952183  0.106682   -0.2863   3.52068
       -0        -0         0         1
7	31	50
   0.687409   -0.213827    0.694079    0.691009
   0.139559    0.976756    0.162695 -0.00545681
  -0.712735  -0.0149732    0.701273    0.896691
          0           0           0           1
3	49	50
  0.982854   0.182396 -0.0270367   0.464467
 -0.181397   0.930142  -0.319267   0.212118
-0.0330849   0.318697   0.947279  -0.114002
         0          0          0          1
2	35	50
  0.956725  -0.108494   0.270012 -0.0563759
  0.108322   0.993994  0.0155846  -0.254301
 -0.270081   0.014338   0.962731     1.1763
         0          0          0          1
6	44	50
 -0.320451   0.843077  -0.431893    1.73653
  -0.83685 -0.0383334   0.546088    2.48312
  0.443839   0.536424   0.717813   -1.53483
         0          0          0          1
2	36	50
 -0.210324  -0.727174  -0.653439    3.23906
  0.962671 -0.0375648  -0.268054   0.249245
  0.170375  -0.685425    0.70793    1.94248
         0          0          0          1
6	45	50
   -0.65407    0.070853   -0.753109     3.60958
  0.0515256    0.997464    0.049093   -0.589562
   0.754678 -0.00669402   -0.656062    0.438239
          0           0           0           1
1	28	50
 0.761818 -0.250877 -0.597239   2.26533
0.0785773  0.950942 -0.299224 -0.122277
 0.643008  0.181025  0.744158 0.0228648
        0         0         0         1
7	32	50
 0.969848 -0.102097  0.221295  -0.25252
 0.068176  0.985425  0.155851 0.0644834
-0.233982 -0.136064  0.962673  0.193019
        0         0         0         1
9	10	50
  0.918539  -0.209271   0.335398  -0.355076
  0.184226   0.977236   0.105213  -0.412971
 -0.349781 -0.0348528   0.936183   0.597525
         0         -0         -0          1
2	37	50
 0.937388 -0.117485 -0.327876    1.0784
 0.175895  0.972206  0.154518 -0.821471
  0.30061 -0.202515  0.931999  0.779258
        0         0         0         1
2	38	50
-0.618451 -0.732718  0.283976   3.00233
 0.785435 -0.587718  0.194107   1.33034
0.0246718  0.343091  0.938978 -0.275913
        0         0         0         1
9	11	50
 0.448671 -0.492231  0.745924  0.303127
 0.408072  0.855397  0.319018 -0.811586
-0.795092  0.161256  0.584658   1.38503
        0         0         0         1
1	30	50
  0.109604  -0.975559   -0.19045    3.81772
  0.934912  0.0361167   0.353038 -0.0209746
 -0.337531  -0.216749    0.91602    1.93995
         0          0          0          1
9	12	50
-0.000559374 -0.524254  0.851561  0.789285
 0.452445  0.759283  0.467742  -1.12513
-0.891792  0.385546  0.236772   1.85459
       -0        -0        -0         1
9	13	50
-0.194946 -0.472496  0.859502  0.813223
 0.476228  0.720487   0.50409  -1.32946
 -0.85744  0.507589 0.0845602    2.1053
        0         0         0         1
2	41	50
  0.647072  -0.500745   0.574937  -0.256215
  0.301857   0.860724   0.409923  -0.145171
 -0.700129 -0.0917005   0.708104    1.76517
         0          0          0          1
2	42	50
   0.974054 -0.00602457    0.226237   -0.439425
 -0.0247385    0.990821    0.132896     0.58292
  -0.224961   -0.135044    0.964964    0.800535
          0           0           0           1
9	14	50
 0.387903 -0.493405  0.778513 0.0389124
 0.444109  0.840187  0.311211  -1.49344
 -0.80765  0.225025  0.545037   2.25588
       -0        -0        -0         1
1	34	50
  0.79744 -0.602478 0.0333181   1.11151
 0.535891   0.73252  0.419804  -1.16052
-0.277329 -0.316914  0.907003   1.28702
        0         0         0         1
2	44	50
 -0.31346  0.029508 -0.949144   3.46553
 0.403795 -0.900509 -0.161351   2.08002
-0.859473 -0.433836  0.270358   3.92186
        0         0         0         1
1	35	50
-0.875294  0.305832 -0.374603   2.97915
-0.0180393 -0.794737 -0.606685   3.07434
-0.483255  -0.52427  0.701146   2.50294
        0         0         0         1
2	45	50
-0.0490524    -0.413  -0.90941   3.60547
-0.955925 -0.244483  0.162591   3.67227
-0.289485  0.877303 -0.382804     1.509
        0         0         0         1
9	16	50
  0.924226   0.182903  -0.335191    1.41573
 -0.175617   0.983073  0.0522007  -0.224378
  0.339065  0.0106201   0.940703 -0.0456477
        -0         -0         -0          1
9	17	50
 0.148489  0.388388 -0.909453   2.44526
-0.459522  0.841431  0.284311  0.458713
 0.875666  0.375697  0.303416  -0.53416
        0         0         0         1
2	48	50
  0.496449  0.0931701  -0.863052    2.56194
 -0.326891   0.941101 -0.0864396   0.526012
  0.804165   0.325036   0.497665   0.364345
         0          0          0          1
7	42	50
  0.125743  -0.541426   0.831292   0.782163
  0.101962   0.840559   0.532038 0.00767386
 -0.986809  0.0178593     0.1609    2.57244
        -0         -0         -0          1
9	18	50
 0.937445  0.133525 -0.321508   0.88794
-0.150843  0.988119 -0.029452  0.420091
 0.313756  0.076107  0.946449 -0.563763
        0         0         0         1
2	49	50
  0.778124 -0.0157734  -0.627913    1.96997
-0.0950366   0.985219   -0.14252   0.182338
  0.620879   0.170573   0.765123   0.372448
         0          0          0          1
8	9	50
  0.951775  -0.151713   0.266661  -0.421833
  0.124277   0.985324   0.117011   -0.38011
   -0.2805 -0.0782288   0.956661   0.636289
         0         -0         -0          1
11	12	50
 0.886605 -0.232433  0.399882 -0.289034
 0.242964  0.969714  0.024959  -0.43903
-0.393572 0.0750284  0.916226  0.584332
       -0        -0        -0         1
7	43	50
 -0.37855 -0.449198  0.809272   1.57887
 0.116683  0.844204  0.523168 -0.293192
-0.918196  0.292474  -0.26716   2.55759
       -0        -0        -0         1
8	10	50
  0.754339   -0.35527   0.552046  -0.524879
  0.256776   0.933592   0.249945  -0.739806
 -0.604184 -0.0467912    0.79547    1.30846
         0         -0         -0          1
8	11	50
 0.144436 -0.549176  0.823131  0.335216
 0.380121  0.798821  0.466256 -0.976776
 -0.91359  0.245545  0.324131   1.90359
       -0        -0        -0         1
9	19	50
   0.998971 -0.00861902  -0.0445111    0.321007
 0.00978775    0.999611   0.0261075    0.150489
  0.0442688  -0.0265162    0.998667   -0.147218
         -0          -0          -0           1
8	12	50
 -0.30624  -0.49655  0.812192   1.00587
 0.361822   0.72844  0.581773  -1.15827
-0.880513  0.472031 -0.043415   2.20638
       -0        -0        -0         1
11	13	50
 0.749283 -0.320384  0.579594 -0.605134
 0.362559  0.930833 0.0458325 -0.606695
-0.554189  0.175796  0.813616  0.778689
        0         0         0         1
9	20	50
  0.941738  -0.200468   0.270077  -0.162083
  0.175955   0.977964   0.112363  -0.113723
 -0.286651 -0.0582954    0.95626   0.355027
         0          0          0          1
1	44	50
    0.514563    -0.276964      0.81149 -0.000465155
    0.245535      0.95436     0.170032    -0.954084
   -0.821546     0.111757     0.559082       2.5889
           0            0            0            1
9	21	50
 0.795912 -0.319555  0.514206 -0.405156
 0.306711  0.945118  0.112605 -0.360767
-0.521969 0.0680891  0.850242  0.813155
       -0        -0        -0         1
8	16	50
  0.999638 0.00589791   -0.02624   0.897411
-0.0042096   0.997944  0.0639461   -0.39699
 0.0265631 -0.0638125   0.997608   0.162051
        -0         -0         -0          1
9	22	50
 0.335072 -0.407044  0.849731  0.018986
 0.462344  0.856849  0.228139 -0.924996
-0.820954  0.316425    0.4753   1.78015
       -0        -0        -0         1
8	17	50
 0.867434  0.227569 -0.442459  0.768464
-0.221202  0.972941 0.0667476   0.46265
 0.445677 0.0399736  0.894301  -0.85929
       -0        -0        -0         1
10	11	50
 0.788227 -0.329036  0.520033  0.224773
 0.324246  0.940296  0.103478 -0.495911
-0.523032 0.0870548  0.847856  0.835466
        0         0         0         1
11	14	50
   0.99336 -0.0798722  0.0828086   -1.08307
 0.0812181   0.996612 -0.0130051  -0.393062
-0.0814894  0.0196443   0.996481   0.228969
        -0         -0         -0          1
1	49	50
    0.89904    0.171608   -0.402839    0.429221
  -0.189022    0.981967 -0.00353755   0.0765854
   0.394967    0.079326    0.915264    0.410408
          0           0           0           1
9	24	50
 -0.284152  -0.321879   0.903134    1.00868
   0.40722   0.812262   0.417615   -1.22953
 -0.868003    0.48644 -0.0997307    2.26423
         0          0          0          1
10	12	50
 0.391819 -0.460682  0.796398  0.436715
 0.484016  0.839358  0.247401 -0.929614
-0.782436  0.288533  0.551854   1.44374
        0         0         0         1
11	16	50
-0.0183354 -0.491982  0.870413   0.75904
 0.506306  0.746118  0.432392  -1.03595
-0.862159  0.448623  0.235413   1.38803
       -0        -0        -0         1
8	18	50
  0.998787  0.0084092 -0.0485223   0.197482
-0.0069278   0.999507  0.0306203   0.119372
 0.0487559 -0.0302468   0.998353  -0.210487
        -0         -0         -0          1
10	13	50
 0.195364 -0.471113  0.860166   0.35514
 0.536347   0.78561  0.308461  -1.17696
-0.821075  0.401086   0.40616   1.71869
        0         0         0         1
15	16	50
 0.742636   0.31992  -0.58834 -0.385696
-0.371197  0.927856 0.0359923  0.656395
 0.557409  0.191661  0.807812  -0.88472
       -0        -0        -0         1
13	14	50
 0.820616  0.283501 -0.496202 0.0348652
-0.262453  0.958253  0.113446  0.312243
 0.507649  0.037134  0.860764 -0.749962
       -0        -0        -0         1
11	17	50
  0.951592  -0.115301   0.284919  -0.217879
  0.146359   0.985114 -0.0901616  0.0347234
 -0.270282   0.127497   0.954302    0.29853
         0          0          0          1
9	27	50
 0.766875  0.359643 -0.531563 0.0934113
-0.399377  0.915759 0.0434085  0.592362
 0.502395  0.179005  0.845906 -0.553087
        0         0         0         1
15	17	50
 0.304259  0.370884 -0.877423  0.543316
 -0.53108  0.830706  0.166977   1.52766
  0.79081  0.415178  0.449719  -1.54503
       -0        -0        -0         1
8	19	50
  0.959861  -0.167843   0.224712  -0.201789
  0.140829   0.981277   0.131387   -0.21642
 -0.242557 -0.0944673   0.965527   0.397658
         0         -0         -0          1
14	15	50
 0.655155  0.420809 -0.627449  0.250451
-0.387622  0.900098  0.198927  0.703303
 0.648476  0.112885  0.752819  -1.23975
        0         0         0         1
13	15	50
0.117829 0.552519 -0.82513  1.00831
-0.479544  0.75927  0.43994 0.812285
0.869571 0.343849 0.354421 -1.69732
       0        0        0        1
11	18	50
-0.0179625 -0.414655  0.909802  0.248776
 0.537726  0.763139  0.358427  -1.13502
-0.842929  0.495662  0.209263   2.14766
        0         0         0         1
15	18	50
  0.732602   0.259255  -0.629349  -0.513712
 -0.361447    0.93166 -0.0369572    1.44965
  0.576758   0.254551   0.776243   -1.47776
        -0          0         -0          1
10	14	50
 0.714258 -0.382793  0.585923 -0.380679
 0.388648  0.913165  0.122812  -1.19986
-0.582056  0.139998  0.801007   1.58084
        0         0         0         1
8	20	50
 0.816425 -0.339143  0.467367 -0.560566
 0.238491  0.935143  0.261971 -0.497725
-0.525901 -0.102417  0.844357   1.04563
        0        -0        -0         1
13	16	50
 0.579758 -0.389784  0.715506  0.553927
 0.381692  0.905759  0.184151 -0.739984
-0.719855  0.166339  0.673899   1.22079
       -0        -0        -0         1
11	19	50
  0.65605  0.362462 -0.661982   1.33754
-0.383858  0.915453  0.120829  0.442778
 0.649809  0.174837  0.739716  -0.45746
       -0        -0        -0         1
10	15	50
   0.99277  0.0476238  -0.110183   -1.16012
-0.0399881    0.99671  0.0705022  -0.631539
  0.113178 -0.0655864   0.991407   0.532581
         0          0          0          1
8	21	50
  0.41942 -0.450928  0.787877 -0.371314
 0.368511  0.877751  0.306192 -0.795526
 -0.82963  0.161919  0.534318    1.8673
       -0        -0        -0         1
13	17	50
  0.866758  -0.155929   0.473725  -0.647156
  0.190291   0.981406 -0.0251335  -0.100023
 -0.460998    0.11193   0.880314   0.954732
        -0         -0         -0          1
11	20	50
 0.720758  0.352217 -0.597035  0.895444
-0.330223  0.931743  0.151022  0.526271
 0.609476 0.0883044  0.787871 -0.691033
        0         0         0         1
8	22	50
 -0.260397   0.397036  -0.880088    3.16643
 -0.332147   0.819061   0.467779  0.0980681
  0.906571   0.414127 -0.0814063  -0.457707
         0         -0          0          1
10	16	50
  -0.8383 -0.200044  0.507184   1.79279
 0.374569  0.464646  0.802373  -0.90922
-0.396171  0.862605 -0.314582   1.02829
        0         0         0         1
14	18	50
 0.988877 0.0762829  -0.12768   0.56889
 -0.10232  0.971948 -0.211772  0.578833
 0.107944  0.222481  0.968943 -0.106329
        0         0         0         1
13	18	50
 0.807656 -0.390011  0.442246 -0.370625
 0.386784  0.916523  0.101901  -0.59232
-0.445072 0.0887527  0.891086  0.993702
        0         0         0         1
8	23	50
  0.24589  0.344449 -0.906032   2.02972
-0.348068  0.903763  0.249123  0.267807
 0.904648  0.254103  0.342118  -1.07394
        0         0         0         1
10	17	50
  0.860602  -0.194153   0.470818  -0.121568
  0.254513   0.964718 -0.0673979 -0.0698364
 -0.441121   0.177832   0.879653   0.551976
         0          0          0          1
9	32	50
 0.838982  0.421256 -0.344461 -0.421353
-0.405845  0.906083  0.119597  0.426851
 0.362491 0.0394576  0.931152 -0.368711
        0         0         0         1
13	19	50
-0.502918  0.440564 -0.743624    3.1877
-0.362028  0.673868  0.644079 -0.126867
 0.784862  0.593132 -0.179404  0.610811
        0        -0         0         1
11	21	50
  0.906314   0.198933  -0.372854   0.197061
 -0.213207   0.977002 0.00301633   0.618302
  0.364879  0.0767614   0.927885  -0.707701
        -0         -0         -0          1
14	20	50
 0.382993  0.555285 -0.738225   2.06143
-0.455101  0.808867  0.372314  0.610132
 0.803865  0.193373  0.562501 -0.606961
        0         0         0         1
10	18	50
   0.76784   0.262047  -0.584597    1.58011
 -0.319841    0.94746 0.00460604   0.547787
  0.555089   0.183441   0.811311  -0.562093
         0          0          0          1
13	20	50
  0.18259  0.553442 -0.812627   2.21632
-0.480957  0.771156  0.417131  0.441152
  0.85752  0.314675  0.406987 -0.316567
       -0        -0        -0         1
9	33	50
  0.993973  0.0812589 -0.0735888   0.422333
-0.0740023    0.99258  0.0964786  0.0916237
 0.0808824 -0.0904513   0.992611   0.303412
         0          0          0          1
15	24	50
  0.967313 -0.0370632   0.250862  -0.953459
  0.163064   0.848525  -0.503404    0.81825
 -0.194205   0.527856   0.826833  -0.285167
        -0         -0         -0          1
14	21	50
 0.807465  0.295395 -0.510629   1.63309
-0.304635  0.950048 0.0678722  0.852195
 0.505171  0.100751  0.857118 -0.856272
       -0        -0        -0         1
13	21	50
 0.377129   0.46117 -0.803178   1.93312
-0.428753  0.855623  0.289963  0.619983
  0.82094  0.235012  0.520409 -0.691964
       -0        -0        -0         1
8	27	50
 0.935438  0.083757 -0.343425  0.566606
-0.127803   0.98594 -0.107658  0.448118
 0.329579  0.144598  0.932989 -0.738834
       -0         0        -0         1
10	19	50
   0.916924    0.161336   -0.364995    0.944447
  -0.173952    0.984752 -0.00171389    0.392212
   0.359154   0.0650633    0.931008   -0.382839
          0           0           0           1
11	22	50
   0.99517   0.044522 -0.0874818    -0.4341
-0.0546503   0.991624  -0.117022   0.378794
 0.0815391   0.121238   0.989269  -0.373908
        -0          0         -0          1
13	22	50
 0.698416  0.307487 -0.646272   1.11343
-0.347138  0.935212 0.0698138  0.680154
 0.625868  0.175586  0.759907 -0.813145
       -0        -0        -0         1
14	22	50
  0.97723  0.105929 -0.183851  0.778401
-0.125944  0.986902 -0.100811  0.715363
 0.170764  0.121671  0.977771 -0.561762
       -0         0        -0         1
11	23	50
 0.942878 -0.135282  0.304434 -0.724671
 0.185999  0.971915 -0.144173 -0.306763
 -0.27638  0.192562  0.941559  0.472417
        0         0         0         1
14	23	50
  0.974992 -0.0402983   0.218557   0.270281
 0.0776807   0.983187  -0.165254   0.124053
 -0.208223   0.178099    0.96173   0.294896
         0          0          0          1
10	20	50
  0.996759  0.0406681 -0.0694082   0.290205
-0.0392696   0.998999  0.0213957   0.277559
 0.0702089 -0.0186007   0.997359  -0.127507
         0          0          0          1
15	27	50
   0.492794    0.280092   -0.823835 -0.00791626
  -0.498599    0.866826 -0.00353875     1.68265
    0.71313    0.412507     0.56682    -1.60583
         -0           0          -0           1
8	31	50
  0.900007  -0.176647   0.398477   0.957502
  0.229511   0.969256 -0.0887024  -0.226671
 -0.370557   0.171288   0.912879   0.412938
         0          0          0          1
13	23	50
 0.925048  0.137557 -0.354068  0.190825
-0.185152  0.977182 -0.104092  0.343967
  0.33167  0.161847  0.929409 -0.359559
        0         0         0         1
14	24	50
  0.863016 -0.0897203   0.497146   0.180175
  0.205728   0.961221   -0.18366  -0.134657
 -0.461389   0.260778   0.848007   0.718574
         0          0          0          1
11	24	50
 0.765753 -0.207919  0.608599 -0.722724
 0.329244  0.939629 -0.093252 -0.652554
-0.552468  0.271786   0.78798   0.99187
        0         0         0         1
8	32	50
  0.980121  0.0518147  -0.191514   0.309361
-0.0663039   0.995339 -0.0700358   0.214903
  0.186993  0.0813415   0.978988   -0.57744
         0          0          0          1
15	28	50
  0.752154 -0.0331751  -0.658151  0.0597818
 -0.374498   0.800264  -0.468325    1.21457
  0.542231   0.598729   0.589498   -1.01461
        -0          0         -0          1
13	24	50
  0.998253  0.0217685 -0.0549182  -0.162338
-0.0295239   0.989047   -0.14462  0.0272571
 0.0511683   0.145989   0.987962  0.0279585
         0          0          0          1
14	25	50
-0.948825  -0.13382  0.286047   2.36384
 0.175956  0.528138  0.830728 -0.704359
 -0.26224  0.838548 -0.477564   1.28949
        0         0         0         1
10	21	50
  0.977905   -0.11522   0.174432  -0.172975
   0.12191   0.992143 -0.0281056  0.0919964
 -0.169824  0.0487497   0.984268   0.161862
         0          0          0          1
8	33	50
  0.95475 -0.281702  0.095376  0.275304
 0.262524  0.948951  0.174852 -0.539763
-0.139764 -0.141902  0.979964  0.777087
        0        -0        -0         1
13	25	50
   0.999746  0.00784016  -0.0211277    0.823331
-0.00774163    0.999959  0.00474302   -0.126846
  0.0211639 -0.00457834    0.999766    0.177483
          0           0           0           1
11	25	50
  0.72448 -0.287366  0.626538 0.0284822
 0.340543  0.939496 0.0371295 -0.430312
-0.599299  0.186463  0.778507  0.610392
