0	 1	 50	
0.9009777190	-0.1359230830	0.4120243490	-0.3328772550
0.0954077686	0.9884836290	0.1174626430	-0.5348042470
-0.4232452090	-0.0665209001	0.9035698440	1.0526604500
0.0000000000	0.0000000000	0.0000000000	1.0000000000
0	 2	 50	
0.7910246700	-0.2330440310	0.5656593070	-0.4441029780
0.1545855690	0.9707401530	0.1837576060	-0.7849783470
-0.5919318150	-0.0579140344	0.8039046530	1.5371327600
0.0000000000	0.0000000000	0.0000000000	1.0000000000
0	 3	 50	
0.9947403060	0.0517320532	0.0884054169	-0.6396460180
-0.0879058344	0.8741821620	0.4775752430	-0.3557697690
-0.0525764906	-0.4828346950	0.8741317800	1.6793463700
0.0000000000	0.0000000000	0.0000000000	1.0000000000
0	 48	 50	
0.8808545810	-0.3837741150	-0.2771509280	1.8975462300
0.2882503960	0.8992403170	-0.3290570790	0.0015802487
0.3755088770	0.2099625710	0.9027229930	0.2142114770
0.0000000000	0.0000000000	0.0000000000	1.0000000000
0	 49	 50	
0.9990939880	0.0136845522	0.0402980898	0.2063339710
-0.0162498256	0.9978154120	0.0640339516	-0.4350854450
-0.0393337791	-0.0646307730	0.9971337510	1.2937597500
0.0000000000	0.0000000000	0.0000000000	1.0000000000
1	 2	 50	
0.9712118680	-0.0910593477	0.2201265620	-0.3723333090
0.0677263548	0.9914732470	0.1113280810	-0.3339616060
-0.2283870590	-0.0932147837	0.9690977020	0.5259732240
0.0000000000	0.0000000000	0.0000000000	1.0000000000
1	 3	 50	
0.9425499590	0.2171243930	-0.2538829900	-0.3479065710
-0.1172882120	0.9266825650	0.3570754810	0.0141157873
0.3127987370	-0.3067839980	0.8989107450	0.5013233800
0.0000000000	0.0000000000	0.0000000000	1.0000000000
1	 22	 50	
-0.9705936300	-0.1283904520	0.2036268580	1.8205737900
0.2388166780	-0.6198364090	0.7475088100	0.6051883890
0.0302423462	0.7741567790	0.6322710510	-0.4123566810
0.0000000000	0.0000000000	0.0000000000	1.0000000000
1	 26	 50	
0.3347641750	-0.3280416350	0.8833581570	-1.1192931200
-0.9131479790	0.1184471620	0.3900397910	1.0966891400
-0.2325805570	-0.9372080640	-0.2598986890	5.0967998800
0.0000000000	0.0000000000	0.0000000000	1.0000000000
1	 36	 50	
-0.0534868908	-0.9059737380	-0.4199413520	3.4164441500
0.9814304230	0.0298851890	-0.1894761210	0.3247089930
0.1842104160	-0.4222777070	0.8875517230	1.4976640000
0.0000000000	0.0000000000	0.0000000000	1.0000000000
1	 49	 50	
0.9076304950	0.0854412892	-0.4109825680	0.5209874040
-0.1196129470	0.9911185860	-0.0581092975	0.0273434197
0.4023675290	0.1019006070	0.9097893370	0.3723193010
0.0000000000	0.0000000000	0.0000000000	1.0000000000
2	 3	 50	
0.9472500210	0.1659826080	-0.2741663200	0.1171779560
-0.0969377280	0.9637574330	0.2485451420	0.1680040330
0.3054839990	-0.2088573310	0.9290092260	0.2868047450
0.0000000000	0.0000000000	0.0000000000	1.0000000000
2	 12	 50	
-0.7588067550	-0.5568856380	0.3377731410	2.7140682300
0.6506808120	-0.6252646500	0.4308811870	1.0509946200
-0.0287539402	0.5467380570	0.8368098400	-0.2329721800
0.0000000000	0.0000000000	0.0000000000	1.0000000000
2	 16	 50	
-0.7978955680	0.0965927990	-0.5950062980	2.3259317400
-0.4728259150	-0.7125434990	0.5183796070	2.4492252300
-0.3738961320	0.6949471870	0.6142068780	-0.1016214760
0.0000000000	0.0000000000	0.0000000000	1.0000000000
2	 22	 50	
-0.9314904350	-0.3308407910	0.1512281110	2.1677821800
0.3480386610	-0.6896336150	0.6350390280	0.6951991100
-0.1058048250	0.6441660090	0.7575325020	-0.4833973180
0.0000000000	0.0000000000	0.0000000000	1.0000000000
2	 25	 50	
0.9419964790	0.3182383220	-0.1066161560	-1.9010119400
0.1442594480	-0.0970972784	0.9847646060	-1.0035039600
0.3030376970	-0.9430251790	-0.1373741790	3.8496045200
0.0000000000	0.0000000000	0.0000000000	1.0000000000
2	 35	 50	
0.9595803430	-0.0562143907	0.2757635010	-0.3450962090
0.0725136637	0.9961500910	-0.0492621968	-0.1875284660
-0.2719325920	0.0672676574	0.9599623570	1.0515576800
0.0000000000	0.0000000000	0.0000000000	1.0000000000
2	 37	 50	
0.8842297440	0.4669256810	-0.0108705361	-1.1610459400
-0.4644919480	0.8815780940	0.0840671969	-0.2363703700
0.0488363597	-0.0692854395	0.9964007920	0.3859593950
0.0000000000	0.0000000000	0.0000000000	1.0000000000
2	 41	 50	
-0.7177824570	-0.5831568750	0.3804160940	2.0049610700
0.6918698360	-0.6586896430	0.2957094580	0.4445119110
0.0781311373	0.4754534820	0.8762645220	-0.4193800210
0.0000000000	0.0000000000	0.0000000000	1.0000000000
2	 48	 50	
0.5442247500	0.1206447730	-0.8302194050	1.7095892300
-0.2905168260	0.9554779940	-0.0515924110	0.4468544050
0.7870320170	0.2692705730	0.5550441090	0.1638575250
0.0000000000	0.0000000000	0.0000000000	1.0000000000
2	 49	 50	
0.7778981330	0.1398408260	-0.6126328740	0.9021424770
-0.2249382770	0.9722898050	-0.0636812970	0.2252187970
0.5867514520	0.1873421450	0.7877979780	0.1420848060
0.0000000000	0.0000000000	0.0000000000	1.0000000000
3	 4	 50	
0.7088219370	0.3271593250	-0.6249305860	0.1535961350
-0.3814088030	0.9230203640	0.0506036894	0.7217660000
0.5933791260	0.2024850210	0.7790385290	-0.5624980700
0.0000000000	0.0000000000	0.0000000000	1.0000000000
3	 15	 50	
0.8847049580	-0.2676123950	0.3816814690	0.2258948300
0.2812161300	0.9594178880	0.0208519804	-0.7604458450
-0.3717722770	0.0888871350	0.9240586840	0.6713339650
0.0000000000	0.0000000000	0.0000000000	1.0000000000
3	 16	 50	
-0.1435654240	0.4749883720	-0.8682021740	1.6080810500
-0.5232279260	0.7082181360	0.4739827100	0.0026425988
0.8400128020	0.5223151510	0.1468515440	-0.3979957090
0.0000000000	0.0000000000	0.0000000000	1.0000000000
3	 25	 50	
-0.3794498270	-0.7102751860	0.5928971150	1.7959365200
-0.8414156000	0.5314073570	0.0981122255	1.7701536900
-0.3847565680	-0.4616442150	-0.7992790510	6.1429905300
0.0000000000	0.0000000000	0.0000000000	1.0000000000
3	 28	 50	
-0.9348642800	0.3170500050	0.1597124680	2.7000486100
0.3520185800	0.8861242670	0.3014410430	-1.5067805900
-0.0459532098	0.3380282200	-0.9400134180	2.5322254500
0.0000000000	0.0000000000	0.0000000000	1.0000000000
3	 35	 50	
0.3047433280	-0.8989473200	0.3146827290	1.8466574400
0.9407769580	0.3356443610	0.0477658793	-0.5822841610
-0.1485604920	0.2814899270	0.9479943040	0.4067262800
0.0000000000	0.0000000000	0.0000000000	1.0000000000
3	 36	 50	
0.5983559400	0.7997825700	0.0481457151	-0.1348315910
0.7104376960	-0.5573776670	0.4296608150	0.3976296390
0.3704705770	-0.2228855700	-0.9017059240	3.2060105300
0.0000000000	0.0000000000	0.0000000000	1.0000000000
3	 37	 50	
-0.2668749900	-0.9564151480	-0.1185234320	3.2680071500
0.7055349240	-0.1101144810	-0.7000680480	2.1091148500
0.6565045400	-0.2704530740	0.7041710900	1.0642764200
0.0000000000	0.0000000000	0.0000000000	1.0000000000
3	 38	 50	
-0.2653749510	0.8741962150	0.4066412580	-0.3116744050
0.9477642090	0.3139450030	-0.0564051299	-1.4323174300
-0.1769721420	0.3704315210	-0.9118450250	3.6659301600
0.0000000000	0.0000000000	0.0000000000	1.0000000000
3	 43	 50	
-0.2554642140	-0.9363935200	-0.2406350150	2.6395521200
0.8546619490	-0.3350794970	0.3965787230	0.0785183591
-0.4519856060	-0.1043499190	0.8859007320	1.1991097700
0.0000000000	0.0000000000	0.0000000000	1.0000000000
3	 48	 50	
0.9163096010	0.0923217327	-0.3896837330	1.2872072500
-0.2386717740	0.9072656080	-0.3462728700	0.5800945280
0.3215781380	0.4102996640	0.8533707790	-0.4994460120
0.0000000000	0.0000000000	0.0000000000	1.0000000000
3	 49	 50	
0.9973625560	0.0292418007	-0.0664292822	0.6871690340
-0.0521955348	0.9249436630	-0.3765034480	0.1676665260
0.0504337048	0.3789777530	0.9240304670	-0.2410757060
0.0000000000	0.0000000000	0.0000000000	1.0000000000
4	 5	 50	
0.7369682320	0.1173777710	-0.6656577830	0.4160646520
-0.3302155600	0.9218081960	-0.2030451530	0.7112937740
0.5897758120	0.3694483850	0.7181033230	-0.5952060180
0.0000000000	0.0000000000	0.0000000000	1.0000000000
4	 6	 50	
0.2377222700	-0.0593690525	-0.9695171160	1.5770049000
-0.4732935200	0.8645434240	-0.1689908630	0.9753791220
0.8482224740	0.4990390600	0.1774222370	-0.7512367540
0.0000000000	0.0000000000	0.0000000000	1.0000000000
4	 7	 50	
0.1041049300	0.1294972330	-0.9860997060	1.4789789000
-0.4670293030	0.8817386960	0.0664868548	0.3134143660
0.8780921330	0.4536158490	0.1522723480	-1.2732328000
0.0000000000	0.0000000000	0.0000000000	1.0000000000
4	 8	 50	
0.5292892540	0.2708226570	-0.8040571950	0.5499325360
-0.3673067890	0.9274176600	0.0705847523	0.4989482800
0.7648127930	0.2579759160	0.5903472020	-1.3948628000
0.0000000000	0.0000000000	0.0000000000	1.0000000000
4	 10	 50	
0.9264288160	0.2700623230	-0.2622898990	-1.1528053800
-0.2645582700	0.9626965220	0.0567831752	0.6325482520
0.2678405690	0.0167853922	0.9633170190	-1.3187320200
0.0000000000	0.0000000000	0.0000000000	1.0000000000
4	 12	 50	
-0.1684477900	-0.8067243180	0.5664108200	2.0954455400
0.8957710490	-0.3650868640	-0.2535859000	0.6732911890
0.4113630620	0.4646584310	0.7841383640	-0.9097841520
0.0000000000	0.0000000000	0.0000000000	1.0000000000
4	 15	 50	
0.9407004860	0.1370307400	-0.3103307460	0.7838895010
-0.1371207740	0.9903180100	0.0216363720	-0.6494241310
0.3102909750	0.0221994463	0.9503823940	0.0945213408
0.0000000000	0.0000000000	0.0000000000	1.0000000000
4	 16	 50	
0.4537882700	0.4176983560	-0.7871494710	0.6933881220
-0.4193450850	0.8795127590	0.2249600100	-0.1793987350
0.7862734290	0.2280030480	0.5742723260	-0.7257417380
0.0000000000	0.0000000000	0.0000000000	1.0000000000
4	 17	 50	
-0.0357257951	0.3999326030	-0.9158480120	1.8125636000
-0.4553016970	0.8092844630	0.3711590270	0.3665951160
0.8896201620	0.4302471050	0.1531776620	-1.1161891500
0.0000000000	0.0000000000	0.0000000000	1.0000000000
4	 18	 50	
0.4398751330	0.4559150470	-0.7737256220	0.6536540180
-0.4770888850	0.8485562120	0.2287762010	0.6691979800
0.7608521950	0.2685029320	0.5907707780	-1.3679936100
0.0000000000	0.0000000000	0.0000000000	1.0000000000
4	 20	 50	
-0.9641434160	-0.1435866510	0.2231823190	1.6959621100
0.1422506160	0.4303436890	0.8913860400	-0.9866716100
-0.2240362390	0.8911718030	-0.3944877450	1.3076678000
0.0000000000	0.0000000000	0.0000000000	1.0000000000
4	 21	 50	
-0.9832677640	-0.1183390590	0.1384932160	2.0895897100
0.0550913513	0.5314838850	0.8452749990	-0.9683976680
-0.1736359600	0.8387614370	-0.5160715120	1.5224993500
0.0000000000	0.0000000000	0.0000000000	1.0000000000
4	 23	 50	
0.8057211990	-0.1127361650	0.5814670300	-1.1199038400
0.2088889700	0.9727246590	-0.1008570050	-0.4588892230
-0.5542370860	0.2027246750	0.8072942200	0.5725575660
0.0000000000	0.0000000000	0.0000000000	1.0000000000
4	 25	 50	
-0.9843265370	0.0930171340	-0.1498301750	3.5747589600
-0.0706206568	0.5705979330	0.8181874610	-1.1505223100
0.1615982410	0.8159447360	-0.5550857560	1.1450422800
0.0000000000	0.0000000000	0.0000000000	1.0000000000
4	 26	 50	
0.5356701500	0.3190702070	-0.7818258710	1.8534600100
-0.4082126340	0.9083386180	0.0910131912	0.2838480310
0.7392022290	0.2703981480	0.6168183730	-1.0311605700
0.0000000000	0.0000000000	0.0000000000	1.0000000000
4	 27	 50	
0.1699700350	0.3032161060	-0.9376407520	1.4146889400
-0.4919322360	0.8505592070	0.1858809050	0.6885699180
0.8538810590	0.4296615280	0.2937313550	-1.3617664100
0.0000000000	0.0000000000	0.0000000000	1.0000000000
4	 28	 50	
0.5326470050	-0.0559763613	-0.8444843480	1.0556789300
-0.3743305240	0.8793244110	-0.2943896050	0.1626768210
0.7590545610	0.4729220110	0.4474158530	-0.7392240000
0.0000000000	0.0000000000	0.0000000000	1.0000000000
4	 29	 50	
0.9321442010	0.1648048660	-0.3224074190	0.2033080830
-0.1692680720	0.9854655410	0.0143522273	-0.2185221320
0.3200867190	0.0411949370	0.9464921920	0.2521922510
0.0000000000	0.0000000000	0.0000000000	1.0000000000
4	 31	 50	
0.7539716630	0.1257508470	-0.6447584470	0.7204102540
-0.2573885850	0.9595795010	-0.1138345140	0.0321044171
0.6043822030	0.2517814620	0.7558625860	-0.5576940800
0.0000000000	0.0000000000	0.0000000000	1.0000000000
4	 37	 50	
-0.9581973450	0.2309318860	0.1689032610	1.5209848700
-0.1111306440	-0.8444031880	0.5240546110	2.2809434000
0.2636433720	0.4833774090	0.8347685030	-0.5871258860
0.0000000000	0.0000000000	0.0000000000	1.0000000000
4	 42	 50	
-0.9909708290	0.0762289167	-0.1102994490	2.4867043800
-0.0667532966	0.4329424590	0.8989465080	-0.4764729640
0.1162790330	0.8981926180	-0.4239448160	0.8349907120
0.0000000000	0.0000000000	0.0000000000	1.0000000000
4	 45	 50	
0.5647910050	0.0710488727	-0.8221697990	1.5752246500
-0.4139813920	0.8862500000	-0.2077988070	0.8077970330
0.7138841130	0.4577258950	0.5299589400	-1.6050611400
0.0000000000	0.0000000000	0.0000000000	1.0000000000
5	 6	 50	
0.8318515100	-0.0400371817	-0.5535522460	0.7041503000
-0.0818786858	0.9776275820	-0.1937529160	0.2933258190
0.5489252640	0.2064977860	0.8099627890	-0.9203468000
0.0000000000	0.0000000000	0.0000000000	1.0000000000
5	 15	 50	
0.9326601730	-0.1383145720	0.3331877570	0.9752126490
-0.0297138222	0.8909909690	0.4530476590	-1.0000198600
-0.3595303760	-0.4324397900	0.8268819370	0.9453368150
0.0000000000	0.0000000000	0.0000000000	1.0000000000
5	 16	 50	
0.9380384950	0.1645326160	-0.3049799980	0.3955613320
-0.0500999288	0.9352388000	0.3504545380	-0.8447528350
0.3428903300	-0.3134603720	0.8855330700	-0.0469927691
0.0000000000	0.0000000000	0.0000000000	1.0000000000
5	 17	 50	
0.6424285120	0.3529187720	-0.6802455050	0.6911402640
-0.1485614380	0.9281626130	0.3412384270	-0.2418738410
0.7518078920	-0.1181630440	0.6487082470	-1.2412802900
0.0000000000	0.0000000000	0.0000000000	1.0000000000
5	 18	 50	
0.9241562180	0.2218915270	-0.3109653280	-0.2420753120
-0.0869847650	0.9148583440	0.3942941300	-0.4364915360
0.3719797510	-0.3373401260	0.8647732100	-0.5766334070
0.0000000000	0.0000000000	0.0000000000	1.0000000000
5	 25	 50	
-0.6429833000	0.3478117700	-0.6823484800	3.5264215500
0.1105931960	-0.8394313030	-0.5320941950	4.5540896800
-0.7578532980	-0.4175907800	0.5012746940	2.8826741700
0.0000000000	0.0000000000	0.0000000000	1.0000000000
5	 27	 50	
0.7857246490	0.2122048330	-0.5810386260	0.2861951740
-0.1540981400	0.9768508200	0.1483787030	-0.0782287793
0.5990747350	-0.0270478333	0.8002361380	-1.2929029600
0.0000000000	0.0000000000	0.0000000000	1.0000000000
5	 28	 50	
0.8994287080	-0.0780792821	-0.4300367710	0.9668521950
-0.0117735935	0.9792285420	-0.2024175030	-0.4829397400
0.4369088930	0.1871231920	0.8798269890	-0.5949438570
0.0000000000	0.0000000000	0.0000000000	1.0000000000
5	 29	 50	
0.9298573950	-0.0959697436	0.3551830980	0.4710536900
-0.0094651308	0.9588216720	0.2838510400	-0.4051571890
-0.3677983630	-0.2673028430	0.8906590560	0.9386958440
0.0000000000	0.0000000000	0.0000000000	1.0000000000
5	 31	 50	
0.9991398980	-0.0099555799	0.0402535883	0.3184956800
0.0042649443	0.9902753820	0.1390556690	-0.5309154400
-0.0412465173	-0.1387643870	0.9894661030	0.0707477226
0.0000000000	0.0000000000	0.0000000000	1.0000000000
5	 32	 50	
0.7904795460	0.3365385170	-0.5117459460	0.0900111112
-0.2160763270	0.9350268910	0.2811329480	-0.1238495510
0.5731082860	-0.1116536610	0.8118376390	-1.2511983000
0.0000000000	0.0000000000	0.0000000000	1.0000000000
5	 33	 50	
0.1859665320	0.5312034540	-0.8265829290	2.0110970200
0.1882902110	-0.8449331970	-0.5006342870	4.1444909000
-0.9643460200	-0.0625362514	-0.2571497070	2.8407081800
0.0000000000	0.0000000000	0.0000000000	1.0000000000
5	 35	 50	
0.7456491950	0.3811638220	0.5465541320	-1.2106577100
0.5419135920	0.1303974450	-0.8302566860	2.4792946800
-0.3877330740	0.9152653420	-0.1093271060	0.3134338950
0.0000000000	0.0000000000	0.0000000000	1.0000000000
5	 36	 50	
0.9270575620	-0.3724374040	-0.0430657300	0.2523850950
0.0759810430	0.2991169630	-0.9511865870	2.7036641400
0.3671391540	0.8785325390	0.3055968250	-0.2082083210
0.0000000000	0.0000000000	0.0000000000	1.0000000000
5	 37	 50	
-0.6322953170	-0.6778315100	-0.3751627340	4.1329903800
-0.1602372880	0.5882016140	-0.7926808140	2.3814281400
0.7579753590	-0.4410933070	-0.4805310090	2.7068387200
0.0000000000	0.0000000000	0.0000000000	1.0000000000
5	 41	 50	
-0.9935093820	0.0489085371	-0.1026988930	3.0757958400
0.0408114163	-0.6894741120	-0.7231596490	4.3538591500
-0.1061769080	-0.7226571830	0.6830029720	1.4312482100
0.0000000000	0.0000000000	0.0000000000	1.0000000000
5	 43	 50	
0.5726488400	-0.3893637980	0.7214354720	-0.3977961420
0.8070484210	0.1131341190	-0.5795459580	2.2382681700
0.1440352490	0.9141096780	0.3790215600	-0.4078241650
0.0000000000	0.0000000000	0.0000000000	1.0000000000
5	 44	 50	
-0.4551707290	0.5978288800	-0.6598638020	2.3333981700
0.8870683030	0.2403731130	-0.3941200230	0.8145671090
-0.0770028157	-0.7647361610	-0.6397258550	3.6379139300
0.0000000000	0.0000000000	0.0000000000	1.0000000000
5	 46	 50	
0.2700507320	-0.0571800175	0.9611467360	-1.0168485300
0.1438406740	0.9894288910	0.0184480488	-0.4365552550
-0.9520412080	0.1332700850	0.2754208090	2.8173460100
0.0000000000	0.0000000000	0.0000000000	1.0000000000
6	 7	 50	
0.9800139410	0.0300396460	-0.1966476430	-0.1538089340
0.0165186734	0.9728299440	0.2309307990	-0.8302627730
0.1982417950	-0.2295637600	0.9528906920	0.0941423980
0.0000000000	0.0000000000	0.0000000000	1.0000000000
6	 8	 50	
0.9682159950	-0.1032363390	0.2278158160	-0.6352253850
-0.0052897413	0.9021865800	0.4313135670	-0.6191999610
-0.2500596050	-0.4188097810	0.8729653840	0.9001054140
0.0000000000	0.0000000000	0.0000000000	1.0000000000
6	 9	 50	
0.8517405360	-0.2896949930	0.4365946300	-0.8161776990
0.0199758289	0.8506012120	0.5254317690	-0.7413386490
-0.5235828740	-0.4388101970	0.7302784300	1.7003301000
0.0000000000	0.0000000000	0.0000000000	1.0000000000
6	 10	 50	
0.5533727780	-0.4597688330	0.6945438710	-0.7594726770
-0.0172944285	0.8273305140	0.5614491280	-0.7580569500
-0.8327541480	-0.3227024030	0.4498707450	2.4861401400
0.0000000000	0.0000000000	0.0000000000	1.0000000000
6	 11	 50	
-0.0706207425	-0.5658635380	0.8214689080	0.1864622900
-0.0565678700	0.8244716540	0.5630688840	-0.6863024490
-0.9958979800	-0.0067044037	-0.0902344954	2.8813984500
0.0000000000	0.0000000000	0.0000000000	1.0000000000
6	 12	 50	
0.5153429070	0.3842786770	-0.7659971190	1.3586061100
0.0759950593	0.8698156600	0.4874889430	-0.8264613440
0.8536078950	-0.3094359660	0.4190500500	-0.0729149214
0.0000000000	0.0000000000	0.0000000000	1.0000000000
6	 13	 50	
0.7273044880	0.3530617390	-0.5885368210	0.8376955710
-0.0316371543	0.8738672850	0.4851340630	-0.8233582750
0.6855853500	-0.3342205510	0.6467374670	-0.5180871130
0.0000000000	0.0000000000	0.0000000000	1.0000000000
6	 14	 50	
-0.3226267700	-0.4933145430	0.8078073590	0.8704882190
-0.0474455171	0.8607999250	0.5067271580	-0.7643153370
-0.9453363900	0.1251569080	-0.3011226630	4.0281852300
0.0000000000	0.0000000000	0.0000000000	1.0000000000
6	 16	 50	
0.9791974320	-0.1258618290	0.1591577520	0.4226164910
0.0180383533	0.8352664450	0.5495494370	-0.9316148320
-0.2021064270	-0.5352464530	0.8201610980	1.0924641300
0.0000000000	0.0000000000	0.0000000000	1.0000000000
6	 17	 50	
0.9540438780	0.1420928560	-0.2638368780	-0.0428025993
0.0158011223	0.8553554680	0.5178004900	-0.7049206660
0.2992500670	-0.4981733070	0.8138014220	-0.1168947480
0.0000000000	0.0000000000	0.0000000000	1.0000000000
6	 18	 50	
0.9779310760	-0.0981770649	0.1844236290	-0.5146115310
-0.0041640440	0.8733806000	0.4870205220	-0.6056193970
-0.2088862650	-0.4770404510	0.8536972160	0.6902795740
0.0000000000	0.0000000000	0.0000000000	1.0000000000
6	 19	 50	
0.5905578360	-0.3835012380	0.7100480570	-0.5977432440
-0.0592272211	0.8568963070	0.5120750490	-0.5019695460
-0.8048189720	-0.3444641060	0.4833331160	1.9386894100
0.0000000000	0.0000000000	0.0000000000	1.0000000000
6	 21	 50	
-0.3836058900	0.4420444440	-0.8108287310	2.9185967100
0.0538938884	0.8872176280	0.4581924590	-0.6024882640
0.9219229740	0.1320666130	-0.3641654020	0.2606288130
0.0000000000	0.0000000000	0.0000000000	1.0000000000
6	 22	 50	
-0.1475341790	0.3800474240	-0.9131251950	2.6510111100
-0.0159059714	0.9221970330	0.3863931070	-0.5166548520
0.9889290500	0.0715303332	-0.1300105590	-0.2487434230
0.0000000000	0.0000000000	0.0000000000	1.0000000000
6	 23	 50	
0.4697644070	0.2755880710	-0.8386731290	1.2386620400
0.0562678613	0.9387446640	0.3399887990	-0.7718935520
0.8809967820	-0.2069049800	0.4254820790	-0.6931750140
0.0000000000	0.0000000000	0.0000000000	1.0000000000
6	 24	 50	
0.7299316860	0.1623402460	-0.6639618800	0.7151606940
0.1624097710	0.9023741690	0.3991790640	-1.0486944500
0.6639448780	-0.3992073440	0.6323058560	-0.2869973800
0.0000000000	0.0000000000	0.0000000000	1.0000000000
6	 27	 50	
0.9747966160	-0.2191321660	-0.0418646748	-0.0231269397
0.2225009190	0.9686182930	0.1107788060	-0.7534235450
0.0162756900	-0.1173017340	0.9929629420	-0.2340247310
0.0000000000	0.0000000000	0.0000000000	1.0000000000
6	 28	 50	
0.9568130580	-0.0953013807	0.2746387070	0.4453501720
0.1396284150	0.9792869270	-0.1466322600	-0.6182805100
-0.2549758390	0.1786470280	0.9503013000	0.1342946160
0.0000000000	0.0000000000	0.0000000000	1.0000000000
6	 31	 50	
0.8527334470	-0.1740653290	0.4924905370	0.3861280580
0.0093051364	0.9477554440	0.3188620900	-0.6316866340
-0.5222634220	-0.2673216770	0.8098024690	0.9295489490
0.0000000000	0.0000000000	0.0000000000	1.0000000000
6	 32	 50	
0.9945462350	-0.0298065934	0.0999467535	-0.5719920660
-0.0080792081	0.9333963560	0.3587561420	-0.6344984600
-0.1039832340	-0.3576070610	0.9280650180	0.3364894360
0.0000000000	0.0000000000	0.0000000000	1.0000000000
6	 33	 50	
-0.9365929690	-0.2165811830	0.2754745040	2.3501486700
-0.0572230804	0.8701054180	0.4895325120	-0.3603455510
-0.3457153890	0.4427292090	-0.8273280590	2.6601840100
0.0000000000	0.0000000000	0.0000000000	1.0000000000
6	 47	 50	
0.5696916220	0.0601722424	-0.8196528270	2.1897007200
0.0791674792	0.9886605740	0.1276039930	-0.3556692770
0.8180366530	-0.1375847740	0.5584679620	-0.2976932500
0.0000000000	0.0000000000	0.0000000000	1.0000000000
7	 8	 50	
0.9027861780	-0.1708214120	0.3947114910	-0.2938607650
0.0830857694	0.9697232030	0.2296381150	0.0006466121
-0.4219879990	-0.1745192090	0.8896455330	0.8900948400
0.0000000000	0.0000000000	0.0000000000	1.0000000000
7	 9	 50	
0.7229655050	-0.3307021870	0.6065945450	-0.3729353990
0.1380640790	0.9294428050	0.3421613400	-0.2469772170
-0.6769484390	-0.1636219290	0.7176131790	1.6961055500
0.0000000000	0.0000000000	0.0000000000	1.0000000000
7	 10	 50	
0.4142406150	-0.4734997910	0.7773047410	-0.2089304640
0.1647961770	0.8789275220	0.4475808650	-0.4376185270
-0.8951239760	-0.0573093231	0.4421184330	2.3992917300
0.0000000000	0.0000000000	0.0000000000	1.0000000000
7	 11	 50	
-0.2557127000	-0.5193781920	0.8153878270	0.8220281940
0.1707924580	0.8058928170	0.5668921450	-0.4688003330
-0.9515466100	0.2842236120	-0.1173711510	2.6423413800
0.0000000000	0.0000000000	0.0000000000	1.0000000000
7	 12	 50	
-0.7253140210	-0.3678342210	0.5819085460	1.7100811100
0.0954256022	0.7834030730	0.6141445920	-0.5114703460
-0.6817723410	0.5009766570	-0.5331124310	2.7274752800
0.0000000000	0.0000000000	0.0000000000	1.0000000000
7	 13	 50	
0.9123859270	0.1676039910	-0.3734445370	0.7779249410
-0.0123403863	0.9231768440	0.3841773410	-0.1243308300
0.4091450050	-0.3459095490	0.8443618590	-0.5656734080
0.0000000000	0.0000000000	0.0000000000	1.0000000000
7	 14	 50	
0.4161453160	0.4635543670	-0.7822662110	1.3087206600
-0.1564305610	0.8839673190	0.4406032890	0.0958507638
0.8957413440	-0.0609846521	0.4403729290	-1.3678859000
0.0000000000	0.0000000000	0.0000000000	1.0000000000
7	 16	 50	
0.9102092690	-0.2049246690	0.3598957720	0.6969021590
0.0853312914	0.9431522140	0.3212202850	-0.2930796530
-0.4052624550	-0.2616673100	0.8759523740	0.7617739940
0.0000000000	0.0000000000	0.0000000000	1.0000000000
7	 17	 50	
0.9947357470	0.0274132752	-0.0987385731	0.1168706340
-0.0023454249	0.9693916920	0.2455081370	0.2417326020
0.1024465350	-0.2439841370	0.9643528650	-0.3081749920
0.0000000000	0.0000000000	0.0000000000	1.0000000000
7	 18	 50	
0.9169761280	-0.1729495650	0.3595041420	-0.2330158330
0.0741754285	0.9593429030	0.2723218700	0.0822163502
-0.3919856960	-0.2230462810	0.8925231480	0.6639348670
0.0000000000	0.0000000000	0.0000000000	1.0000000000
7	 19	 50	
0.7296845070	-0.3407298590	0.5928437260	-0.3139497770
0.1322369180	0.9209540740	0.3665473920	-0.0742822883
-0.6708754860	-0.1890681260	0.7170629860	1.4240678400
0.0000000000	0.0000000000	0.0000000000	1.0000000000
7	 20	 50	
0.5119021200	-0.5129873390	0.6890574790	-0.2374721700
0.2202642680	0.8536861520	0.4719148290	-0.2849478770
-0.8303251600	-0.0897994606	0.5499965320	1.9476147400
0.0000000000	0.0000000000	0.0000000000	1.0000000000
7	 21	 50	
-0.0819305383	-0.4879941540	0.8689931490	0.4561399350
0.3587211630	0.7990479450	0.4825365360	-0.5514273040
-0.9298421980	0.3512607110	0.1095874020	2.4402361400
0.0000000000	0.0000000000	0.0000000000	1.0000000000
7	 22	 50	
0.1506038690	0.4027760870	-0.9028232930	2.5475659300
-0.1673609270	0.9104454600	0.3782583580	0.3075231150
0.9743247890	0.0941301707	0.2045255880	-0.8817978510
0.0000000000	0.0000000000	0.0000000000	1.0000000000
7	 23	 50	
0.5959718240	0.2823272250	-0.7517372700	1.2785271300
-0.1450964750	0.9586069860	0.2449891020	0.2384680620
0.7897876920	-0.0369321737	0.6122674390	-0.9853926000
0.0000000000	0.0000000000	0.0000000000	1.0000000000
7	 24	 50	
0.9437183330	0.1218388050	-0.3074914850	0.2765432170
-0.0536779724	0.9737727590	0.2211001800	0.0018360633
0.3263654140	-0.1921507740	0.9255072650	-0.5463204010
0.0000000000	0.0000000000	0.0000000000	1.0000000000
7	 28	 50	
0.9049384670	-0.0371885720	0.4239143560	0.6146143940
0.1618953310	0.9513523670	-0.2621422820	0.1312257340
-0.3935432290	0.3058523900	0.8669360080	0.1125824000
0.0000000000	0.0000000000	0.0000000000	1.0000000000
7	 31	 50	
0.7232598460	-0.2682668770	0.6363395930	0.8113618450
0.1559244300	0.9611049340	0.2279580620	-0.0733712351
-0.6727427200	-0.0656520248	0.7369579660	0.9047716420
0.0000000000	0.0000000000	0.0000000000	1.0000000000
7	 32	 50	
0.9943416810	-0.0504923488	0.0934619932	-0.1139961300
0.0318300114	0.9810067180	0.1913443720	0.0984196377
-0.1013482700	-0.1872867890	0.9770630410	-0.0366682306
0.0000000000	0.0000000000	0.0000000000	1.0000000000
8	 9	 50	
0.9523212580	-0.1451914350	0.2683349930	-0.4432440020
0.1232427220	0.9876247250	0.0969981094	-0.3494497360
-0.2790975690	-0.0593030266	0.9584298090	0.6100076220
0.0000000000	0.0000000000	0.0000000000	1.0000000000
8	 10	 50	
0.7606688740	-0.3395916240	0.5532272540	-0.5803750700
0.2551033390	0.9400620080	0.2262867800	-0.7220380920
-0.5969130180	-0.0309991903	0.8017068660	1.2737910000
0.0000000000	0.0000000000	0.0000000000	1.0000000000
8	 11	 50	
0.1875763450	-0.5198798870	0.8333906750	0.2319084470
0.3698884440	0.8233796400	0.4303818150	-0.9423360980
-0.9099437640	0.2275321330	0.3467441060	1.8843209400
0.0000000000	0.0000000000	0.0000000000	1.0000000000
8	 12	 50	
-0.2945533570	-0.4631813370	0.8358835850	0.8658317260
0.3743554740	0.7488562240	0.5468750640	-1.1377533600
-0.8792589490	0.4740014820	-0.0471836458	2.2364341000
0.0000000000	0.0000000000	0.0000000000	1.0000000000
8	 13	 50	
-0.5371234990	-0.3952943730	0.7451447550	1.1511230700
0.3324141030	0.7127047640	0.6176995900	-1.3449923800
-0.7752413890	0.5794775900	-0.2514090520	2.5566133500
0.0000000000	0.0000000000	0.0000000000	1.0000000000
8	 14	 50	
-0.0217132367	-0.4775820080	0.8783188260	0.4694909900
0.4365390220	0.7858240340	0.4380802090	-1.6086967100
-0.8994232690	0.3929325810	0.1914204000	2.9174708900
0.0000000000	0.0000000000	0.0000000000	1.0000000000
8	 16	 50	
0.9997385300	0.0166116280	-0.0157138861	0.8982237310
-0.0145791511	0.9924691420	0.1216242200	-0.4499775300
0.0176159234	-0.1213633240	0.9924518240	0.2526410030
0.0000000000	0.0000000000	0.0000000000	1.0000000000
8	 17	 50	
0.8558806470	0.2267261470	-0.4648263890	0.8536832610
-0.1982083870	0.9739562800	0.1101026810	0.3411996400
0.4776837380	-0.0021022644	0.8785293550	-0.8251285820
0.0000000000	0.0000000000	0.0000000000	1.0000000000
8	 18	 50	
0.9992141870	0.0061042494	-0.0391630699	0.1797117440
-0.0046573904	0.9993070050	0.0369299101	0.1044539610
0.0393613595	-0.0367184924	0.9985501670	-0.1728537050
0.0000000000	0.0000000000	0.0000000000	1.0000000000
8	 19	 50	
0.9567012680	-0.1512302270	0.2487008280	-0.2427268530
0.1210499640	0.9837568750	0.1325493020	-0.1697718450
-0.2647066110	-0.0967048594	0.9594678630	0.4462246880
0.0000000000	0.0000000000	0.0000000000	1.0000000000
8	 20	 50	
0.7966676350	-0.3295609120	0.5066658500	-0.5080265480
0.2395316450	0.9417816390	0.2359490120	-0.4187095910
-0.5549281660	-0.0666104365	0.8292272180	1.0292148100
0.0000000000	0.0000000000	0.0000000000	1.0000000000
8	 21	 50	
0.6221179640	-0.4283977110	0.6553202580	-0.5915387340
0.3561359830	0.9002528410	0.2504236090	-0.6955752310
-0.6972348250	0.0775900988	0.7126313040	1.4261684800
0.0000000000	0.0000000000	0.0000000000	1.0000000000
8	 23	 50	
0.1913272160	0.3495499340	-0.9171743240	2.2630179200
-0.3687811520	0.8915734870	0.2628634230	0.2506350990
0.9096122020	0.2879436770	0.2994897010	-0.9479856930
0.0000000000	0.0000000000	0.0000000000	1.0000000000
8	 25	 50	
0.5174965900	0.3918980950	-0.7606662620	1.9957444900
-0.3516383060	0.9078237390	0.2284875490	-0.1152574000
0.7800947260	0.1492378680	0.6076020720	-0.2820103550
0.0000000000	0.0000000000	0.0000000000	1.0000000000
8	 30	 50	
-0.8339401140	0.2937628250	-0.4671694440	2.8304913800
0.5339299250	0.6435090640	-0.5484659700	0.5763270190
0.1395088590	-0.7068235190	-0.6934967850	3.1553781000
0.0000000000	0.0000000000	0.0000000000	1.0000000000
8	 31	 50	
0.9460967390	-0.1396434040	0.2922339460	1.0006166600
0.1424712100	0.9897298520	0.0116950741	-0.3327882540
-0.2908658000	0.0305702526	0.9562753500	0.4877358840
0.0000000000	0.0000000000	0.0000000000	1.0000000000
8	 32	 50	
0.9894019770	0.0319797909	-0.1416369370	0.2315881360
-0.0461398223	0.9941313410	-0.0978467854	0.2301301990
0.1376765980	0.1033449060	0.9850710560	-0.5350342890
0.0000000000	0.0000000000	0.0000000000	1.0000000000
8	 47	 50	
0.8002034310	-0.0171900967	0.5994822510	-0.5196977480
0.1660574450	0.9668582850	-0.1939329300	0.6138734130
-0.5762806550	0.2547342870	0.7765378610	-0.5943622060
0.0000000000	0.0000000000	0.0000000000	1.0000000000
9	 10	 50	
0.9224076060	-0.1973108030	0.3320130340	-0.3624705060
0.1761183460	0.9799584690	0.0930791472	-0.3840631470
-0.3437245060	-0.0273833268	0.9386711980	0.5609901960
0.0000000000	0.0000000000	0.0000000000	1.0000000000
9	 11	 50	
0.4913798320	-0.4627384500	0.7378475370	0.2308421600
0.3917845450	0.8740656250	0.2872527710	-0.7719318300
-0.7778500700	0.1479270430	0.6107919930	1.3323001000
0.0000000000	0.0000000000	0.0000000000	1.0000000000
9	 12	 50	
0.0394906765	-0.4988441230	0.8657915610	0.7095653950
0.4639885040	0.7765428260	0.4262580300	-1.0717592200
-0.8849605390	0.3848841130	0.2621241400	1.8119654600
0.0000000000	0.0000000000	0.0000000000	1.0000000000
9	 13	 50	
-0.1969811340	-0.4425007800	0.8748665570	0.7394945300
0.4613704540	0.7455281970	0.4809625880	-1.3115244400
-0.8650640070	0.4983781370	0.0573017960	2.1848404700
0.0000000000	0.0000000000	0.0000000000	1.0000000000
9	 14	 50	
0.3688628740	-0.4944421010	0.7870623790	0.1094132990
0.4454877790	0.8372230050	0.3171723180	-1.4944631700
-0.8157700780	0.2336335780	0.5290883970	2.2775900000
0.0000000000	0.0000000000	0.0000000000	1.0000000000
9	 18	 50	
0.9126985940	0.2001681430	-0.3562499000	0.9056829610
-0.2121921870	0.9772127920	0.0054438161	0.4478496630
0.3492216380	0.0706248822	0.9343748570	-0.5620265110
0.0000000000	0.0000000000	0.0000000000	1.0000000000
9	 19	 50	
0.9990768160	0.0223099631	-0.0367121471	0.2632785650
-0.0218909183	0.9996909970	0.0117770343	0.2132326220
0.0369635481	-0.0109624993	0.9992564830	-0.1521675770
0.0000000000	0.0000000000	0.0000000000	1.0000000000
9	 20	 50	
0.9414299270	-0.1918644450	0.2773043950	-0.1780063210
0.1747554510	0.9809018160	0.0853941418	-0.0800442320
-0.2883924840	-0.0319321461	0.9569796830	0.3211337380
0.0000000000	0.0000000000	0.0000000000	1.0000000000
9	 21	 50	
0.7116528270	-0.3546854970	0.6064226680	-0.3655334490
0.3532194510	0.9268036080	0.1275581900	-0.4630981420
-0.6072777570	0.1234231350	0.7848442240	1.0250675800
0.0000000000	0.0000000000	0.0000000000	1.0000000000
9	 22	 50	
-0.6030673190	0.4093578550	-0.6846429390	3.7883911400
-0.3438129310	0.6410780060	0.6861571680	-0.1348826850
0.7197933570	0.6491880600	-0.2458706700	0.0058173421
0.0000000000	0.0000000000	0.0000000000	1.0000000000
9	 23	 50	
-0.4440852290	-0.2998930080	0.8443059240	1.4333543800
0.4089900350	0.7705712990	0.4888220790	-1.4961924600
-0.7971922360	0.5623913740	-0.2195460800	2.8622042400
0.0000000000	0.0000000000	0.0000000000	1.0000000000
9	 32	 50	
0.9887424680	-0.0438579927	0.1430552620	-0.2865996290
0.0652374986	0.9867779220	-0.1483691420	0.1615777980
-0.1346566010	0.1560314390	0.9785304230	-0.1448815490
0.0000000000	0.0000000000	0.0000000000	1.0000000000
10	 11	 50	
0.7708940140	-0.3380050540	0.5398842490	0.2120704340
0.3264038270	0.9374724670	0.1208549350	-0.5340052560
-0.5469761970	0.0830539387	0.8330180570	0.9001261730
0.0000000000	0.0000000000	0.0000000000	1.0000000000
10	 12	 50	
0.4049908360	-0.4529426990	0.7942451350	0.4344806940
0.4635872430	0.8504576610	0.2486134250	-0.9277840330
-0.7880794950	0.2675157540	0.5544060160	1.4913920200
0.0000000000	0.0000000000	0.0000000000	1.0000000000
10	 13	 50	
0.1768492360	-0.4714711930	0.8639671650	0.3828736170
0.5235655230	0.7883662860	0.3230444880	-1.2042190400
-0.8334287560	0.3952132500	0.3862680370	1.7786633700
0.0000000000	0.0000000000	0.0000000000	1.0000000000
10	 14	 50	
0.6937560680	-0.3875418240	0.6070534180	-0.3538897730
0.3921962050	0.9102335540	0.1328796970	-1.2195804200
-0.6040568300	0.1458979510	0.7834724840	1.6411881700
0.0000000000	0.0000000000	0.0000000000	1.0000000000
10	 15	 50	
0.9983093720	-0.0374203339	-0.0444760305	-1.1392386300
0.0384412973	0.9990114220	0.0223258764	-0.7378260730
0.0435966207	-0.0239978480	0.9987609510	0.5879208560
0.0000000000	0.0000000000	0.0000000000	1.0000000000
10	 16	 50	
-0.7916097620	-0.3232823800	0.5185002300	1.9928498500
0.2977069700	0.5369765860	0.7893204070	-0.9998375530
-0.5335958630	0.7791948720	-0.3288324900	1.3797640200
0.0000000000	0.0000000000	0.0000000000	1.0000000000
10	 17	 50	
-0.4442902890	-0.3664396310	0.8175133860	1.2882504000
0.4788167200	0.6741302620	0.5623903800	-1.4029973900
-0.7571926360	0.6413036620	-0.1240521060	2.6503961400
0.0000000000	0.0000000000	0.0000000000	1.0000000000
10	 19	 50	
0.9969941560	0.0603797538	0.0485483127	0.2482311720
-0.0544147766	0.9917591080	-0.1159866560	0.4570852660
-0.0551514771	0.1129962730	0.9920635850	-0.1050864590
0.0000000000	0.0000000000	0.0000000000	1.0000000000
10	 20	 50	
0.9986511130	0.0216905107	-0.0471749438	0.2631609750
-0.0202602751	0.9993267380	0.0305874457	0.2697490380
0.0478066400	-0.0295904094	0.9984182150	-0.1171273620
0.0000000000	0.0000000000	0.0000000000	1.0000000000
10	 21	 50	
0.9631847450	-0.1145031710	0.2432368630	-0.2353817090
0.1117092290	0.9934189180	0.0252962917	0.0222043768
-0.2445326070	0.0028068002	0.9696370070	0.3661982090
0.0000000000	0.0000000000	0.0000000000	1.0000000000
10	 23	 50	
0.5734269240	-0.3201799840	0.7540996890	-0.0509573365
0.4658071790	0.8846275730	0.0213946043	-0.9394920250
-0.6739475020	0.3389968060	0.6564114030	1.4908728900
0.0000000000	0.0000000000	0.0000000000	1.0000000000
10	 25	 50	
-0.7820947620	0.2568355670	-0.5677704430	3.2409725000
-0.3378347780	0.5908531180	0.7326392400	-0.2208602040
0.5236367510	0.7648059130	-0.3753351420	0.3119294090
0.0000000000	0.0000000000	0.0000000000	1.0000000000
10	 41	 50	
0.9900389530	0.0366436540	-0.1359415820	-0.6743487020
-0.0348950778	0.9992750160	0.0152241988	0.4405421870
0.1364008970	-0.0103288578	0.9905998740	-0.1552647110
0.0000000000	0.0000000000	0.0000000000	1.0000000000
11	 12	 50	
0.8848846310	-0.2351769150	0.4020833340	-0.2737786200
0.2543596870	0.9670918970	0.0058662256	-0.4027869400
-0.3902311350	0.0970828581	0.9155842830	0.5687655210
0.0000000000	0.0000000000	0.0000000000	1.0000000000
11	 13	 50	
0.7484141170	-0.3294689120	0.5756097170	-0.5771706620
0.3726978850	0.9268164750	0.0459075932	-0.6205433750
-0.5486096940	0.1801706330	0.8164349010	0.7710344270
0.0000000000	0.0000000000	0.0000000000	1.0000000000
11	 14	 50	
0.9922068160	-0.0867061982	0.0894855832	-1.0827959000
0.0880511094	0.9960531560	-0.0111853610	-0.4117974650
-0.0881625575	0.0189774963	0.9959253070	0.2625254070
0.0000000000	0.0000000000	0.0000000000	1.0000000000
11	 16	 50	
-0.1922277760	-0.4826919180	0.8544337280	0.8069814440
0.5313233580	0.6808272400	0.5041525160	-1.0695337300
-0.8250721010	0.5508927140	0.1255915850	1.3733268700
0.0000000000	0.0000000000	0.0000000000	1.0000000000
11	 17	 50	
0.3553402940	-0.4329802670	0.8284089350	-0.3922683920
0.5300107010	0.8233380580	0.2029854660	-0.9478917700
-0.7699493050	0.3669366850	0.5220493620	1.6930383400
0.0000000000	0.0000000000	0.0000000000	1.0000000000
11	 19	 50	
-0.4596535710	-0.3929087570	0.7964554620	1.0491304300
0.4680242740	0.6550010510	0.5932342730	-1.3290137300
-0.7547661050	0.6454427410	-0.1171827360	2.5510610000
0.0000000000	0.0000000000	0.0000000000	1.0000000000
11	 21	 50	
0.8718315090	0.2706974060	-0.4082067290	0.2266302250
-0.2828556670	0.9586418030	0.0316000838	0.7065318300
0.3998780950	0.0879136377	0.9123424260	-0.7549604790
0.0000000000	0.0000000000	0.0000000000	1.0000000000
11	 22	 50	
0.9919184890	0.0270929119	-0.1239503300	-0.3828138610
-0.0430967748	0.9907963600	-0.1283169580	0.3583769460
0.1193330560	0.1326218230	0.9839568460	-0.3966492800
0.0000000000	0.0000000000	0.0000000000	1.0000000000
11	 23	 50	
0.9241270100	-0.1398109120	0.3555870900	-0.8424168930
0.2078476960	0.9648526200	-0.1608065840	-0.3486596690
-0.3206066200	0.2225136650	0.9207057420	0.6158817280
0.0000000000	0.0000000000	0.0000000000	1.0000000000
11	 24	 50	
0.7625479480	-0.1964801970	0.6163733930	-0.7418710470
0.3278768220	0.9387093170	-0.1064030460	-0.6465172380
-0.5576893550	0.2832319740	0.7802321650	1.0320555900
0.0000000000	0.0000000000	0.0000000000	1.0000000000
11	 25	 50	
0.7454018540	-0.2911548900	0.5996706650	0.0746401648
0.3348231300	0.9413938700	0.0408785165	-0.4169062450
-0.5764282680	0.1703126870	0.7992021270	0.5610733090
0.0000000000	0.0000000000	0.0000000000	1.0000000000
11	 37	 50	
0.9757860020	0.2093411010	0.0633875452	-0.3390707420
0.0646079809	0.0010103852	-0.9979102100	3.5347899000
-0.2089676680	0.9778421560	-0.0125391861	0.8678195780
0.0000000000	0.0000000000	0.0000000000	1.0000000000
11	 42	 50	
0.9248827660	0.2041467550	-0.3208051930	-0.3779545780
-0.1870600230	0.9787878240	0.0835640056	0.4544873810
0.3310595370	-0.0172770819	0.9434516870	-0.1671870970
0.0000000000	0.0000000000	0.0000000000	1.0000000000
11	 43	 50	
0.9941273160	-0.0532672260	0.0941991651	-0.0798870170
0.0552821779	0.9982916900	-0.0189098712	0.0097729317
-0.0930309673	0.0240063545	0.9953737660	0.0814377315
0.0000000000	0.0000000000	0.0000000000	1.0000000000
12	 13	 50	
0.9740377720	-0.1223606210	0.1904686270	-0.3958967210
0.1285264600	0.9914979890	-0.0203147178	-0.1014024910
-0.1863635390	0.0442675608	0.9814830690	0.0384895195
0.0000000000	0.0000000000	0.0000000000	1.0000000000
12	 14	 50	
0.9354287050	0.1665605340	-0.3118184190	-0.5880975050
-0.1568297300	0.9860243440	0.0562176877	0.1655049040
0.3168242000	-0.0036852405	0.9484771190	-0.6155924670
0.0000000000	0.0000000000	0.0000000000	1.0000000000
12	 16	 50	
0.3232362060	-0.5058079080	0.7997979220	0.5793738250
0.4822333870	0.8152393910	0.3206800530	-0.8342577070
-0.8142292770	0.2820338570	0.5074323480	1.1373551400
0.0000000000	0.0000000000	0.0000000000	1.0000000000
12	 17	 50	
0.7645423780	-0.3112915690	0.5644222810	-0.6907794650
0.3439971640	0.9375774940	0.0511311485	-0.3818646300
-0.5451063230	0.1550677340	0.8239011440	0.9458830650
0.0000000000	0.0000000000	0.0000000000	1.0000000000
12	 18	 50	
0.5712280400	-0.3660289460	0.7346572920	-0.3787256570
0.4382964000	0.8927910120	0.1040215100	-0.6218665260
-0.6939703110	0.2625776430	0.6704164290	1.4602790200
0.0000000000	0.0000000000	0.0000000000	1.0000000000
12	 21	 50	
0.7122361790	0.3198896380	-0.6248121670	0.7921453390
-0.3413967460	0.9356150420	0.0898485124	0.8526600850
0.6133252700	0.1493154800	0.7755881640	-0.9829096530
0.0000000000	0.0000000000	0.0000000000	1.0000000000
12	 22	 50	
0.7999654950	0.2639639570	-0.5388675500	0.5111228520
-0.3118552020	0.9501264550	0.0024602302	0.7640816760
0.5126417270	0.1660805490	0.8423869130	-0.9431003340
