0	 1	 57	
0.8572479100	-0.1437542750	0.4944297020	0.3547460390
0.0021207267	0.9612144530	0.2757939060	-0.3996117170
-0.5148995280	-0.2353751990	0.8243039440	1.6859681700
0.0000000000	0.0000000000	0.0000000000	1.0000000000
0	 2	 57	
0.9708603160	-0.0770426481	0.2269243870	0.4215805970
0.0141955713	0.9637403180	0.2664640420	-0.5183513060
-0.2392252760	-0.2554780430	0.9367508940	1.2077079600
0.0000000000	0.0000000000	0.0000000000	1.0000000000
0	 3	 57	
0.9109800160	0.1246928750	-0.3931502230	0.8175805240
-0.0039128865	0.9557757370	0.2940704500	-0.5850867750
0.4124319340	-0.2663539510	0.8711805050	-0.2498756070
0.0000000000	0.0000000000	0.0000000000	1.0000000000
0	 4	 57	
0.8916626150	-0.0117683381	-0.4525475530	1.0382741200
0.0086676019	0.9999226080	-0.0089246991	0.0502538452
0.4526175580	0.0040353185	0.8916956110	-0.5989582860
0.0000000000	0.0000000000	0.0000000000	1.0000000000
0	 5	 57	
0.9782623790	0.0854740387	-0.1889362480	0.9347814400
-0.0153751253	0.9384909510	0.3449613610	-0.9281166200
0.2068002000	-0.3345578030	0.9194045650	0.2489306120
0.0000000000	0.0000000000	0.0000000000	1.0000000000
0	 6	 57	
0.9951460410	-0.0121235080	-0.0976594934	2.0641586000
0.0552280842	0.8901718500	0.4522653380	-0.7588067850
0.0814506895	-0.4554636080	0.8865205510	0.4470842790
0.0000000000	0.0000000000	0.0000000000	1.0000000000
0	 11	 57	
-0.1742460920	-0.9654337450	0.1938452570	4.7583849100
0.9691777100	-0.1333252840	0.2071688550	-0.2505193150
-0.1741633300	0.2239688660	0.9589082760	0.0264225239
0.0000000000	0.0000000000	0.0000000000	1.0000000000
0	 12	 57	
0.1753343330	0.9839823990	0.0321948817	-0.9448180390
-0.4152346600	0.0442603765	0.9086369990	1.7747863900
0.8926578560	-0.1726836930	0.4163439610	-0.6473491840
0.0000000000	0.0000000000	0.0000000000	1.0000000000
0	 13	 57	
0.9782680160	0.0899051187	-0.1868388580	0.3169146740
0.0142533627	0.8698132830	0.4931751150	-0.7100948610
0.2068538880	-0.4851205230	0.8496290640	1.0453717300
0.0000000000	0.0000000000	0.0000000000	1.0000000000
0	 20	 57	
0.9083179840	0.1988311400	-0.3680008400	1.5342631100
-0.0386153729	0.9158984810	0.3995482760	-0.5907460440
0.4164940490	-0.3487063950	0.8396050010	0.2264304090
0.0000000000	0.0000000000	0.0000000000	1.0000000000
0	 24	 57	
0.8189884050	0.2998973170	-0.4892030160	0.6502258240
-0.0296043639	0.8735003450	0.4859225540	-0.3176918120
0.5730458740	-0.3834823940	0.7242649240	-0.3780019080
0.0000000000	0.0000000000	0.0000000000	1.0000000000
0	 38	 57	
0.8901873410	0.2021007120	-0.4083158090	0.7393052850
-0.0456630544	0.9312914480	0.3614016110	-0.8962087850
0.4533005440	-0.3030701930	0.8382523940	-0.5367362960
0.0000000000	0.0000000000	0.0000000000	1.0000000000
0	 39	 57	
0.9947073810	-0.0483201487	0.0906773966	0.3119742620
0.0068942394	0.9119179710	0.4103146160	-0.9302857630
-0.1025168110	-0.4075178250	0.9074246670	0.7582429540
0.0000000000	0.0000000000	0.0000000000	1.0000000000
0	 50	 57	
0.0644887476	-0.4629125490	0.8840549600	0.7336632260
0.9769559830	-0.1513393450	-0.1505104950	1.1442335300
0.2034654960	0.8733890170	0.4424855000	-0.6904807110
0.0000000000	0.0000000000	0.0000000000	1.0000000000
0	 56	 57	
0.7302020000	-0.3371303410	0.5942627130	0.3908243020
-0.2473073060	0.6803839520	0.6898672150	-0.7063762280
-0.6369019820	-0.6507079310	0.4134429260	1.3658708300
0.0000000000	0.0000000000	0.0000000000	1.0000000000
1	 2	 57	
0.9554789690	0.0668421698	-0.2873883510	0.3070831310
-0.0606645603	0.9976964540	0.0303578213	-0.0678876046
0.2887555220	-0.0115719718	0.9573329300	-0.3392491880
0.0000000000	0.0000000000	0.0000000000	1.0000000000
1	 3	 57	
0.5492107970	0.2300589360	-0.8033930460	1.4962501500
-0.2200587480	0.9672439170	0.1265438710	0.1811023600
0.8061895850	0.1072944080	0.5818472850	-1.4205320900
0.0000000000	0.0000000000	0.0000000000	1.0000000000
1	 4	 57	
0.5409532240	-0.0068855072	-0.8410244940	1.7304658100
-0.2330283700	0.9595912160	-0.1577418030	0.8882647940
0.8081258490	0.2813135040	0.5174894430	-1.4236755200
0.0000000000	0.0000000000	0.0000000000	1.0000000000
1	 5	 57	
0.5993572770	0.1969570100	-0.7758729220	1.8195244000
-0.2665297430	0.9630542170	0.0385807235	0.0365848671
0.7548064330	0.1836695730	0.6297084540	-1.4638384500
0.0000000000	0.0000000000	0.0000000000	1.0000000000
1	 9	 57	
0.8020276560	0.3173171810	-0.5060251430	1.5619144200
-0.1305035020	0.9198339860	0.3699652330	-0.1283012440
0.5828554490	-0.2306842960	0.7791432990	-0.3500531190
0.0000000000	0.0000000000	0.0000000000	1.0000000000
1	 10	 57	
0.9972343370	0.0148432843	-0.0728241360	-0.6215231160
0.0057989875	0.9613263080	0.2753508700	-0.3405640900
0.0740948691	-0.2750116480	0.9585815270	0.3353298950
0.0000000000	0.0000000000	0.0000000000	1.0000000000
1	 13	 57	
0.7324130260	0.2914369890	-0.6153337640	0.1396957290
-0.1447875180	0.9497553960	0.2774910120	-0.1671170810
0.6652877080	-0.1141453840	0.7378096620	-0.7346239960
0.0000000000	0.0000000000	0.0000000000	1.0000000000
1	 15	 57	
0.9680530130	0.1986893450	-0.1529572100	-0.0530641828
-0.2299151480	0.9467839290	-0.2252536700	0.3338379560
0.1000619240	0.2532246740	0.9622187260	-0.3380458920
0.0000000000	0.0000000000	0.0000000000	1.0000000000
1	 16	 57	
0.9657151590	0.2592153770	0.0141992962	-0.2428197390
-0.2275738440	0.8716160680	-0.4341607730	0.5893624890
-0.1249174830	0.4160442510	0.9007234890	-0.1985613430
0.0000000000	0.0000000000	0.0000000000	1.0000000000
1	 17	 57	
0.8543499300	-0.2961369350	0.4270703850	0.4529934290
0.1536988710	0.9289838570	0.3366981580	-0.6211846390
-0.4964502540	-0.2220178120	0.8391932060	1.9357404400
0.0000000000	0.0000000000	0.0000000000	1.0000000000
1	 18	 57	
-0.9561831620	-0.2479688020	-0.1556445760	4.2752417500
0.0968258208	-0.7695550070	0.6311971580	2.6976925500
-0.2762942660	0.5884696800	0.7598453230	-0.2683038580
0.0000000000	0.0000000000	0.0000000000	1.0000000000
1	 20	 57	
0.6029873720	0.6041421160	-0.5209784380	1.1861633300
-0.6121374880	0.7691745650	0.1834616700	1.6673130300
0.5115602850	0.2082853620	0.8336205870	-0.9909990170
0.0000000000	0.0000000000	0.0000000000	1.0000000000
1	 22	 57	
-0.1633838880	-0.9865421780	0.0063431999	4.4398185100
0.9749034080	-0.1624352460	-0.1522436710	-0.0374296850
0.1512251620	-0.0186901556	0.9883226340	-0.2744666470
0.0000000000	0.0000000000	0.0000000000	1.0000000000
1	 27	 57	
-0.2841274610	0.1113545290	0.9522981440	0.8235794390
-0.9227160830	0.2381141810	-0.3031446320	5.1996631800
-0.2605122200	-0.9648325270	0.0350938369	3.7440930900
0.0000000000	0.0000000000	0.0000000000	1.0000000000
1	 32	 57	
-0.3764845450	-0.3136782140	0.8717025670	1.3293799700
0.8908788740	-0.3807182040	0.2477669900	0.3457343210
0.2541539280	0.8698618440	0.4227838140	-0.1300849630
0.0000000000	0.0000000000	0.0000000000	1.0000000000
1	 36	 57	
0.6705808740	0.5070673740	-0.5414831200	0.8475371270
0.2580432170	-0.8437790950	-0.4705853140	2.9975183600
-0.6955105960	0.1758394650	-0.6966674200	4.3192632500
0.0000000000	0.0000000000	0.0000000000	1.0000000000
1	 38	 57	
-0.3961780590	-0.8613102860	0.3180998860	3.7541147000
-0.3319293270	0.4573700790	0.8250063840	-0.0645418985
-0.8560758540	0.2212627470	-0.4670941330	4.4597993800
0.0000000000	0.0000000000	0.0000000000	1.0000000000
1	 39	 57	
0.9602738650	0.0936018721	-0.2628931240	0.2524338170
-0.0493209057	0.9841654400	0.1702522690	-0.4471439800
0.2746662580	-0.1505226780	0.9496848790	-0.6340922930
0.0000000000	0.0000000000	0.0000000000	1.0000000000
1	 40	 57	
0.9256385290	0.2635852460	-0.2715071480	-0.0534055476
0.2877973890	-0.0245139281	0.9573775280	-2.0518943400
0.2456948850	-0.9643245750	-0.0985501820	4.1239969900
0.0000000000	0.0000000000	0.0000000000	1.0000000000
1	 42	 57	
0.6847430110	0.4939383260	-0.5358655980	1.3968245800
0.6546094600	-0.0936629370	0.7501424600	-1.8739046800
0.3203333650	-0.8644374960	-0.3874717420	2.6639570900
0.0000000000	0.0000000000	0.0000000000	1.0000000000
1	 47	 57	
-0.4948064650	-0.4401540590	0.7492869720	2.3491921200
-0.0017901181	-0.8617191970	-0.5073823230	5.6430825300
0.8690013560	-0.2523973660	0.4255963020	-1.3010419100
0.0000000000	0.0000000000	0.0000000000	1.0000000000
1	 56	 57	
0.9772842350	0.1096402890	-0.1813684950	-0.0347450527
-0.0474825887	0.9473014740	0.3168048640	-0.2312895070
0.2065452200	-0.3009965530	0.9309888010	0.0231008128
0.0000000000	0.0000000000	0.0000000000	1.0000000000
2	 3	 57	
0.7828800100	0.1892219010	-0.5927005680	0.7656920360
-0.1802205140	0.9807579330	0.0750629321	0.2964461110
0.5954993340	0.0480515318	0.8019174480	-1.3261154700
0.0000000000	0.0000000000	0.0000000000	1.0000000000
2	 4	 57	
0.7461725850	0.0107635788	-0.6656655460	1.0527917400
-0.1937806590	0.9600880900	-0.2016926250	1.0050287100
0.6369266280	0.2794906160	0.7184771850	-1.4354315400
0.0000000000	0.0000000000	0.0000000000	1.0000000000
2	 5	 57	
0.9183056240	0.1692357660	-0.3578743310	0.6409864770
-0.1599112370	0.9855570170	0.0557293626	-0.0797274693
0.3621369600	0.0060515400	0.9321052520	-0.9395158630
0.0000000000	0.0000000000	0.0000000000	1.0000000000
2	 6	 57	
0.9508746310	0.0974848804	-0.2938267080	1.7437181200
-0.0365410349	0.9778338010	0.2061693720	-0.1396878570
0.3074120840	-0.1853044940	0.9333595530	-0.4191073070
0.0000000000	0.0000000000	0.0000000000	1.0000000000
2	 7	 57	
0.6288936020	0.0739138158	-0.7739700160	2.2461921600
-0.1684998080	0.9847689790	-0.0428704180	-0.2902376080
0.7590129460	0.1573747300	0.6317693740	-1.8146298400
0.0000000000	0.0000000000	0.0000000000	1.0000000000
2	 9	 57	
0.8883482570	0.2923819300	-0.3540482740	-0.9902613200
-0.1433835500	0.9091421870	0.3910263960	0.0956930139
0.4362092740	-0.2966029190	0.8495576360	-0.2938684990
0.0000000000	0.0000000000	0.0000000000	1.0000000000
2	 14	 57	
0.9855433330	0.1232850830	-0.1162115610	-0.0137247333
-0.0553295230	0.8825196990	0.4670092340	0.0021176725
0.1601342640	-0.4538279070	0.8765827100	0.7948115530
0.0000000000	0.0000000000	0.0000000000	1.0000000000
2	 15	 57	
0.9344083590	0.3296259630	0.1350101580	-0.7542952770
-0.3006392650	0.9330874510	-0.1973926060	0.7586550460
-0.1910420120	0.1438559470	0.9709832210	0.2979544150
0.0000000000	0.0000000000	0.0000000000	1.0000000000
2	 20	 57	
0.8873402790	0.3418797070	-0.3094276880	0.6425164110
-0.3105659490	0.9391159230	0.1470036540	0.8943597100
0.3408460350	-0.0343445596	0.9394915810	-0.7711379560
0.0000000000	0.0000000000	0.0000000000	1.0000000000
2	 22	 57	
-0.5674439380	-0.8023443920	0.1850698640	4.4383128900
0.1692516550	0.1063070230	0.9798227870	0.5853731810
-0.8058295440	0.5873178810	0.0754748400	1.1356274300
0.0000000000	0.0000000000	0.0000000000	1.0000000000
2	 33	 57	
0.6917347770	-0.7044251790	-0.1590225320	1.4152342200
0.4500598370	0.2483095650	0.8577811510	-1.2371242400
-0.5647558260	-0.6649267080	0.4887978420	2.6652144500
0.0000000000	0.0000000000	0.0000000000	1.0000000000
2	 35	 57	
0.5518442300	0.3142194850	-0.7724856380	0.4689303330
-0.2537428910	0.9456468520	0.2033877510	0.0505667397
0.7944070060	0.0837743825	0.6015807200	-1.6684900900
0.0000000000	0.0000000000	0.0000000000	1.0000000000
2	 37	 57	
0.3852606890	0.8646497100	-0.3224206590	-0.0552635709
-0.6102904470	0.5008041650	0.6137921140	0.4671606540
0.6921847810	-0.0396997250	0.7206276160	-1.9033311200
0.0000000000	0.0000000000	0.0000000000	1.0000000000
2	 38	 57	
0.7559962290	0.2333571560	-0.6115669540	0.8864859230
-0.1556138300	0.9715813640	0.1783647640	-0.1325646360
0.6358097500	-0.0396748128	0.7708254480	-1.5452159600
0.0000000000	0.0000000000	0.0000000000	1.0000000000
2	 39	 57	
0.9990509420	-0.0078727942	-0.0428396285	-0.0159835051
0.0152477489	0.9845104880	0.1746613990	-0.4154448480
0.0408009903	-0.1751488430	0.9836961740	-0.3315380570
0.0000000000	0.0000000000	0.0000000000	1.0000000000
3	 4	 57	
0.9993377250	0.0078407576	-0.0355335564	-0.0071768368
-0.0176873614	0.9580566120	-0.2860326660	0.7382271390
0.0318004459	0.2864717280	0.9575607970	-0.1525603420
0.0000000000	0.0000000000	0.0000000000	1.0000000000
3	 5	 57	
0.9681799270	-0.0672549510	0.2410485450	0.2953974620
0.0564615972	0.9970800140	0.0514152968	-0.4393417820
-0.2438026200	-0.0361692724	0.9691501770	0.3387475210
0.0000000000	0.0000000000	0.0000000000	1.0000000000
3	 6	 57	
0.9386288850	-0.1679945680	0.3012534510	1.2741966700
0.1052001460	0.9711939230	0.2138113510	-0.2139587540
-0.3284946660	-0.1689976030	0.9292637220	0.1946277150
0.0000000000	0.0000000000	0.0000000000	1.0000000000
3	 7	 57	
0.9329924630	0.0345845529	-0.3582303350	1.0749183400
-0.0841864497	0.9887290110	-0.1238046250	-0.2213172940
0.3499109970	0.1456669220	0.9253882660	-1.4890889900
0.0000000000	0.0000000000	0.0000000000	1.0000000000
3	 9	 57	
0.9894399500	-0.0720290486	0.1257791790	-0.8794448160
0.0341990664	0.9592953650	0.2803262850	-0.4150910020
-0.1408510190	-0.2730644940	0.9516284840	1.5523820100
0.0000000000	0.0000000000	0.0000000000	1.0000000000
3	 10	 57	
0.6753821390	-0.4458524470	0.5874304740	0.9088373530
0.2785698000	0.8917730080	0.3565666400	-0.7375738100
-0.6828307500	-0.0771783509	0.7264885890	1.9936687800
0.0000000000	0.0000000000	0.0000000000	1.0000000000
3	 13	 57	
0.9590043250	-0.1570711020	0.2358799960	0.0461516398
0.0968386269	0.9638750670	0.2481272580	-0.5912643760
-0.2663324690	-0.2151128190	0.9395709080	1.5042750700
0.0000000000	0.0000000000	0.0000000000	1.0000000000
3	 16	 57	
0.1220156450	-0.6190009030	0.7758544090	2.1637085300
0.9779281240	0.2085612210	0.0126016594	-0.8104190730
-0.1696135810	0.7571922470	0.6307861240	-0.3369967980
0.0000000000	0.0000000000	0.0000000000	1.0000000000
3	 21	 57	
-0.9307453360	-0.0670262980	-0.3594726630	3.1905546100
0.0943955095	-0.9937783160	-0.0591113059	3.5604013500
-0.3532741260	-0.0889501774	0.9312815140	1.2732675800
0.0000000000	0.0000000000	0.0000000000	1.0000000000
3	 22	 57	
0.9427544850	0.3319405930	0.0320846208	-1.1792436200
-0.2244679740	0.5604648190	0.7971783460	0.3908477520
0.2466335520	-0.7587454310	0.6028907550	2.1991093200
0.0000000000	0.0000000000	0.0000000000	1.0000000000
3	 23	 57	
0.8318834420	0.0652719146	-0.5510984630	0.6714436900
-0.1436277530	0.9845464250	-0.1001968300	0.2447207650
0.5360419830	0.1625051180	0.8284027280	-1.3343576900
0.0000000000	0.0000000000	0.0000000000	1.0000000000
3	 24	 57	
0.9790980180	0.0920683702	-0.1813573440	-0.1234801280
-0.0534050032	0.9767657840	0.2075488110	-0.1253554300
0.1962523290	-0.1935252400	0.9612663550	-0.1197607310
0.0000000000	0.0000000000	0.0000000000	1.0000000000
3	 31	 57	
-0.2835152960	-0.3155026390	-0.9055811180	3.8627558300
0.8390604770	0.3756218900	-0.3935552210	-0.4832841010
0.4643238020	-0.8714162500	0.1582312440	1.3470972000
0.0000000000	0.0000000000	0.0000000000	1.0000000000
3	 32	 57	
0.0976391425	-0.9416125670	0.3222303090	2.7208596300
0.8967509800	-0.0571836459	-0.4388253750	1.0995064900
0.4316297920	0.3318068790	0.8388086300	-1.8523688900
0.0000000000	0.0000000000	0.0000000000	1.0000000000
3	 38	 57	
0.9989615310	-0.0208488483	-0.0405115464	0.0344791238
0.0242928380	0.9959582420	0.0864698733	-0.4090744090
0.0385450112	-0.0873642175	0.9954304470	-0.2648439370
0.0000000000	0.0000000000	0.0000000000	1.0000000000
3	 40	 57	
-0.9010515370	0.1243477600	-0.4155042260	3.9925130100
0.1331658410	-0.8324248610	-0.5378993500	3.5895612100
-0.4127626260	-0.5400060060	0.7334988260	2.0591181300
0.0000000000	0.0000000000	0.0000000000	1.0000000000
3	 42	 57	
0.7680817290	0.5630642270	0.3049739880	-2.3608204200
-0.6391290030	0.6446692890	0.4194229680	1.1787619100
0.0395547053	-0.5170688390	0.8550293800	-0.1174542810
0.0000000000	0.0000000000	0.0000000000	1.0000000000
4	 5	 57	
0.9541034630	-0.0977440209	0.2830771760	0.3338510990
-0.0016677502	0.9434890680	0.3313994530	-0.9946662320
-0.2994725360	-0.3166614680	0.9000231750	0.8363303340
0.0000000000	0.0000000000	0.0000000000	1.0000000000
4	 6	 57	
0.9310814510	-0.1781409360	0.3183600780	1.3043579900
0.0044338572	0.8781317530	0.4783983330	-0.8052235930
-0.3647844200	-0.4440162500	0.8184020380	0.5650222780
0.0000000000	0.0000000000	0.0000000000	1.0000000000
4	 7	 57	
0.9101364990	-0.3574044190	-0.2095558020	1.2415781100
0.2470230040	0.8741793270	-0.4180791070	-0.2333694240
0.3326126700	0.3287439510	0.8839096260	-1.5747472400
0.0000000000	0.0000000000	0.0000000000	1.0000000000
4	 9	 57	
0.9781337730	-0.1048799350	0.1795954370	0.8974828940
-0.0118186329	0.8341104260	0.5514708670	-0.5756038170
-0.2076406560	-0.5415348530	0.8146320400	0.5090438500
0.0000000000	0.0000000000	0.0000000000	1.0000000000
4	 10	 57	
0.6940903460	-0.4587755220	0.5547644660	0.9853052650
0.1411115870	0.8423821380	0.5200767760	-0.7982747880
-0.7059221710	-0.2826965750	0.6494278520	2.1957835600
0.0000000000	0.0000000000	0.0000000000	1.0000000000
4	 11	 57	
-0.8191972150	-0.2904272890	0.4945380810	4.0795020100
0.3356135910	-0.9419957740	0.0027347560	2.4384209200
0.4650585340	0.1682140060	0.8691516600	-1.4834259200
0.0000000000	0.0000000000	0.0000000000	1.0000000000
4	 12	 57	
0.9168718880	-0.2176854520	-0.3346027270	0.9148147990
0.1166206950	0.9477263800	-0.2970089600	-0.7586368290
0.3817663610	0.2332975630	0.8943303040	-1.3148850400
0.0000000000	0.0000000000	0.0000000000	1.0000000000
4	 15	 57	
0.6544635320	-0.0730137747	0.7525599470	0.3177095120
-0.0165298159	0.9937069080	0.1107851330	-0.7483923730
-0.7559128590	-0.0849445069	0.6491380280	2.1033885000
0.0000000000	0.0000000000	0.0000000000	1.0000000000
4	 20	 57	
0.9733309180	-0.0182844873	0.2286757580	0.6054190840
-0.0851964401	0.8967165530	0.4343282060	-0.3690193480
-0.2129988060	-0.4422274320	0.8712441720	0.3503701770
0.0000000000	0.0000000000	0.0000000000	1.0000000000
4	 21	 57	
0.0637099707	-0.5735440530	-0.8166934920	4.3374055900
-0.6429567470	-0.6494698730	0.4059501280	4.1207305400
-0.7632481000	0.4992355200	-0.4101417250	3.3342455100
0.0000000000	0.0000000000	0.0000000000	1.0000000000
4	 22	 57	
-0.7093790100	-0.1237311680	0.6938818480	2.9002360800
0.4444823090	-0.8425669600	0.3041650780	2.0232852100
0.5470072190	0.5241865270	0.6526956310	-1.8433950200
0.0000000000	0.0000000000	0.0000000000	1.0000000000
4	 24	 57	
0.9706831970	-0.1414052590	-0.1943673920	0.5627884510
0.1776601680	0.9667526670	0.1839188540	-0.8280063290
0.1618981020	-0.2130582850	0.9635326520	-0.4967770550
0.0000000000	0.0000000000	0.0000000000	1.0000000000
4	 26	 57	
0.4243766570	0.8929288500	-0.1502748230	1.0861952600
-0.7963495000	0.2890627480	-0.5312910700	4.1053366700
-0.4309662710	0.3451388090	0.8337549260	1.1050627000
0.0000000000	0.0000000000	0.0000000000	1.0000000000
4	 35	 57	
0.6759438820	0.3119843920	-0.6676568030	0.7813855150
0.0342079075	0.8917098300	0.4513129710	-1.1378430600
0.7361587380	-0.3279013840	0.5920734710	-0.6106041090
0.0000000000	0.0000000000	0.0000000000	1.0000000000
4	 36	 57	
-0.9468254220	-0.1321832680	0.2933414460	4.3939049200
0.0284212884	0.8737880360	0.4854757450	-0.2284735330
-0.3204900160	0.4679979190	-0.8235679070	2.8012521100
0.0000000000	0.0000000000	0.0000000000	1.0000000000
4	 37	 57	
0.9596874060	0.2046502290	-0.1926612710	0.2747865890
-0.1014902420	0.8915241200	0.4414572170	-0.9637385700
0.2621064910	-0.4041076930	0.8763544720	-0.7038881190
0.0000000000	0.0000000000	0.0000000000	1.0000000000
4	 38	 57	
0.9991335750	-0.0408482928	0.0079697613	0.0159097603
0.0351855511	0.9313405210	0.3624455970	-1.1099865400
-0.0222278455	-0.3618511450	0.9319708540	0.2332928300
0.0000000000	0.0000000000	0.0000000000	1.0000000000
4	 39	 57	
0.7485232950	-0.2648240840	0.6079318060	0.0388090811
0.0375397240	0.9322438580	0.3598779760	-1.0277688400
-0.6620450480	-0.2465554560	0.7077476680	1.6435313400
0.0000000000	0.0000000000	0.0000000000	1.0000000000
4	 41	 57	
-0.5722423890	-0.5612583730	0.5979361900	4.2618239700
-0.5732225200	-0.2476738790	-0.7810720790	5.5642509000
0.5864764200	-0.7897130420	-0.1799964460	1.3090175600
0.0000000000	0.0000000000	0.0000000000	1.0000000000
4	 42	 57	
0.1666869730	-0.7951025790	0.5831186340	1.6257506400
-0.9736304630	-0.0393077398	0.2247189880	3.6936696900
-0.1557535720	-0.6051997940	-0.7806881800	3.8428311700
0.0000000000	0.0000000000	0.0000000000	1.0000000000
4	 43	 57	
-0.7258049690	0.6655173450	-0.1740511710	3.8670231000
0.0752017730	0.3282652120	0.9415873000	-1.4828706200
0.6837776250	0.6703197850	-0.2883046070	-1.7649905200
0.0000000000	0.0000000000	0.0000000000	1.0000000000
4	 46	 57	
0.4835677910	0.6752161610	0.5569967030	-0.2479864460
0.7457755600	0.0153115806	-0.6660212980	1.8981860500
-0.4582368440	0.7374609760	-0.4961555240	2.1250626000
0.0000000000	0.0000000000	0.0000000000	1.0000000000
5	 6	 57	
0.9982396050	-0.0331082168	0.0492091153	0.9863551510
0.0228159705	0.9802076400	0.1966530300	0.1325645450
-0.0547459820	-0.1951840890	0.9792374830	0.1762941370
0.0000000000	0.0000000000	0.0000000000	1.0000000000
5	 7	 57	
0.8323752010	0.0837291784	-0.5478512110	1.1520479100
-0.2075103800	0.9636995600	-0.1679958350	1.1555283500
0.5138978180	0.2535203800	0.8195342880	-1.4709318300
0.0000000000	0.0000000000	0.0000000000	1.0000000000
5	 8	 57	
0.9864529380	0.0797287237	-0.1433664270	1.0633992800
-0.1148160810	0.9597629050	-0.2562663340	0.3742843750
0.1171659910	0.2692554490	0.9559150770	-1.8376766800
0.0000000000	0.0000000000	0.0000000000	1.0000000000
5	 9	 57	
0.9987019660	0.0412808477	-0.0298374594	1.4629166200
-0.0317692875	0.9627289350	0.2685958120	0.5577268270
0.0398132483	-0.2672992510	0.9627907430	-0.2655669370
0.0000000000	0.0000000000	0.0000000000	1.0000000000
5	 10	 57	
0.8087411970	-0.5368051240	0.2403704110	0.2175239550
0.4839127880	0.8395831520	0.2468370800	-0.8697803170
-0.3343143560	-0.0833089997	0.9387723480	1.4503812300
0.0000000000	0.0000000000	0.0000000000	1.0000000000
5	 11	 57	
-0.4602931870	-0.8474837100	0.2643889990	4.0585916600
0.8537154930	-0.5042436780	-0.1300314240	1.9376857000
0.2435159950	0.1658604060	0.9556099030	-0.3022695110
0.0000000000	0.0000000000	0.0000000000	1.0000000000
5	 12	 57	
0.3490319210	-0.8659527040	0.3581935690	3.2257922200
0.0917834711	-0.3488046100	-0.9326902700	3.6820606500
0.9326052290	0.3584149260	-0.0422637980	-1.7834631900
0.0000000000	0.0000000000	0.0000000000	1.0000000000
5	 14	 57	
-0.0193982593	0.3237338050	0.9459493280	0.7623027210
-0.9067429110	0.3929229190	-0.1530649280	3.0175944100
-0.4212374630	-0.8607020410	0.2859213120	2.9993011000
0.0000000000	0.0000000000	0.0000000000	1.0000000000
5	 15	 57	
0.2628805790	0.7918192260	0.5512858730	-0.0132995129
-0.8227593770	0.4824164300	-0.3005684550	3.9555179100
-0.5039452440	-0.3745620120	0.7782946030	2.3703298100
0.0000000000	0.0000000000	0.0000000000	1.0000000000
5	 16	 57	
0.7155398540	0.0205917288	0.6982683570	-0.2173562830
0.2789405860	0.9079994040	-0.3126167490	-0.1137195360
-0.6404645710	0.4184651270	0.6439658920	1.1836791900
0.0000000000	0.0000000000	0.0000000000	1.0000000000
5	 19	 57	
0.9925699940	0.0481267684	-0.1117524980	0.7793883210
-0.0020641340	0.9249787080	0.3800133270	0.3538265480
0.1216574950	-0.3769591530	0.9182054510	0.5730767080
0.0000000000	0.0000000000	0.0000000000	1.0000000000
5	 20	 57	
0.9972255740	-0.0740532708	-0.0075675432	1.4592514100
0.0736560309	0.9963306420	-0.0435894593	1.1694818700
0.0107677173	0.0429111284	0.9990208660	-0.6302840850
0.0000000000	0.0000000000	0.0000000000	1.0000000000
5	 22	 57	
-0.8392916850	-0.1031142210	-0.5338135680	4.4917494000
-0.1142731960	0.9933742200	-0.0122186218	-0.1797395980
0.5315365510	0.0507455948	-0.8455139150	2.1165458300
0.0000000000	0.0000000000	0.0000000000	1.0000000000
5	 24	 57	
0.8128410120	-0.2134859090	-0.5419531860	0.9389083480
0.1283476920	0.9731906340	-0.1908582170	0.3103810460
0.5681693040	0.0855789461	0.8184496840	-1.1750194400
0.0000000000	0.0000000000	0.0000000000	1.0000000000
5	 26	 57	
-0.9962153620	-0.0551956789	0.0671445479	3.7895284500
-0.0215846740	-0.5911970290	-0.8062382870	4.5401268000
0.0841965268	-0.8046362590	0.5877681810	0.8815583480
0.0000000000	0.0000000000	0.0000000000	1.0000000000
5	 33	 57	
-0.9483888850	-0.2472395820	-0.1985726880	4.5282210100
-0.2972112590	0.9113549150	0.2847765560	-1.1568087500
0.1105621580	0.3290969590	-0.9378012590	3.4270216600
0.0000000000	0.0000000000	0.0000000000	1.0000000000
5	 34	 57	
0.9335489660	-0.3396736050	-0.1144909140	0.2708965040
0.2553874020	0.8544169030	-0.4524920220	0.8809328590
0.2515225690	0.3931839230	0.8843883760	-1.9125967300
0.0000000000	0.0000000000	0.0000000000	1.0000000000
5	 37	 57	
0.8597143230	0.0495774680	-0.5083634100	1.7121632000
-0.1131136660	0.9890457360	-0.0948358100	0.7161187230
0.4980929440	0.1390345530	0.8559046750	-2.0499149500
0.0000000000	0.0000000000	0.0000000000	1.0000000000
5	 39	 57	
0.9350207030	-0.1446451000	0.3237500260	-0.5753368250
0.1011174810	0.9838737990	0.1475384780	-0.2652672070
-0.3398698860	-0.1052147440	0.9345685200	0.8605282640
0.0000000000	0.0000000000	0.0000000000	1.0000000000
5	 40	 57	
-0.6555651350	0.2863930400	0.6987226780	0.8661106310
0.4963689520	-0.5338792460	0.6845369340	-0.2481510510
0.5690801500	0.7955827910	0.2078360070	-2.6436972400
0.0000000000	0.0000000000	0.0000000000	1.0000000000
5	 42	 57	
0.9771247690	0.0151594525	-0.2121258510	-0.2636523660
-0.0207731877	0.9994898210	-0.0242604932	-0.0946585537
0.2116498530	0.0281120589	0.9769411710	-2.2540783700
0.0000000000	0.0000000000	0.0000000000	1.0000000000
5	 43	 57	
0.8763808620	0.4098836010	-0.2528873640	-0.0337163292
0.0482108864	-0.5971012470	-0.8007158120	4.4715219600
-0.4791996400	0.6895400890	-0.5430489570	2.3165291600
0.0000000000	0.0000000000	0.0000000000	1.0000000000
5	 44	 57	
0.4520748500	0.7374870290	-0.5017381920	0.2795684260
0.8918084630	-0.3626713370	0.2704573270	-0.9475760500
0.0174927101	-0.5697213210	-0.8216517640	5.6758397900
0.0000000000	0.0000000000	0.0000000000	1.0000000000
5	 45	 57	
0.1187047530	0.1433891070	-0.9825216260	4.2015648800
-0.9281397690	-0.3355612150	-0.1611063010	4.2941649600
-0.3527970390	0.9310414790	0.0932524221	-0.1036279120
0.0000000000	0.0000000000	0.0000000000	1.0000000000
5	 47	 57	
0.6821563100	-0.3554613000	-0.6389914180	2.6408200800
-0.1124274130	0.8125069590	-0.5720074460	1.5717638200
0.7225114850	0.4620386410	0.5142931550	-2.9481043000
0.0000000000	0.0000000000	0.0000000000	1.0000000000
5	 51	 57	
-0.6419337170	0.0335349432	-0.7660264420	5.8749706700
0.5149363120	0.7590831520	-0.3982880400	1.1098285900
0.5681211990	-0.6501293530	-0.5045494290	2.7693504200
0.0000000000	0.0000000000	0.0000000000	1.0000000000
5	 52	 57	
-0.5710088290	0.0331430482	-0.8202746220	5.3620619000
0.6097178930	0.6861958550	-0.3967106490	0.8149156430
0.5497208460	-0.7266613970	-0.4120318010	2.9570569200
0.0000000000	0.0000000000	0.0000000000	1.0000000000
6	 7	 57	
0.7879673430	-0.0859917083	-0.6096826160	0.7516316590
-0.2447967980	0.8648217200	-0.4383582100	0.9306072350
0.5649619400	0.4946603060	0.6604007780	-1.8136493500
0.0000000000	0.0000000000	0.0000000000	1.0000000000
6	 8	 57	
0.4643396720	-0.3582053470	-0.8099861720	3.1858154400
0.1321758390	-0.8762894850	0.4632993480	0.7882257970
-0.8757386690	-0.3221888690	-0.3595498800	4.4109880900
0.0000000000	0.0000000000	0.0000000000	1.0000000000
6	 9	 57	
0.9926847440	0.0912325907	-0.0790797903	0.4917528240
-0.0856051970	0.9937348990	0.0718519375	0.5149542020
0.0851395858	-0.0645566811	0.9942754580	-0.3426699050
0.0000000000	0.0000000000	0.0000000000	1.0000000000
6	 11	 57	
-0.9668185580	-0.2066569430	0.1501825030	2.5463895300
0.0937281495	-0.8338335320	-0.5440006200	3.0983307800
0.2376487120	-0.5118735670	0.8255353060	1.1074566300
0.0000000000	0.0000000000	0.0000000000	1.0000000000
6	 12	 57	
-0.2181950770	0.8094390030	-0.5451599840	0.4430561490
0.4163360070	0.5824415340	0.6981591430	-1.9932814400
0.8826410580	-0.0746348432	-0.4640844780	0.9303025810
0.0000000000	0.0000000000	0.0000000000	1.0000000000
6	 14	 57	
-0.6387979660	0.7609037550	0.1138535640	1.0141536700
0.3972822740	0.1994980640	0.8957495840	-1.0945864700
0.6588656570	0.6174350150	-0.4297325320	0.3816003410
0.0000000000	0.0000000000	0.0000000000	1.0000000000
6	 15	 57	
0.8778199010	-0.1917773160	0.4389233220	-0.8276477760
0.3668683000	0.8583449140	-0.3586804410	-0.8046371570
-0.3079608280	0.4758838820	0.8238292660	0.2951532390
0.0000000000	0.0000000000	0.0000000000	1.0000000000
6	 16	 57	
0.7662232280	-0.1201341490	0.6312446050	-0.9794554460
0.4609562950	0.7871823730	-0.4097111240	-0.9472161150
-0.4476843290	0.6049063540	0.6585340120	0.3781969590
0.0000000000	0.0000000000	0.0000000000	1.0000000000
6	 20	 57	
0.9912434540	-0.0314820233	-0.1282392180	0.4444493620
0.0005004271	0.9720519570	-0.2347652910	1.0934624400
0.1320460690	0.2326453830	0.9635558940	-0.5562416530
0.0000000000	0.0000000000	0.0000000000	1.0000000000
6	 21	 57	
-0.5398033420	0.3159131210	0.7802635790	0.8335192960
-0.5547405470	-0.8306686650	-0.0474604634	4.3414216600
0.6331471220	-0.4584631610	0.6236475380	-0.0456534757
0.0000000000	0.0000000000	0.0000000000	1.0000000000
6	 22	 57	
-0.9498910870	0.0041159465	0.3125539670	2.5253533000
-0.0670988614	-0.9792889460	-0.1910259210	4.1818547000
0.3052943930	-0.2024258350	0.9304940170	0.3195390510
0.0000000000	0.0000000000	0.0000000000	1.0000000000
6	 24	 57	
0.2015747940	0.1220769040	-0.9718358050	1.8294985000
0.2731669800	-0.9598412380	-0.0639108669	1.6963325800
-0.9406101230	-0.2525906320	-0.2268271790	4.9602396200
0.0000000000	0.0000000000	0.0000000000	1.0000000000
6	 26	 57	
-0.5983334990	-0.6923974410	0.4032155850	2.5925904100
-0.7858784770	0.6052229840	-0.1268863980	3.1156268500
-0.1561795220	-0.3927988330	-0.9062654320	3.6761226900
0.0000000000	0.0000000000	0.0000000000	1.0000000000
6	 27	 57	
-0.0864046207	0.5404023230	-0.8369585240	2.6980080000
-0.8851628470	-0.4271677610	-0.1844300350	4.6273648500
-0.4571881180	0.7249089830	0.5152533270	0.9639398650
0.0000000000	0.0000000000	0.0000000000	1.0000000000
6	 28	 57	
-0.7329630020	0.1263557540	0.6684305950	1.4290105800
0.3709271480	-0.7494415470	0.5484071650	0.6522385190
0.5702440600	0.6499012160	0.5024441470	-3.3497366300
0.0000000000	0.0000000000	0.0000000000	1.0000000000
6	 31	 57	
0.3313067660	-0.7014782080	-0.6310024970	2.3352615800
-0.7211745260	0.2429624500	-0.6487499910	4.2486001800
0.6083938930	0.6699981880	-0.4253931100	-1.0848953100
0.0000000000	0.0000000000	0.0000000000	1.0000000000
6	 36	 57	
-0.7690444140	-0.3515096930	0.5338648010	2.5875390900
0.3086864880	0.5271233530	0.7917408810	-1.2486522700
-0.5597171980	0.7736807520	-0.2968749770	2.6757227100
0.0000000000	0.0000000000	0.0000000000	1.0000000000
6	 37	 57	
0.7579905470	0.2754477210	-0.5912519620	-0.1779558870
-0.4451546470	0.8809958610	-0.1602611380	0.8690449560
0.4767469670	0.3846749860	0.7904033690	-1.8149014600
0.0000000000	0.0000000000	0.0000000000	1.0000000000
6	 38	 57	
0.7988304090	0.5828917540	0.1486848340	-2.4035386000
-0.6015520830	0.7731145390	0.2010696430	0.3906214800
0.0022514304	-0.2500622170	0.9682271520	-0.0369906738
0.0000000000	0.0000000000	0.0000000000	1.0000000000
6	 39	 57	
0.9742973340	-0.0898070574	0.2065899250	-1.6154595500
0.1070434440	0.9915112070	-0.0738053337	-0.3446401950
-0.1982079860	0.0940224369	0.9756399830	0.3076727590
0.0000000000	0.0000000000	0.0000000000	1.0000000000
6	 40	 57	
-0.4511930740	0.6205172150	-0.6413916090	3.8061637500
-0.8501007550	-0.5175527830	0.0973027409	3.3636957300
-0.2715759860	0.5891498140	0.7610183840	0.3717096330
0.0000000000	0.0000000000	0.0000000000	1.0000000000
6	 41	 57	
-0.0426106206	0.1014422450	-0.9939284710	3.4624767200
-0.8772698740	-0.4798628690	-0.0113663639	4.8502705200
-0.4781023980	0.8714591770	0.1094394800	1.1457280600
0.0000000000	0.0000000000	0.0000000000	1.0000000000
6	 43	 57	
-0.1659061150	-0.6718506320	-0.7218669470	4.8033348500
0.8144303160	0.3193971500	-0.4844468200	-0.5218889450
0.5560381480	-0.6682830150	0.4941855820	0.6170659040
0.0000000000	0.0000000000	0.0000000000	1.0000000000
6	 44	 57	
0.3076343050	-0.4495395720	-0.8386151130	2.9031547000
0.8901206050	0.4474021460	0.0866984911	-1.1308861300
0.3362237980	-0.7731400220	0.5377806840	1.3004282100
0.0000000000	0.0000000000	0.0000000000	1.0000000000
6	 45	 57	
0.6066404460	0.1549141970	-0.7797364690	1.4647268100
-0.5317722800	-0.6500130530	-0.5428639540	4.6090318500
-0.5909362160	0.7439654710	-0.3119451320	1.9210033400
0.0000000000	0.0000000000	0.0000000000	1.0000000000
6	 46	 57	
0.2007554460	-0.3958474220	-0.8961038270	3.3339437600
0.8998897070	0.4360248220	0.0089927725	-0.6563594580
0.3871637460	-0.8081999590	0.4437533780	1.2611268900
0.0000000000	0.0000000000	0.0000000000	1.0000000000
6	 50	 57	
0.5181138830	0.8063228750	-0.2853093510	-0.7683716700
-0.6095526540	0.1140915290	-0.7844926290	3.8183332400
-0.6000029720	0.5803675940	0.5506086530	0.8068969380
0.0000000000	0.0000000000	0.0000000000	1.0000000000
6	 55	 57	
0.2066532670	0.8295739290	-0.5187499620	0.4718082650
-0.8050597140	-0.1571383160	-0.5720021040	4.0786210300
-0.5560335290	0.5358307990	0.6353834030	0.0883176268
0.0000000000	0.0000000000	0.0000000000	1.0000000000
6	 56	 57	
0.1088026250	0.8242140190	-0.5557276660	1.0927710800
-0.8251282350	-0.2368879360	-0.5128815660	4.5067029700
-0.5543693570	0.5143494490	0.6543082300	-0.0108970340
0.0000000000	0.0000000000	0.0000000000	1.0000000000
7	 8	 57	
0.9151022880	-0.0399274025	0.4012400840	0.0987636282
0.0886182710	0.9906707860	-0.1035287180	-0.0960602262
-0.3933631960	0.1302965690	0.9101034010	-0.5302134980
0.0000000000	0.0000000000	0.0000000000	1.0000000000
7	 20	 57	
0.8639195230	-0.2607626340	0.4308664610	0.7787159450
0.1685733870	0.9558961430	0.2405110760	0.2817684950
-0.4745798900	-0.1351495950	0.8697749800	0.4571831670
0.0000000000	0.0000000000	0.0000000000	1.0000000000
7	 21	 57	
0.8819850410	0.0474599958	0.4688815800	-0.5643973520
0.0539435535	0.9782107310	-0.2004840630	-0.0539169880
-0.4681799660	0.2021170840	0.8602070710	0.8357404770
0.0000000000	0.0000000000	0.0000000000	1.0000000000
7	 40	 57	
0.9998872970	0.0149461002	-0.0014170621	-1.7840056700
-0.0143875675	0.9809089450	0.1939346260	0.0994779773
0.0042885753	-0.1938923810	0.9810134320	-0.5678917660
0.0000000000	0.0000000000	0.0000000000	1.0000000000
7	 42	 57	
0.9324762110	-0.0379829771	0.3592289090	-1.8088731400
0.0328202287	0.9992517930	0.0204618149	-0.0477063430
-0.3597373320	-0.0072901807	0.9330251360	-0.1019318480
0.0000000000	0.0000000000	0.0000000000	1.0000000000
7	 45	 57	
0.9984407180	0.0212475295	0.0516204850	-0.8752366920
0.0010260505	0.9175868220	-0.3975341130	-0.1344219510
-0.0558128946	0.3969672110	0.9161342450	-1.6025136900
0.0000000000	0.0000000000	0.0000000000	1.0000000000
8	 9	 57	
0.9936326500	-0.0657403984	0.0915005846	0.4229767690
-0.0029033829	0.7969132670	0.6040867610	0.6351909180
-0.1126309340	-0.6005059900	0.7916481720	1.6900815900
0.0000000000	0.0000000000	0.0000000000	1.0000000000
8	 20	 57	
0.9920194010	0.0372466188	0.1204582810	0.1949620820
-0.0843644121	0.9060823180	0.4146052080	1.1011386800
-0.0937024767	-0.4214588020	0.9019935280	1.1725124700
0.0000000000	0.0000000000	0.0000000000	1.0000000000
8	 21	 57	
0.9970151120	0.0556571049	0.0535084393	-0.7260361150
-0.0448521477	0.9816494680	-0.1853445640	0.3487251900
-0.0628422728	0.1823913630	0.9812156950	0.5562193600
0.0000000000	0.0000000000	0.0000000000	1.0000000000
8	 29	 57	
-0.5394536240	0.8419964160	-0.0056412580	1.6205274400
-0.7309747180	-0.4649774090	0.4994716930	3.1338327800
0.4179303180	0.2735654310	0.8663118400	-1.5250429900
0.0000000000	0.0000000000	0.0000000000	1.0000000000
8	 32	 57	
0.8894781580	0.0025671852	0.4569704770	-1.2028705900
0.0198880710	0.9988192850	-0.0443226857	0.3344857910
-0.4565447090	0.0485123221	0.8883768810	1.0412935200
0.0000000000	0.0000000000	0.0000000000	1.0000000000
8	 42	 57	
0.9950164320	-0.0995237496	-0.0061092772	-1.6515436900
0.0996446821	0.9902500250	0.0973438551	-0.2778076530
-0.0036383136	-0.0974674923	0.9952320590	-0.2326687920
0.0000000000	0.0000000000	0.0000000000	1.0000000000
8	 43	 57	
0.9989580190	0.0232610761	0.0392657533	-2.0434580800
-0.0080125944	0.9363897700	-0.3508703420	-0.1176526250
-0.0449296714	0.3501901210	0.9356004510	-0.6413633780
0.0000000000	0.0000000000	0.0000000000	1.0000000000
8	 45	 57	
0.9323762790	-0.0880835320	-0.3505934490	-0.4801368120
-0.0364976402	0.9419643870	-0.3337229620	-0.0184553907
0.3596420400	0.3239512070	0.8750504090	-1.4015925000
0.0000000000	0.0000000000	0.0000000000	1.0000000000
9	 10	 57	
0.7961312610	-0.3276305830	0.5087565390	1.1835721200
0.3320231490	0.9393984940	0.0853879305	-0.5498631620
-0.5059008240	0.1009389470	0.8566654450	0.7953915900
0.0000000000	0.0000000000	0.0000000000	1.0000000000
9	 11	 57	
0.1233977630	0.8990953920	-0.4200005580	1.9351676000
0.7147277270	0.2130896910	0.6661509280	-0.7967989550
0.6884310190	-0.3823875790	-0.6163136150	1.7045256100
0.0000000000	0.0000000000	0.0000000000	1.0000000000
9	 16	 57	
-0.6352912670	-0.6557578100	0.4079052590	5.1181721600
0.6063638610	-0.7506513700	-0.2623840480	2.7646047200
0.4782550300	0.0806487137	0.8745100980	-0.9037383730
0.0000000000	0.0000000000	0.0000000000	1.0000000000
9	 19	 57	
0.9285489130	-0.2224925060	0.2971430650	0.1141028630
0.2260893360	0.9738426270	0.0226748676	-0.4482087030
-0.2944155720	0.0461261546	0.9545636960	0.8186864240
0.0000000000	0.0000000000	0.0000000000	1.0000000000
9	 21	 57	
0.5899797000	-0.0788132483	-0.8035623350	2.8445039400
-0.1522086560	-0.9882371710	-0.0148262741	4.0669570200
-0.7929416620	0.1310563440	-0.5950359280	4.1374984000
0.0000000000	0.0000000000	0.0000000000	1.0000000000
9	 22	 57	
0.7398305160	0.4642268800	0.4869745490	-0.7932926130
0.0472720782	0.6861534610	-0.7259192650	0.7862744280
-0.6711305080	0.5600775230	0.4856922990	0.6383875810
0.0000000000	0.0000000000	0.0000000000	1.0000000000
9	 24	 57	
-0.9263966510	-0.1666693400	0.3376545210	5.1844156100
0.2364297960	0.4404515660	0.8660850820	-0.8691898930
-0.2930702920	0.8821699090	-0.3686272580	1.4204411900
0.0000000000	0.0000000000	0.0000000000	1.0000000000
9	 30	 57	
0.5449053350	-0.5268784930	0.6522861570	0.4947023450
0.4482249520	0.8404781380	0.3044517890	-0.9666546050
-0.7086413540	0.1264735280	0.6941411080	0.7850067710
0.0000000000	0.0000000000	0.0000000000	1.0000000000
9	 38	 57	
0.9963615810	0.0679431127	-0.0514522502	1.2204647600
-0.0749195665	0.9860351790	-0.1487336000	0.5988011130
0.0406283050	0.1520472250	0.9875378380	-1.6628596600
0.0000000000	0.0000000000	0.0000000000	1.0000000000
9	 44	 57	
-0.8241069930	-0.5269618340	-0.2077471760	5.4629128000
-0.0420909820	0.4227200330	-0.9052823440	3.3209091000
0.5648681370	-0.7373052280	-0.3705468760	2.4636588000
0.0000000000	0.0000000000	0.0000000000	1.0000000000
9	 47	 57	
0.2618688760	0.3663053070	0.8928858350	-1.1620347900
-0.6255740150	-0.6400695600	0.4460584160	3.9478092500
0.7349026080	-0.6753749930	0.0615367855	0.6975414700
0.0000000000	0.0000000000	0.0000000000	1.0000000000
9	 49	 57	
-0.0004522998	-0.7086641680	0.7055458120	0.5523610020
0.5448821300	0.5914344730	0.5943977860	-0.3892456260
-0.8385125280	0.3847081510	0.3858709360	1.0838331700
0.0000000000	0.0000000000	0.0000000000	1.0000000000
9	 50	 57	
-0.5042685740	-0.6054134070	0.6157822760	1.9616265500
0.4278394880	0.4442586740	0.7871388720	-0.4158490990
-0.7501110440	0.6603853700	0.0349940740	1.2251649600
0.0000000000	0.0000000000	0.0000000000	1.0000000000
10	 11	 57	
0.9895894960	0.0185549603	0.1427177030	0.0144961026
0.0521978957	0.8778587720	-0.4760665450	0.0809456236
-0.1341193840	0.4785600160	0.8677512900	-0.7633105620
0.0000000000	0.0000000000	0.0000000000	1.0000000000
10	 12	 57	
0.9453348040	0.0036966791	0.3260804240	0.1063486370
0.1765026410	0.8350069550	-0.5211623570	-0.2698977280
-0.2742059920	0.5502269700	0.7887086630	-0.5156833350
0.0000000000	0.0000000000	0.0000000000	1.0000000000
10	 15	 57	
-0.9860734860	-0.0420859363	-0.1608970310	4.3829818700
0.1341616190	-0.7730294640	-0.6200210550	3.3067721300
-0.0982839791	-0.6329725290	0.7679101750	1.7010907000
0.0000000000	0.0000000000	0.0000000000	1.0000000000
10	 16	 57	
0.9794630420	-0.0921362619	0.1793406190	0.1507408700
0.1794991490	0.8035749850	-0.5674921140	0.0990818232
-0.0918270332	0.5880290410	0.8036103800	-0.7841831570
0.0000000000	0.0000000000	0.0000000000	1.0000000000
10	 22	 57	
0.9998775310	0.0021857776	-0.0154966218	-0.1310188030
-0.0130557156	0.6625110120	-0.7489383870	0.8097678420
0.0086296699	0.7490489850	0.6624584120	-1.5653549000
