0	1	57
3305.00000000 0.00000000 0.00000000 0.00000000 10048.00680351 -13111.08558345
0.00000000 3305.00000000 0.00000000 -10048.00680351 0.00000000 13467.54784298
0.00000000 0.00000000 3305.00000000 13111.08558345 -13467.54784298 0.00000000
0.00000000 -10048.00680351 13111.08558345 85619.24609934 -53227.51496519 -42081.87222505
10048.00680351 0.00000000 -13467.54784298 -53227.51496519 91373.14395271 -39340.36625245
-13111.08558345 13467.54784298 0.00000000 -42081.87222505 -39340.36625245 114053.35097477
1	2	57
2723.00000000 0.00000000 0.00000000 0.00000000 7450.75675333 -11479.79212451
0.00000000 2723.00000000 0.00000000 -7450.75675333 0.00000000 10411.36079502
0.00000000 0.00000000 2723.00000000 11479.79212451 -10411.36079502 0.00000000
0.00000000 -7450.75675333 11479.79212451 70902.88919243 -43832.77854578 -28509.12099426
7450.75675333 0.00000000 -10411.36079502 -43832.77854578 63983.70568603 -31163.86104472
-11479.79212451 10411.36079502 0.00000000 -28509.12099426 -31163.86104472 93193.89366898
3	4	57
4096.00000000 0.00000000 0.00000000 0.00000000 11828.39104933 -15552.25160575
0.00000000 4096.00000000 0.00000000 -11828.39104933 0.00000000 14667.54535568
0.00000000 0.00000000 4096.00000000 15552.25160575 -14667.54535568 0.00000000
0.00000000 -11828.39104933 15552.25160575 100097.77717592 -54972.49395356 -39081.75887378
11828.39104933 0.00000000 -14667.54535568 -54972.49395356 96712.43134412 -44289.60762176
-15552.25160575 14667.54535568 0.00000000 -39081.75887378 -44289.60762176 120139.75585331
2	3	57
4001.00000000 0.00000000 0.00000000 0.00000000 14885.88180184 -16642.29093432
0.00000000 4001.00000000 0.00000000 -14885.88180184 0.00000000 13357.86127329
0.00000000 0.00000000 4001.00000000 16642.29093432 -13357.86127329 0.00000000
0.00000000 -14885.88180184 16642.29093432 130819.78860053 -55516.87389697 -46377.64405076
14885.88180184 0.00000000 -13357.86127329 -55516.87389697 109995.11390753 -61346.99325781
-16642.29093432 13357.86127329 0.00000000 -46377.64405076 -61346.99325781 123564.50193323
4	5	57
3766.00000000 0.00000000 0.00000000 0.00000000 13494.46969557 -16735.30564833
0.00000000 3766.00000000 0.00000000 -13494.46969557 0.00000000 12500.97055238
0.00000000 0.00000000 3766.00000000 16735.30564833 -12500.97055238 0.00000000
0.00000000 -13494.46969557 16735.30564833 128151.92583266 -55374.81750887 -42803.26588053
13494.46969557 0.00000000 -12500.97055238 -55374.81750887 97060.41860351 -59919.18539785
-16735.30564833 12500.97055238 0.00000000 -42803.26588053 -59919.18539785 125695.27815919
5	6	57
4912.00000000 0.00000000 0.00000000 0.00000000 17230.24812341 -17948.55394077
0.00000000 4912.00000000 0.00000000 -17230.24812341 0.00000000 13472.86268413
0.00000000 0.00000000 4912.00000000 17948.55394077 -13472.86268413 0.00000000
0.00000000 -17230.24812341 17948.55394077 134320.20594479 -51317.03554930 -43235.53290479
17230.24812341 0.00000000 -13472.86268413 -51317.03554930 111733.27813526 -62581.05356433
-17948.55394077 13472.86268413 0.00000000 -43235.53290479 -62581.05356433 121273.08930643
1	3	57
2448.00000000 0.00000000 0.00000000 0.00000000 8091.97642660 -10495.94155049
0.00000000 2448.00000000 0.00000000 -8091.97642660 0.00000000 10162.08397961
0.00000000 0.00000000 2448.00000000 10495.94155049 -10162.08397961 0.00000000
0.00000000 -8091.97642660 10495.94155049 74593.75127983 -43576.39165739 -32756.93540931
8091.97642660 0.00000000 -10162.08397961 -43576.39165739 71611.11765539 -34244.61763657
-10495.94155049 10162.08397961 0.00000000 -32756.93540931 -34244.61763657 90331.83958088
0	2	57
3708.00000000 0.00000000 0.00000000 0.00000000 9886.27249873 -15999.00385094
0.00000000 3708.00000000 0.00000000 -9886.27249873 0.00000000 11789.39224514
0.00000000 0.00000000 3708.00000000 15999.00385094 -11789.39224514 0.00000000
0.00000000 -9886.27249873 15999.00385094 99128.86189663 -50790.40926757 -31443.63323953
9886.27249873 0.00000000 -11789.39224514 -50790.40926757 73586.32673848 -42113.59305523
-15999.00385094 11789.39224514 0.00000000 -31443.63323953 -42113.59305523 117718.36860306
2	4	57
3918.00000000 0.00000000 0.00000000 0.00000000 11000.17005318 -14190.33012962
0.00000000 3918.00000000 0.00000000 -11000.17005318 0.00000000 15006.33231330
0.00000000 0.00000000 3918.00000000 14190.33012962 -15006.33231330 0.00000000
0.00000000 -11000.17005318 14190.33012962 89199.15739702 -53365.33433510 -38311.51660472
11000.17005318 0.00000000 -15006.33231330 -53365.33433510 98949.94510525 -39477.80574115
-14190.33012962 15006.33231330 0.00000000 -38311.51660472 -39477.80574115 118145.22251289
3	5	57
2872.00000000 0.00000000 0.00000000 0.00000000 10747.17076492 -13612.86520386
0.00000000 2872.00000000 0.00000000 -10747.17076492 0.00000000 8476.51162645
0.00000000 0.00000000 2872.00000000 13612.86520386 -8476.51162645 0.00000000
0.00000000 -10747.17076492 13612.86520386 107983.41563415 -40241.17624291 -30840.97534159
10747.17076492 0.00000000 -8476.51162645 -40241.17624291 68896.04444290 -50639.74535008
-13612.86520386 8476.51162645 0.00000000 -30840.97534159 -50639.74535008 94576.89625930
1	4	57
2848.00000000 0.00000000 0.00000000 0.00000000 6628.36608139 -10505.88419819
0.00000000 2848.00000000 0.00000000 -6628.36608139 0.00000000 12847.31161880
0.00000000 0.00000000 2848.00000000 10505.88419819 -12847.31161880 0.00000000
0.00000000 -6628.36608139 10505.88419819 57890.35123619 -46792.50791503 -28233.13473713
6628.36608139 0.00000000 -12847.31161880 -46792.50791503 78285.39725596 -24161.05384192
-10505.88419819 12847.31161880 0.00000000 -28233.13473713 -24161.05384192 100959.47766024
4	6	57
2884.00000000 0.00000000 0.00000000 0.00000000 11222.99258375 -9929.14673519
0.00000000 2884.00000000 0.00000000 -11222.99258375 0.00000000 4883.88996965
0.00000000 0.00000000 2884.00000000 9929.14673519 -4883.88996965 0.00000000
0.00000000 -11222.99258375 9929.14673519 81889.18009500 -16795.20571238 -18153.80116184
11222.99258375 0.00000000 -4883.88996965 -16795.20571238 55646.82475680 -38756.97589405
-9929.14673519 4883.88996965 0.00000000 -18153.80116184 -38756.97589405 48854.87497244
0	3	57
3755.00000000 0.00000000 0.00000000 0.00000000 13373.19518614 -16178.02987885
0.00000000 3755.00000000 0.00000000 -13373.19518614 0.00000000 13511.91817665
0.00000000 0.00000000 3755.00000000 16178.02987885 -13511.91817665 0.00000000
0.00000000 -13373.19518614 16178.02987885 123001.13423208 -58169.82205071 -45794.09020917
13373.19518614 0.00000000 -13511.91817665 -58169.82205071 103884.50741133 -56803.37748561
-16178.02987885 13511.91817665 0.00000000 -45794.09020917 -56803.37748561 125795.70066850
6	7	57
4003.00000000 0.00000000 0.00000000 0.00000000 14631.45105964 -17583.43607771
0.00000000 4003.00000000 0.00000000 -14631.45105964 0.00000000 18543.07686472
0.00000000 0.00000000 4003.00000000 17583.43607771 -18543.07686472 0.00000000
0.00000000 -14631.45105964 17583.43607771 143560.87158081 -81574.53877807 -63223.09115533
14631.45105964 0.00000000 -18543.07686472 -81574.53877807 150236.89112795 -63002.54408281
-17583.43607771 18543.07686472 0.00000000 -63223.09115533 -63002.54408281 171517.56160637
2	5	57
2959.00000000 0.00000000 0.00000000 0.00000000 11038.95264411 -13770.42055893
0.00000000 2959.00000000 0.00000000 -11038.95264411 0.00000000 8940.85907862
0.00000000 0.00000000 2959.00000000 13770.42055893 -8940.85907862 0.00000000
0.00000000 -11038.95264411 13770.42055893 108572.17280977 -41641.23091156 -31972.82238384
11038.95264411 0.00000000 -8940.85907862 -41641.23091156 73314.08977959 -51199.58776997
-13770.42055893 8940.85907862 0.00000000 -31972.82238384 -51199.58776997 97369.38456138
3	6	57
2046.00000000 0.00000000 0.00000000 0.00000000 8322.38112140 -7636.36906970
0.00000000 2046.00000000 0.00000000 -8322.38112140 0.00000000 2719.74362026
0.00000000 0.00000000 2046.00000000 7636.36906970 -2719.74362026 0.00000000
0.00000000 -8322.38112140 7636.36906970 64733.18175633 -10253.13843200 -10803.87588128
8322.38112140 0.00000000 -2719.74362026 -10253.13843200 38980.46995827 -30823.61920532
-7636.36906970 2719.74362026 0.00000000 -10803.87588128 -30823.61920532 35226.43736149
5	7	57
3860.00000000 0.00000000 0.00000000 0.00000000 15028.20599386 -18763.28912354
0.00000000 3860.00000000 0.00000000 -15028.20599386 0.00000000 16691.39830780
0.00000000 0.00000000 3860.00000000 18763.28912354 -16691.39830780 0.00000000
0.00000000 -15028.20599386 18763.28912354 161279.81481391 -80521.94709686 -58834.33997371
15028.20599386 0.00000000 -16691.39830780 -80521.94709686 144570.25235803 -73040.78762655
-18763.28912354 16691.39830780 0.00000000 -58834.33997371 -73040.78762655 171166.89026634
1	5	57
3063.00000000 0.00000000 0.00000000 0.00000000 10465.81194925 -14829.47407293
0.00000000 3063.00000000 0.00000000 -10465.81194925 0.00000000 11257.79393685
0.00000000 0.00000000 3063.00000000 14829.47407293 -11257.79393685 0.00000000
0.00000000 -10465.81194925 14829.47407293 110897.21511461 -54688.00968142 -36659.93789269
10465.81194925 0.00000000 -11257.79393685 -54688.00968142 83197.04738133 -50057.48384255
-14829.47407293 11257.79393685 0.00000000 -36659.93789269 -50057.48384255 120043.51794642
0	4	57
3591.00000000 0.00000000 0.00000000 0.00000000 9162.03043109 -13620.85944819
0.00000000 3591.00000000 0.00000000 -9162.03043109 0.00000000 14599.36413133
0.00000000 0.00000000 3591.00000000 13620.85944819 -14599.36413133 0.00000000
0.00000000 -9162.03043109 13620.85944819 80680.30965307 -54394.20976810 -34221.72445685
9162.03043109 0.00000000 -14599.36413133 -54394.20976810 91775.12350949 -34562.99192058
-13620.85944819 14599.36413133 0.00000000 -34221.72445685 -34562.99192058 118526.08377922
2	6	57
1994.00000000 0.00000000 0.00000000 0.00000000 7987.53404593 -7191.99877155
0.00000000 1994.00000000 0.00000000 -7987.53404593 0.00000000 3022.33478269
0.00000000 0.00000000 1994.00000000 7191.99877155 -3022.33478269 0.00000000
0.00000000 -7987.53404593 7191.99877155 59968.35258287 -11099.00111711 -11680.81538901
7987.53404593 0.00000000 -3022.33478269 -11099.00111711 38667.95447107 -28618.14493152
-7191.99877155 3022.33478269 0.00000000 -11680.81538901 -28618.14493152 34009.57234358
4	7	57
3396.00000000 0.00000000 0.00000000 0.00000000 16438.21900344 -17167.03382874
0.00000000 3396.00000000 0.00000000 -16438.21900344 0.00000000 11914.18236780
0.00000000 0.00000000 3396.00000000 17167.03382874 -11914.18236780 0.00000000
0.00000000 -16438.21900344 17167.03382874 174581.90814403 -58981.77510487 -53305.31296885
16438.21900344 0.00000000 -11914.18236780 -58981.77510487 131566.87296316 -83698.30153055
-17167.03382874 11914.18236780 0.00000000 -53305.31296885 -83698.30153055 136032.41316807
1	6	57
2552.00000000 0.00000000 0.00000000 0.00000000 9854.14470530 -9880.22448027
0.00000000 2552.00000000 0.00000000 -9854.14470530 0.00000000 4946.56900066
0.00000000 0.00000000 2552.00000000 9880.22448027 -4946.56900066 0.00000000
0.00000000 -9854.14470530 9880.22448027 78928.54036220 -19439.25830000 -18136.67115524
9854.14470530 0.00000000 -4946.56900066 -19439.25830000 51453.19411490 -37809.57624247
-9880.22448027 4946.56900066 0.00000000 -18136.67115524 -37809.57624247 53101.50278581
0	5	57
3078.00000000 0.00000000 0.00000000 0.00000000 10929.06092644 -14939.28383088
0.00000000 3078.00000000 0.00000000 -10929.06092644 0.00000000 10556.05193737
0.00000000 0.00000000 3078.00000000 14939.28383088 -10556.05193737 0.00000000
0.00000000 -10929.06092644 14939.28383088 114761.02773792 -51257.79125211 -35670.42539620
10929.06092644 0.00000000 -10556.05193737 -51257.79125211 81275.23334230 -52594.34571336
-14939.28383088 10556.05193737 0.00000000 -35670.42539620 -52594.34571336 115740.52123485
3	7	57
3107.00000000 0.00000000 0.00000000 0.00000000 16832.41887689 -16811.77512670
0.00000000 3107.00000000 0.00000000 -16832.41887689 0.00000000 8690.29631731
0.00000000 0.00000000 3107.00000000 16811.77512670 -8690.29631731 0.00000000
0.00000000 -16832.41887689 16811.77512670 187977.08041348 -45901.83778040 -43605.57052133
16832.41887689 0.00000000 -8690.29631731 -45901.83778040 124285.55233587 -91485.96236434
-16811.77512670 8690.29631731 0.00000000 -43605.57052133 -91485.96236434 121932.42654083
2	7	57
2949.00000000 0.00000000 0.00000000 0.00000000 15196.98695445 -15722.86299133
0.00000000 2949.00000000 0.00000000 -15196.98695445 0.00000000 9147.72405249
0.00000000 0.00000000 2949.00000000 15722.86299133 -9147.72405249 0.00000000
0.00000000 -15196.98695445 15722.86299133 168163.34914075 -47840.27431139 -43688.32600215
15196.98695445 0.00000000 -9147.72405249 -47840.27431139 115135.11836349 -81374.88084313
-15722.86299133 9147.72405249 0.00000000 -43688.32600215 -81374.88084313 118133.90346968
0	6	57
2424.00000000 0.00000000 0.00000000 0.00000000 9521.75907469 -9365.20959091
0.00000000 2424.00000000 0.00000000 -9521.75907469 0.00000000 4278.64370836
0.00000000 0.00000000 2424.00000000 9365.20959091 -4278.64370836 0.00000000
0.00000000 -9521.75907469 9365.20959091 76125.31683185 -16625.22706178 -16066.67683723
9521.75907469 0.00000000 -4278.64370836 -16625.22706178 48214.87851342 -36500.81404475
-9365.20959091 4278.64370836 0.00000000 -16066.67683723 -36500.81404475 48448.57850747
5	8	57
5526.00000000 0.00000000 0.00000000 0.00000000 27964.07193565 -32017.96388459
0.00000000 5526.00000000 0.00000000 -27964.07193565 0.00000000 14769.79584493
0.00000000 0.00000000 5526.00000000 32017.96388459 -14769.79584493 0.00000000
0.00000000 -27964.07193565 32017.96388459 339942.33864608 -85854.14849327 -66117.84174572
27964.07193565 0.00000000 -14769.79584493 -85854.14849327 202624.90553794 -159277.33593825
-32017.96388459 14769.79584493 0.00000000 -66117.84174572 -159277.33593825 244419.53576763
6	8	57
5662.00000000 0.00000000 0.00000000 0.00000000 29009.02351832 -30702.88648891
0.00000000 5662.00000000 0.00000000 -29009.02351832 0.00000000 15822.56470025
0.00000000 0.00000000 5662.00000000 30702.88648891 -15822.56470025 0.00000000
0.00000000 -29009.02351832 30702.88648891 331499.03147546 -86689.01720364 -73843.67165128
29009.02351832 0.00000000 -15822.56470025 -86689.01720364 211079.09308396 -153338.42671316
-30702.88648891 15822.56470025 0.00000000 -73843.67165128 -153338.42671316 231343.85423970
1	7	57
2019.00000000 0.00000000 0.00000000 0.00000000 8551.70069623 -10649.81704998
0.00000000 2019.00000000 0.00000000 -8551.70069623 0.00000000 8136.92178679
0.00000000 0.00000000 2019.00000000 10649.81704998 -8136.92178679 0.00000000
0.00000000 -8551.70069623 10649.81704998 95730.44737395 -42640.60979937 -32654.92825121
8551.70069623 0.00000000 -8136.92178679 -42640.60979937 73402.02213394 -45030.23314856
-10649.81704998 8136.92178679 0.00000000 -32654.92825121 -45030.23314856 91400.85672842
4	8	57
3232.00000000 0.00000000 0.00000000 0.00000000 18558.42492819 -18499.71113276
0.00000000 3232.00000000 0.00000000 -18558.42492819 0.00000000 5744.97035421
0.00000000 0.00000000 3232.00000000 18499.71113276 -5744.97035421 0.00000000
0.00000000 -18558.42492819 18499.71113276 217355.81893383 -32430.01859653 -31423.46018872
18558.42492819 0.00000000 -5744.97035421 -32430.01859653 122116.58685222 -105214.80632516
-18499.71113276 5744.97035421 0.00000000 -31423.46018872 -105214.80632516 122755.05941917
7	8	57
6346.00000000 0.00000000 0.00000000 0.00000000 34288.36921978 -26048.78229952
0.00000000 6346.00000000 0.00000000 -34288.36921978 0.00000000 16462.91791207
0.00000000 0.00000000 6346.00000000 26048.78229952 -16462.91791207 0.00000000
0.00000000 -34288.36921978 26048.78229952 313649.61264368 -66982.97865155 -78012.25443139
34288.36921978 0.00000000 -16462.91791207 -66982.97865155 254708.28794583 -141751.43207726
-26048.78229952 16462.91791207 0.00000000 -78012.25443139 -141751.43207726 181613.09460344
3	8	57
2314.00000000 0.00000000 0.00000000 0.00000000 13477.00268078 -14051.81069708
0.00000000 2314.00000000 0.00000000 -13477.00268078 0.00000000 3349.01930280
0.00000000 0.00000000 2314.00000000 14051.81069708 -3349.01930280 0.00000000
0.00000000 -13477.00268078 14051.81069708 166597.82877597 -20177.56706860 -18920.20576748
13477.00268078 0.00000000 -3349.01930280 -20177.56706860 85976.86084727 -81076.25778871
-14051.81069708 3349.01930280 0.00000000 -18920.20576748 -81076.25778871 93222.38658511
0	7	57
2391.00000000 0.00000000 0.00000000 0.00000000 11111.12014008 -12866.08154345
0.00000000 2391.00000000 0.00000000 -11111.12014008 0.00000000 8502.75152981
0.00000000 0.00000000 2391.00000000 12866.08154345 -8502.75152981 0.00000000
0.00000000 -11111.12014008 12866.08154345 125418.65915834 -45035.30679382 -36728.14449435
11111.12014008 0.00000000 -8502.75152981 -45035.30679382 88645.21562771 -60066.35303313
-12866.08154345 8502.75152981 0.00000000 -36728.14449435 -60066.35303313 103801.51189769
2	8	57
2309.00000000 0.00000000 0.00000000 0.00000000 13378.78204584 -13722.85035086
0.00000000 2309.00000000 0.00000000 -13378.78204584 0.00000000 3665.61325412
0.00000000 0.00000000 2309.00000000 13722.85035086 -3665.61325412 0.00000000
0.00000000 -13378.78204584 13722.85035086 161718.06806764 -21664.54785762 -20274.68841720
13378.78204584 0.00000000 -3665.61325412 -21664.54785762 86714.18186116 -78827.25103852
-13722.85035086 3665.61325412 0.00000000 -20274.68841720 -78827.25103852 91026.98675820
6	9	57
2559.00000000 0.00000000 0.00000000 0.00000000 10516.38382387 -8165.54313612
0.00000000 2559.00000000 0.00000000 -10516.38382387 0.00000000 6644.90843165
0.00000000 0.00000000 2559.00000000 8165.54313612 -6644.90843165 0.00000000
0.00000000 -10516.38382387 8165.54313612 71790.22275779 -21757.93037685 -25457.08865434
10516.38382387 0.00000000 -6644.90843165 -21757.93037685 65448.47685763 -33083.56242884
-8165.54313612 6644.90843165 0.00000000 -25457.08865434 -33083.56242884 48524.44974760
5	9	57
2886.00000000 0.00000000 0.00000000 0.00000000 11581.22248149 -9566.44038379
0.00000000 2886.00000000 0.00000000 -11581.22248149 0.00000000 8041.53965327
0.00000000 0.00000000 2886.00000000 9566.44038379 -8041.53965327 0.00000000
0.00000000 -11581.22248149 9566.44038379 81277.52621958 -27594.47877148 -30254.99527979
11581.22248149 0.00000000 -8041.53965327 -27594.47877148 74578.82718015 -37705.08989401
-9566.44038379 8041.53965327 0.00000000 -30254.99527979 -37705.08989401 60532.61361198
1	8	57
2858.00000000 0.00000000 0.00000000 0.00000000 15569.76715422 -17531.51261425
0.00000000 2858.00000000 0.00000000 -15569.76715422 0.00000000 5604.27458447
0.00000000 0.00000000 2858.00000000 17531.51261425 -5604.27458447 0.00000000
0.00000000 -15569.76715422 17531.51261425 195974.58366066 -33963.15355990 -28698.42414599
15569.76715422 0.00000000 -5604.27458447 -33963.15355990 101537.16776823 -94771.78566441
-17531.51261425 5604.27458447 0.00000000 -28698.42414599 -94771.78566441 123795.11487287
1	9	57
1271.00000000 0.00000000 0.00000000 0.00000000 5713.14395380 -3768.92845058
0.00000000 1271.00000000 0.00000000 -5713.14395380 0.00000000 2304.08825448
0.00000000 0.00000000 1271.00000000 3768.92845058 -2304.08825448 0.00000000
0.00000000 -5713.14395380 3768.92845058 37743.34036881 -6708.47432729 -9969.03196359
5713.14395380 0.00000000 -2304.08825448 -6708.47432729 30933.24819781 -16885.39248048
-3768.92845058 2304.08825448 0.00000000 -9969.03196359 -16885.39248048 16713.61928162
0	8	57
2596.00000000 0.00000000 0.00000000 0.00000000 14348.43990064 -15912.96190023
0.00000000 2596.00000000 0.00000000 -14348.43990064 0.00000000 4874.08902111
0.00000000 0.00000000 2596.00000000 15912.96190023 -4874.08902111 0.00000000
0.00000000 -14348.43990064 15912.96190023 180024.84919952 -29533.18278767 -25572.04349635
14348.43990064 0.00000000 -4874.08902111 -29533.18278767 93100.75013587 -87246.52750448
-15912.96190023 4874.08902111 0.00000000 -25572.04349635 -87246.52750448 111149.23307911
1	40	57
1902.00000000 0.00000000 0.00000000 0.00000000 13146.69950342 -8339.21354413
0.00000000 1902.00000000 0.00000000 -13146.69950342 0.00000000 13499.25296211
0.00000000 0.00000000 1902.00000000 8339.21354413 -13499.25296211 0.00000000
0.00000000 -13146.69950342 8339.21354413 129994.25205547 -59215.40096219 -92933.90304362
13146.69950342 0.00000000 -13499.25296211 -59215.40096219 188258.76997850 -56921.83705604
-8339.21354413 13499.25296211 0.00000000 -92933.90304362 -56921.83705604 134380.53911378
2	40	57
2444.00000000 0.00000000 0.00000000 0.00000000 17413.65987968 -10168.32796979
0.00000000 2444.00000000 0.00000000 -17413.65987968 0.00000000 16400.92866278
0.00000000 0.00000000 2444.00000000 10168.32796979 -16400.92866278 0.00000000
0.00000000 -17413.65987968 10168.32796979 169531.69858987 -68147.77355490 -116297.51593407
17413.65987968 0.00000000 -16400.92866278 -68147.77355490 236689.55926758 -71936.26401468
-10168.32796979 16400.92866278 0.00000000 -116297.51593407 -71936.26401468 156228.95899337
0	40	57
2367.00000000 0.00000000 0.00000000 0.00000000 16501.87669897 -10481.68150234
0.00000000 2367.00000000 0.00000000 -16501.87669897 0.00000000 16165.23344135
0.00000000 0.00000000 2367.00000000 10481.68150234 -16165.23344135 0.00000000
0.00000000 -16501.87669897 10481.68150234 164455.41080299 -71539.03700093 -112145.09532691
16501.87669897 0.00000000 -16165.23344135 -71539.03700093 228062.75954004 -72356.93443730
-10481.68150234 16165.23344135 0.00000000 -112145.09532691 -72356.93443730 160121.93348068
3	40	57
2723.00000000 0.00000000 0.00000000 0.00000000 19111.85478544 -11825.96515965
0.00000000 2723.00000000 0.00000000 -19111.85478544 0.00000000 18208.95526981
0.00000000 0.00000000 2723.00000000 11825.96515965 -18208.95526981 0.00000000
0.00000000 -19111.85478544 11825.96515965 189207.69439039 -78758.60912696 -127209.21804100
19111.85478544 0.00000000 -18208.95526981 -78758.60912696 259095.51334861 -82288.25967552
-11825.96515965 18208.95526981 0.00000000 -127209.21804100 -82288.25967552 177680.77717252
4	40	57
2691.00000000 0.00000000 0.00000000 0.00000000 18898.62629890 -10901.22563922
0.00000000 2691.00000000 0.00000000 -18898.62629890 0.00000000 18450.28766584
0.00000000 0.00000000 2691.00000000 10901.22563922 -18450.28766584 0.00000000
0.00000000 -18898.62629890 10901.22563922 181344.33935953 -74630.84684204 -129085.09144426
18898.62629890 0.00000000 -18450.28766584 -74630.84684204 261647.73706423 -75759.90945959
-10901.22563922 18450.28766584 0.00000000 -129085.09144426 -75759.90945959 175470.26903399
6	40	57
2197.00000000 0.00000000 0.00000000 0.00000000 14748.73114300 -7867.88601908
0.00000000 2197.00000000 0.00000000 -14748.73114300 0.00000000 16067.93408442
0.00000000 0.00000000 2197.00000000 7867.88601908 -16067.93408442 0.00000000
0.00000000 -14748.73114300 7867.88601908 133791.19400664 -57141.94514632 -107761.86365709
14748.73114300 0.00000000 -16067.93408442 -57141.94514632 217796.93046492 -51756.72330998
-7867.88601908 16067.93408442 0.00000000 -107761.86365709 -51756.72330998 151914.50345774
5	40	57
2564.00000000 0.00000000 0.00000000 0.00000000 17866.64593363 -10190.51171684
0.00000000 2564.00000000 0.00000000 -17866.64593363 0.00000000 18060.54330921
0.00000000 0.00000000 2564.00000000 10190.51171684 -18060.54330921 0.00000000
0.00000000 -17866.64593363 10190.51171684 169718.80022553 -71873.83832097 -125334.41220577
17866.64593363 0.00000000 -18060.54330921 -71873.83832097 253839.35769495 -69884.12975235
-10190.51171684 18060.54330921 0.00000000 -125334.41220577 -69884.12975235 172083.67733638
1	42	57
2583.00000000 0.00000000 0.00000000 0.00000000 17489.52755308 -14335.33757043
0.00000000 2583.00000000 0.00000000 -17489.52755308 0.00000000 14524.60166335
0.00000000 0.00000000 2583.00000000 14335.33757043 -14524.60166335 0.00000000
0.00000000 -17489.52755308 14335.33757043 200885.90016672 -80321.73423943 -97020.40003878
17489.52755308 0.00000000 -14524.60166335 -80321.73423943 204170.48659582 -96546.49814963
-14335.33757043 14524.60166335 0.00000000 -97020.40003878 -96546.49814963 165449.83758196
2	42	57
2961.00000000 0.00000000 0.00000000 0.00000000 20905.66490746 -16084.29607081
0.00000000 2961.00000000 0.00000000 -20905.66490746 0.00000000 14685.41119576
0.00000000 0.00000000 2961.00000000 16084.29607081 -14685.41119576 0.00000000
0.00000000 -20905.66490746 16084.29607081 238308.62930459 -79200.86416711 -102477.28736320
20905.66490746 0.00000000 -14685.41119576 -79200.86416711 226029.19422115 -113176.80776868
-16084.29607081 14685.41119576 0.00000000 -102477.28736320 -113176.80776868 167092.86287582
0	42	57
3040.00000000 0.00000000 0.00000000 0.00000000 20872.23219776 -17128.71887398
0.00000000 3040.00000000 0.00000000 -20872.23219776 0.00000000 15889.84507227
0.00000000 0.00000000 3040.00000000 17128.71887398 -15889.84507227 0.00000000
0.00000000 -20872.23219776 17128.71887398 243095.32131321 -88965.33224545 -107671.00352951
20872.23219776 0.00000000 -15889.84507227 -88965.33224545 232275.72094142 -117146.54050344
-17128.71887398 15889.84507227 0.00000000 -107671.00352951 -117146.54050344 185974.32745030
4	42	57
3663.00000000 0.00000000 0.00000000 0.00000000 25410.47275639 -19020.94652724
0.00000000 3663.00000000 0.00000000 -25410.47275639 0.00000000 19551.66266513
0.00000000 0.00000000 3663.00000000 19020.94652724 -19551.66266513 0.00000000
0.00000000 -25410.47275639 19020.94652724 280661.03047003 -100535.13875954 -133829.60421856
25410.47275639 0.00000000 -19551.66266513 -100535.13875954 287603.84412291 -131375.96812907
-19020.94652724 19551.66266513 0.00000000 -133829.60421856 -131375.96812907 212522.28113350
3	42	57
3169.00000000 0.00000000 0.00000000 0.00000000 22392.27622461 -17724.08230853
0.00000000 3169.00000000 0.00000000 -22392.27622461 0.00000000 14985.15027583
0.00000000 0.00000000 3169.00000000 17724.08230853 -14985.15027583 0.00000000
0.00000000 -22392.27622461 17724.08230853 261060.36386893 -82984.85932328 -105095.13435828
22392.27622461 0.00000000 -14985.15027583 -82984.85932328 234720.15148465 -124612.86082678
-17724.08230853 14985.15027583 0.00000000 -105095.13435828 -124612.86082678 176975.27643581
6	42	57
3642.00000000 0.00000000 0.00000000 0.00000000 24516.24713373 -16878.87414896
0.00000000 3642.00000000 0.00000000 -24516.24713373 0.00000000 21494.73060346
0.00000000 0.00000000 3642.00000000 16878.87414896 -21494.73060346 0.00000000
0.00000000 -24516.24713373 16878.87414896 253032.63821603 -99265.67997276 -143445.77379578
24516.24713373 0.00000000 -21494.73060346 -99265.67997276 296296.87626122 -111866.09851517
-16878.87414896 21494.73060346 0.00000000 -143445.77379578 -111866.09851517 215732.57488805
5	42	57
3581.00000000 0.00000000 0.00000000 0.00000000 24558.20247650 -18461.13918853
0.00000000 3581.00000000 0.00000000 -24558.20247650 0.00000000 20087.95289874
0.00000000 0.00000000 3581.00000000 18461.13918853 -20087.95289874 0.00000000
0.00000000 -24558.20247650 18461.13918853 269721.92545671 -103307.10892967 -135860.93116531
24558.20247650 0.00000000 -20087.95289874 -103307.10892967 287029.02958401 -125518.46583158
-18461.13918853 20087.95289874 0.00000000 -135860.93116531 -125518.46583158 216006.92099307
6	43	57
2439.00000000 0.00000000 0.00000000 0.00000000 13349.92625213 -16780.01981258
0.00000000 2439.00000000 0.00000000 -13349.92625213 0.00000000 14387.03180957
0.00000000 0.00000000 2439.00000000 16780.01981258 -14387.03180957 0.00000000
0.00000000 -13349.92625213 16780.01981258 192425.14845395 -99230.89710601 -75775.90595797
13349.92625213 0.00000000 -14387.03180957 -99230.89710601 164451.30493071 -91076.08619530
-16780.01981258 14387.03180957 0.00000000 -75775.90595797 -91076.08619530 205633.06382132
7	40	57
4195.00000000 0.00000000 0.00000000 0.00000000 27902.49207139 -9382.88309054
0.00000000 4195.00000000 0.00000000 -27902.49207139 0.00000000 27456.94124913
0.00000000 0.00000000 4195.00000000 9382.88309054 -27456.94124913 0.00000000
0.00000000 -27902.49207139 9382.88309054 221479.69301508 -61191.76699105 -182510.87432626
27902.49207139 0.00000000 -27456.94124913 -61191.76699105 373605.03105893 -66312.36904277
-9382.88309054 27456.94124913 0.00000000 -182510.87432626 -66312.36904277 214227.65986494
6	44	57
2383.00000000 0.00000000 0.00000000 0.00000000 14178.94550085 -13187.59933662
0.00000000 2383.00000000 0.00000000 -14178.94550085 0.00000000 6392.58934285
0.00000000 0.00000000 2383.00000000 13187.59933662 -6392.58934285 0.00000000
0.00000000 -14178.94550085 13187.59933662 159325.80888312 -36089.37875831 -38186.27445288
14178.94550085 0.00000000 -6392.58934285 -36089.37875831 106309.83431573 -78309.99067458
-13187.59933662 6392.58934285 0.00000000 -38186.27445288 -78309.99067458 96805.42502646
7	41	57
3446.00000000 0.00000000 0.00000000 0.00000000 21895.47531176 -19525.75214481
0.00000000 3446.00000000 0.00000000 -21895.47531176 0.00000000 23799.68300962
0.00000000 0.00000000 3446.00000000 19525.75214481 -23799.68300962 0.00000000
0.00000000 -21895.47531176 19525.75214481 257867.61102888 -135587.03756351 -151441.43075696
21895.47531176 0.00000000 -23799.68300962 -135587.03756351 308514.73450298 -125648.34394968
-19525.75214481 23799.68300962 0.00000000 -151441.43075696 -125648.34394968 282370.73448463
7	42	57
6133.00000000 0.00000000 0.00000000 0.00000000 41751.72260618 -21504.59803593
0.00000000 6133.00000000 0.00000000 -41751.72260618 0.00000000 29707.48914611
0.00000000 0.00000000 6133.00000000 21504.59803593 -29707.48914611 0.00000000
0.00000000 -41751.72260618 21504.59803593 382721.25422156 -99909.01788600 -198193.65514704
41751.72260618 0.00000000 -29707.48914611 -99909.01788600 448995.66037270 -151100.49831275
-21504.59803593 29707.48914611 0.00000000 -198193.65514704 -151100.49831275 252210.20107204
7	43	57
5976.00000000 0.00000000 0.00000000 0.00000000 33377.91956711 -35138.01217175
0.00000000 5976.00000000 0.00000000 -33377.91956711 0.00000000 30084.93867362
0.00000000 0.00000000 5976.00000000 35138.01217175 -30084.93867362 0.00000000
0.00000000 -33377.91956711 35138.01217175 406273.43503195 -177282.04943652 -163079.84197266
33377.91956711 0.00000000 -30084.93867362 -177282.04943652 359003.15344411 -197003.54184851
-35138.01217175 30084.93867362 0.00000000 -163079.84197266 -197003.54184851 382213.53509173
7	44	57
4123.00000000 0.00000000 0.00000000 0.00000000 23800.67707562 -18684.38782024
0.00000000 4123.00000000 0.00000000 -23800.67707562 0.00000000 12630.54730487
0.00000000 0.00000000 4123.00000000 18684.38782024 -12630.54730487 0.00000000
0.00000000 -23800.67707562 18684.38782024 230650.17084889 -57854.45629149 -74086.96120666
23800.67707562 0.00000000 -12630.54730487 -57854.45629149 187183.47025552 -109122.66935850
-18684.38782024 12630.54730487 0.00000000 -74086.96120666 -109122.66935850 140002.16412997
1	56	57
1394.00000000 0.00000000 0.00000000 0.00000000 9507.31843901 -2865.50501478
0.00000000 1394.00000000 0.00000000 -9507.31843901 0.00000000 10384.16771603
0.00000000 0.00000000 1394.00000000 2865.50501478 -10384.16771603 0.00000000
0.00000000 -9507.31843901 2865.50501478 72398.22901535 -21364.34383314 -70647.80063674
9507.31843901 0.00000000 -10384.16771603 -21364.34383314 143162.14527214 -19010.42522961
-2865.50501478 10384.16771603 0.00000000 -70647.80063674 -19010.42522961 84422.58777038
11	12	57
2038.00000000 0.00000000 0.00000000 0.00000000 5532.66502786 -8893.54088783
0.00000000 2038.00000000 0.00000000 -5532.66502786 0.00000000 8398.17740393
0.00000000 0.00000000 2038.00000000 8893.54088783 -8398.17740393 0.00000000
0.00000000 -5532.66502786 8893.54088783 56220.74510440 -36655.40918029 -23109.65152430
5532.66502786 0.00000000 -8398.17740393 -36655.40918029 51749.66374863 -24151.74802214
-8893.54088783 8398.17740393 0.00000000 -23109.65152430 -24151.74802214 77340.07437212
12	13	57
2190.00000000 0.00000000 0.00000000 0.00000000 5941.96106166 -9208.64596653
0.00000000 2190.00000000 0.00000000 -5941.96106166 0.00000000 8444.06872940
0.00000000 0.00000000 2190.00000000 9208.64596653 -8444.06872940 0.00000000
0.00000000 -5941.96106166 9208.64596653 56910.42610823 -35387.68179483 -22724.99958456
5941.96106166 0.00000000 -8444.06872940 -35387.68179483 51182.23720683 -25257.09006969
-9208.64596653 8444.06872940 0.00000000 -22724.99958456 -25257.09006969 74026.72493031
10	11	57
2173.00000000 0.00000000 0.00000000 0.00000000 6528.28966165 -9031.70009303
0.00000000 2173.00000000 0.00000000 -6528.28966165 0.00000000 9046.08368790
0.00000000 0.00000000 2173.00000000 9031.70009303 -9046.08368790 0.00000000
0.00000000 -6528.28966165 9031.70009303 59231.02894325 -37510.61123715 -27328.26366500
6528.28966165 0.00000000 -9046.08368790 -37510.61123715 60538.69790971 -27299.49996387
-9031.70009303 9046.08368790 0.00000000 -27328.26366500 -27299.49996387 80033.96515203
13	14	57
3114.00000000 0.00000000 0.00000000 0.00000000 8055.40465450 -11412.64920795
0.00000000 3114.00000000 0.00000000 -8055.40465450 0.00000000 11609.12273002
0.00000000 0.00000000 3114.00000000 11412.64920795 -11609.12273002 0.00000000
0.00000000 -8055.40465450 11412.64920795 66204.45886107 -42588.94749691 -29593.92063076
8055.40465450 0.00000000 -11609.12273002 -42588.94749691 68299.74850013 -29428.51502415
-11412.64920795 11609.12273002 0.00000000 -29593.92063076 -29428.51502415 90419.91927754
14	15	57
1593.00000000 0.00000000 0.00000000 0.00000000 4147.34980679 -6574.71814585
0.00000000 1593.00000000 0.00000000 -4147.34980679 0.00000000 6500.99390960
0.00000000 0.00000000 1593.00000000 6574.71814585 -6500.99390960 0.00000000
0.00000000 -4147.34980679 6574.71814585 39181.38622271 -26867.95757082 -17165.71480842
4147.34980679 0.00000000 -6500.99390960 -26867.95757082 39478.38335953 -17175.09068249
-6574.71814585 6500.99390960 0.00000000 -17165.71480842 -17175.09068249 56709.58479246
9	10	57
2800.00000000 0.00000000 0.00000000 0.00000000 8758.84246993 -11250.29354739
0.00000000 2800.00000000 0.00000000 -8758.84246993 0.00000000 11090.17994773
0.00000000 0.00000000 2800.00000000 11250.29354739 -11090.17994773 0.00000000
0.00000000 -8758.84246993 11250.29354739 75065.95391095 -44241.19087542 -35089.15251861
8758.84246993 0.00000000 -11090.17994773 -44241.19087542 76168.04392562 -35352.48596478
-11250.29354739 11090.17994773 0.00000000 -35089.15251861 -35352.48596478 94703.51694571
12	14	57
2190.00000000 0.00000000 0.00000000 0.00000000 5305.01400864 -6513.77678597
0.00000000 2190.00000000 0.00000000 -5305.01400864 0.00000000 6975.34652448
0.00000000 0.00000000 2190.00000000 6513.77678597 -6975.34652448 0.00000000
0.00000000 -5305.01400864 6513.77678597 35821.33745125 -20505.31830055 -16920.90862713
5305.01400864 0.00000000 -6975.34652448 -20505.31830055 37613.37637845 -16959.87364396
-6513.77678597 6975.34652448 0.00000000 -16920.90862713 -16959.87364396 44928.40774150
10	12	57
2683.00000000 0.00000000 0.00000000 0.00000000 7026.82752943 -13511.32497573
0.00000000 2683.00000000 0.00000000 -7026.82752943 0.00000000 11550.50990033
0.00000000 0.00000000 2683.00000000 13511.32497573 -11550.50990033 0.00000000
0.00000000 -7026.82752943 13511.32497573 90959.42546769 -58723.75757102 -30307.41825514
7026.82752943 0.00000000 -11550.50990033 -58723.75757102 70976.60285353 -35263.33007932
-13511.32497573 11550.50990033 0.00000000 -30307.41825514 -35263.33007932 123663.37936904
12	15	57
1124.00000000 0.00000000 0.00000000 0.00000000 2827.24562824 -4565.17502856
0.00000000 1124.00000000 0.00000000 -2827.24562824 0.00000000 3777.08904982
0.00000000 0.00000000 1124.00000000 4565.17502856 -3777.08904982 0.00000000
0.00000000 -2827.24562824 4565.17502856 26753.93096836 -15589.24188539 -9602.95121907
2827.24562824 0.00000000 -3777.08904982 -15589.24188539 20569.98031795 -11586.48926869
-4565.17502856 3777.08904982 0.00000000 -9602.95121907 -11586.48926869 32790.55294180
11	15	57
872.00000000 0.00000000 0.00000000 0.00000000 2119.16569471 -3142.66698587
0.00000000 872.00000000 0.00000000 -2119.16569471 0.00000000 2560.51472974
0.00000000 0.00000000 872.00000000 3142.66698587 -2560.51472974 0.00000000
0.00000000 -2119.16569471 3142.66698587 17586.93180818 -9263.82383800 -6242.56789275
2119.16569471 0.00000000 -2560.51472974 -9263.82383800 12957.85248509 -7699.04749841
-3142.66698587 2560.51472974 0.00000000 -6242.56789275 -7699.04749841 20010.19151893
10	13	57
1972.00000000 0.00000000 0.00000000 0.00000000 5084.00879043 -8557.03546596
0.00000000 1972.00000000 0.00000000 -5084.00879043 0.00000000 7016.56073689
0.00000000 0.00000000 1972.00000000 8557.03546596 -7016.56073689 0.00000000
0.00000000 -5084.00879043 8557.03546596 52675.90862174 -30326.91920802 -17914.59796681
5084.00879043 0.00000000 -7016.56073689 -30326.91920802 40280.42584194 -21937.58865096
-8557.03546596 7016.56073689 0.00000000 -17914.59796681 -21937.58865096 64320.56451646
13	16	57
1600.00000000 0.00000000 0.00000000 0.00000000 3188.36826491 -9319.82781172
0.00000000 1600.00000000 0.00000000 -3188.36826491 0.00000000 6143.11135626
0.00000000 0.00000000 1600.00000000 9319.82781172 -6143.11135626 0.00000000
0.00000000 -3188.36826491 9319.82781172 61966.32086155 -35875.11857350 -11903.00792093
3188.36826491 0.00000000 -6143.11135626 -35875.11857350 31341.33599609 -18345.14490087
-9319.82781172 6143.11135626 0.00000000 -11903.00792093 -18345.14490087 79240.40325521
14	16	57
2257.00000000 0.00000000 0.00000000 0.00000000 5094.15759104 -11705.27109504
0.00000000 2257.00000000 0.00000000 -5094.15759104 0.00000000 8726.46967316
0.00000000 0.00000000 2257.00000000 11705.27109504 -8726.46967316 0.00000000
0.00000000 -5094.15759104 11705.27109504 75755.15461692 -45528.70541171 -19564.48505267
5094.15759104 0.00000000 -8726.46967316 -45528.70541171 47578.47825601 -25570.51967507
-11705.27109504 8726.46967316 0.00000000 -19564.48505267 -25570.51967507 98422.03282472
10	14	57
1884.00000000 0.00000000 0.00000000 0.00000000 4397.13894689 -6184.87684536
0.00000000 1884.00000000 0.00000000 -4397.13894689 0.00000000 5902.30964518
0.00000000 0.00000000 1884.00000000 6184.87684536 -5902.30964518 0.00000000
0.00000000 -4397.13894689 6184.87684536 33857.26998396 -19512.78720613 -13544.04012198
4397.13894689 0.00000000 -5902.30964518 -19512.78720613 30882.88537070 -15053.23482030
-6184.87684536 5902.30964518 0.00000000 -13544.04012198 -15053.23482030 41903.75780867
9	12	57
1274.00000000 0.00000000 0.00000000 0.00000000 3412.77304846 -7514.29191494
0.00000000 1274.00000000 0.00000000 -3412.77304846 0.00000000 5235.14578938
0.00000000 0.00000000 1274.00000000 7514.29191494 -5235.14578938 0.00000000
0.00000000 -3412.77304846 7514.29191494 54537.94993632 -31196.79916981 -14154.18561028
3412.77304846 0.00000000 -5235.14578938 -31196.79916981 31676.46793256 -20195.25730446
-7514.29191494 5235.14578938 0.00000000 -14154.18561028 -20195.25730446 67254.46651718
14	17	57
988.00000000 0.00000000 0.00000000 0.00000000 2109.32726490 -3943.36354756
0.00000000 988.00000000 0.00000000 -2109.32726490 0.00000000 3085.68919098
0.00000000 0.00000000 988.00000000 3943.36354756 -3085.68919098 0.00000000
0.00000000 -2109.32726490 3943.36354756 21122.05798774 -12466.24186639 -6506.85625415
2109.32726490 0.00000000 -3085.68919098 -12466.24186639 14665.75068715 -8216.30470529
-3943.36354756 3085.68919098 0.00000000 -6506.85625415 -8216.30470529 26318.72292836
8	9	57
4329.00000000 0.00000000 0.00000000 0.00000000 15978.88030267 -16004.67287278
0.00000000 4329.00000000 0.00000000 -15978.88030267 0.00000000 14539.42374362
0.00000000 0.00000000 4329.00000000 16004.67287278 -14539.42374362 0.00000000
0.00000000 -15978.88030267 16004.67287278 124747.33223658 -56243.78928426 -49700.31564367
15978.88030267 0.00000000 -14539.42374362 -56243.78928426 120272.49698881 -57228.52891875
