0	1	57
   0.8573 -0.145003  0.493974  0.358943
0.0116798  0.964746  0.262924 -0.405774
-0.514684 -0.219636  0.828771   1.65985
        0         0         0         1
1	2	57
    0.957335    0.0849029    -0.276226     0.256437
  -0.0813939     0.996389    0.0241654  -0.00973209
     0.27728 -0.000651309     0.960789    -0.349704
           0            0            0            1
3	4	57
   0.998485 0.000593658  -0.0550239   0.0295784
 -0.0164858    0.957238   -0.288831    0.738262
  0.0524995      0.2893    0.955798   -0.199856
         -0           0           0           1
2	3	57
 0.782212  0.186651 -0.594395  0.770671
-0.183042  0.980812 0.0671135  0.313645
 0.595516 0.0563025  0.801368  -1.33993
        0         0         0         1
4	5	57
 0.957994 -0.094135  0.270901  0.355141
0.00309403  0.947933  0.318455  -1.00911
-0.286774 -0.304239  0.908405  0.749786
       -0        -0        -0         1
5	6	57
  0.997783 -0.0337138  0.0573716   0.967619
 0.0218422    0.98032   0.196203   0.132651
-0.0628573  -0.194515   0.978884   0.193556
         0          0          0          1
1	3	57
 0.568801  0.246409 -0.784696   1.39098
-0.231658  0.963438  0.134617  0.207673
 0.789177  0.105211  0.605087   -1.4236
       -0         0         0         1
0	2	57
  0.969495 -0.0720136   0.234292   0.407454
0.00556087   0.962083   0.272702  -0.504114
 -0.245046   -0.26308   0.933135    1.24018
        -0         -0         -0          1
2	4	57
  0.746744 0.00717553  -0.665072     1.0504
 -0.195411   0.958178   -0.20907    1.01891
  0.635757   0.286084   0.716916    -1.4409
         0          0          0          1
3	5	57
  0.972323 -0.0766892   0.220695   0.342326
 0.0699974   0.996823  0.0379956  -0.450115
 -0.222908 -0.0214959   0.974602   0.243496
        -0         -0         -0          1
1	4	57
  0.522681 0.00919747  -0.852479    1.74655
 -0.240123   0.961047  -0.136858   0.885186
  0.818013   0.276232   0.504529   -1.44352
        -0          0          0          1
4	6	57
 0.936786 -0.177274  0.301672   1.32206
0.00377493  0.867229  0.497895 -0.818736
-0.349883 -0.465282  0.813077  0.607768
       -0        -0        -0         1
0	3	57
 0.911057  0.123517 -0.393343  0.818095
-0.00935354  0.960013  0.279798 -0.563477
 0.412174 -0.251233  0.875782 -0.281515
        0         0         0         1
6	7	57
 0.804136 0.0451481 -0.592729  0.296993
-0.301169  0.890611 -0.340748  0.675205
 0.512507  0.452519   0.72977   -1.7619
       -0         0         0         1
2	5	57
   0.906124    0.138848   -0.399576    0.809695
  -0.124282     0.99029   0.0622789   -0.174152
   0.404344 -0.00677218    0.914582    -0.96628
          0           0           0           1
3	6	57
  0.95462 -0.150889  0.256772   1.31571
0.0892268  0.967455  0.236789 -0.242801
-0.284145 -0.203132  0.937016  0.213595
       -0        -0        -0         1
5	7	57
  0.84191 0.0409839 -0.538059   1.14011
-0.177122  0.962856 -0.203805  0.455366
 0.509721  0.266888  0.817897  -1.68114
       -0         0         0         1
1	5	57
 0.745222  0.218874 -0.629872   1.28371
-0.187815   0.97525  0.116678  -0.27251
  0.63982 0.0313483  0.767885  -1.05347
       -0         0         0         1
0	4	57
    0.88699  0.00498198   -0.461761     1.01484
 -0.0104767    0.999902 -0.00933659    0.089069
   0.461669   0.0131192    0.886955   -0.629829
         -0           0           0           1
2	6	57
 0.932264   0.18329  -0.31191   1.62756
-0.106291  0.962878  0.248131 -0.150992
 0.345812 -0.198171  0.917138 -0.398904
        0         0         0         1
4	7	57
  0.961301  0.0209241  -0.274703   0.949067
-0.0029722   0.997841  0.0656045    -1.1093
  0.275483 -0.0622492   0.959289   -1.24287
         0          0          0          1
1	6	57
 0.787943  0.311961 -0.530873   1.91192
-0.173431  0.939693  0.294786 -0.302291
  0.59082 -0.140204  0.794528 -0.281579
        0         0         0         1
0	5	57
 0.982167 0.0617117 -0.177593    0.9786
-0.00426544  0.951666  0.307104 -0.930666
 0.187961  -0.30087  0.934959  0.185916
        0         0         0         1
3	7	57
 0.944685   0.02491 -0.327031   1.04494
-0.0982608  0.972806 -0.209744 0.0197321
 0.312913  0.230277  0.921443  -1.65888
       -0         0         0         1
2	7	57
  0.534609  0.0641852  -0.842658    2.57775
 -0.248292   0.965035 -0.0840177  0.0303979
  0.807802   0.254142   0.531853   -2.04591
        -0          0          0          1
0	6	57
 0.992501 0.0619292 -0.105387   1.90278
-0.0027732  0.873345  0.487094 -0.749112
 0.122204 -0.483149  0.866968  0.508848
        0         0         0         1
5	8	57
  0.987217 0.00164874  -0.159375    1.33423
-0.0523155   0.947897  -0.314252    0.41941
  0.150553   0.318572   0.935866   -1.99246
        -0          0          0          1
6	8	57
  0.974422 0.00232465  -0.224712   0.509466
 -0.113854    0.86722  -0.484734   0.693968
  0.193748    0.49792   0.845303   -2.06256
        -0          0          0          1
1	7	57
   0.267584   0.0731804   -0.960752     3.29192
  -0.271388    0.962467 -0.00227468   -0.238697
   0.924525    0.261346    0.277401    -1.60065
         -0           0           0           1
4	8	57
   0.991457 -0.00134929    0.130429     1.05408
  0.0014072    0.999999 -0.00035187    -1.24192
  -0.130428 0.000532404    0.991458    -1.57039
          0           0           0           1
7	8	57
   0.917154 -0.00412261    0.398512    0.011118
  0.0302685    0.997779  -0.0593395    -0.10975
  -0.397382   0.0664858    0.915242   -0.351741
          0           0           0           1
3	8	57
    0.997132 -0.000782877    0.0756771      1.16774
   0.0226737     0.957106    -0.288851   -0.0143498
  -0.0722048     0.289738     0.954378     -2.00478
           0            0            0            1
0	7	57
  0.725443   0.052275  -0.686294    2.42504
-0.0156153   0.998105  0.0595195   -1.01846
  0.688105 -0.0324614   0.724885   -1.30859
         0          0          0          1
2	8	57
  0.827119 0.00581385  -0.561997    2.87304
 -0.165125   0.958329  -0.233108 -0.0487226
  0.537222   0.285608   0.793612    -2.2519
        -0          0          0          1
6	9	57
   0.99056  0.0776424   -0.11297   0.592953
-0.0694494   0.994782  0.0747404   0.482967
  0.118184 -0.0661892   0.990783  -0.393806
         0          0          0          1
5	9	57
  0.997486  0.0401351 -0.0583969    1.52038
-0.0232586   0.963914   0.265197   0.541799
 0.0669332  -0.263172   0.962424   -0.32315
         0          0          0          1
1	8	57
  0.629416 0.00803834  -0.777027     3.6248
 -0.218869   0.961297  -0.167346  -0.346545
  0.745609   0.275397   0.606815   -1.71663
        -0          0          0          1
1	9	57
 0.696098  0.406649 -0.591678   2.73886
-0.202216  0.901812  0.381895 -0.067376
  0.68888 -0.146189  0.709981 -0.311854
        0         0         0         1
0	8	57
  0.939646 0.00353933   -0.34213    2.66876
-0.00776242    0.99991 -0.0109751   -1.14911
   0.34206  0.0129685   0.939589   -1.55235
        -0          0          0          1
1	40	57
 0.381668  0.271046 -0.883665   2.86745
-0.260338  0.948856  0.178598  0.296574
 0.886879  0.161886  0.432711  -3.65051
       -0         0         0         1
2	40	57
 0.632488  0.227139 -0.740518   1.55943
 -0.22757  0.968336  0.102646  0.529032
 0.740385  0.103597  0.664151  -3.88521
       -0         0         0         1
0	40	57
 0.803049  0.174749 -0.569715  0.970943
-0.0135197  0.961134  0.275751  -1.04597
  0.59576 -0.213739    0.7742  -2.90655
        0         0         0         1
3	40	57
    0.977306    0.0621182    -0.202518    -0.938206
  -0.0634633     0.997984 -0.000148929     0.215171
      0.2021     0.012998     0.979279     -2.49408
          -0            0            0            1
4	40	57
 0.987482 0.0462538 -0.150797  -1.07814
-0.00170168  0.959106  0.283043  -1.16502
 0.157722 -0.279243  0.947179  -1.98848
        0         0         0         1
6	40	57
 0.869869  0.144653 -0.471598   -1.3414
-0.249916  0.953492  -0.16851   1.33318
 0.425289  0.264441  0.865564  -3.00744
       -0         0         0         1
5	40	57
 0.900766  0.127358 -0.415212 -0.588293
-0.142555  0.989771 -0.005668  0.820223
 0.410243 0.0642961  0.909707  -2.92538
       -0         0         0         1
1	42	57
  0.612059    0.10446  -0.783883    2.74891
  -0.22274   0.973878 -0.0441377   0.069574
  0.758796   0.201617   0.619338   -3.30619
        -0          0          0          1
2	42	57
 0.814474 0.0766395 -0.575116   1.55991
-0.170464  0.979099 -0.110936  0.292564
 0.554593  0.188391  0.810515  -3.52713
       -0         0         0         1
0	42	57
 0.931841 0.0479315 -0.359686   1.07233
-0.00823246  0.993775  0.111102  -1.17582
 0.362772 -0.100568  0.926435  -2.51032
        0         0         0         1
4	42	57
 0.994101 -0.014326  0.107505  -0.80392
0.00117006  0.992597  0.121453  -1.28915
-0.108449 -0.120611  0.986758  -1.68265
       -0        -0        -0         1
3	42	57
   0.998563 -0.00707852   0.0531185   -0.681304
  0.0160547    0.985224   -0.170519   0.0034907
 -0.0511265    0.171127    0.983922    -2.22328
          0           0           0           1
6	42	57
 0.969209 0.0325263 -0.244083  -1.19199
-0.124755  0.919466 -0.372851   1.03461
 0.212299  0.391821  0.895213  -2.73785
       -0         0         0         1
5	42	57
 0.983446 0.0239349 -0.179612 -0.413683
-0.0594763  0.978958 -0.195201  0.583692
  0.17116  0.202653  0.964176   -2.6128
       -0         0         0         1
6	43	57
 0.987143 -0.053636 -0.150574  -1.12296
-0.0809816   0.64435  -0.76043   1.10878
 0.137809  0.762847  0.631722  -3.11145
       -0         0         0         1
7	40	57
  0.992723 -0.0353134   0.115129     -2.154
 0.0091461   0.975386   0.220315 -0.0516037
 -0.120075  -0.217659   0.968611  -0.162037
        -0         -0         -0          1
6	44	57
 0.907983 0.0289773  0.418004 -0.953427
 0.212285  0.828281 -0.518541  0.243668
-0.361251  0.559563  0.745914  -1.69084
       -0         0         0         1
7	41	57
  0.99907 0.0134569  0.040967   -2.1816
 0.003275  0.923633 -0.383265 -0.120619
-0.042996  0.383043  0.922729  -1.48949
        0         0         0         1
7	42	57
  0.925752 -0.0499479   0.374818   -1.80577
  0.028719   0.997662  0.0620153  -0.188769
 -0.377039 -0.0466463   0.925022  0.0478753
        -0         -0         -0          1
7	43	57
 0.888814  0.153776  0.431698  -1.96407
0.0348055  0.916647  -0.39818 -0.288658
-0.456945  0.368933  0.809376 -0.290959
        0         0         0         1
7	44	57
 0.481064  0.060629  0.874587 -0.839122
0.0665842  0.992198 -0.105407 -0.408628
-0.874153  0.108941  0.473274  0.940066
       -0         0         0         1
1	56	57
0.0688464  0.541841 -0.837656   4.21461
-0.280991  0.816187  0.504859  0.694875
 0.957238  0.200616  0.208444  -3.07942
       -0         0         0         1
11	12	57
  0.979657 0.00272708    0.20066  -0.050099
 0.0199285   0.993643  -0.110798 -0.0792717
 -0.199687   0.112543   0.973375   0.355571
        -0          0          0          1
12	13	57
  0.77288  -0.31275  0.552127  0.832231
-0.0086231  0.864848   0.50196   0.44302
-0.634494 -0.392716  0.665726    2.3133
        0         0         0         1
10	11	57
  0.991206 -0.0131409   0.131675   0.115448
 0.0724311    0.88664  -0.456754 -0.0190752
 -0.110746   0.462274   0.879794  -0.803144
         0          0          0          1
13	14	57
 0.867044 -0.350259  0.354336  0.663912
 0.245562  0.919226  0.307769 -0.243263
-0.433514 -0.179838   0.88302   1.20175
       -0        -0        -0         1
14	15	57
     0.99998 -0.000611607   0.00628708   -0.0247623
   0.0044407     0.775911    -0.630827     0.244834
  -0.0044924     0.630842     0.775898     -1.32944
           0            0            0            1
9	10	57
 0.810394 -0.320689  0.490326   1.17728
 0.331849  0.940954 0.0669448 -0.526376
-0.482843  0.108463  0.868964  0.719236
        0         0         0         1
12	14	57
 0.353966 -0.657489  0.665143   2.08495
-0.0127095   0.70774  0.706359  0.830139
-0.935172 -0.258481  0.242159   2.78762
       -0        -0        -0         1
10	12	57
  0.944486 0.00446476    0.32852   0.113651
  0.179835   0.829796  -0.528297  -0.255398
 -0.274964   0.558048   0.782928  -0.521412
         0          0          0          1
12	15	57
  0.348051 -0.0907691   0.933071    1.03095
-0.0127396   0.994752   0.101521  0.0646731
 -0.937389 -0.0472216   0.345068    2.42556
         0          0          0          1
11	15	57
  0.152839 -0.0956853   0.983608    1.44676
 0.0981387   0.991851  0.0812378  -0.263212
 -0.983366  0.0841137   0.160984    2.51796
         0          0          0          1
10	13	57
 0.521491 -0.420542  0.742422   1.66163
 0.467036  0.868875  0.164115 -0.960227
-0.714089  0.261153  0.649519   1.30813
        0         0         0         1
13	16	57
 0.749059 0.0379006  0.661419  0.239011
 0.326526  0.847559 -0.418359 -0.443036
-0.576447  0.529346  0.622496 0.0053833
       -0         0         0         1
14	16	57
 0.979547 0.0115111  0.200885  0.101176
 0.141455  0.670627 -0.728182   0.18034
-0.143101  0.741705  0.655283  -1.26845
       -0         0         0         1
10	14	57
0.0270361 -0.702746  0.710927   3.00236
 0.547157  0.605595  0.577818 -0.664296
-0.836593  0.373367  0.400886   1.55107
        0         0         0         1
9	12	57
 0.572913  0.011138   0.81954   1.09562
 0.464236   0.81964 -0.335671 -0.763885
-0.675467   0.57277  0.464412  0.183571
        0         0         0         1
14	17	57
 0.850769 -0.288546  0.439242   1.30631
 0.369456  0.922785 -0.109407 -0.483538
-0.373757  0.255361  0.891682  0.278267
        0         0         0         1
8	9	57
  0.996029 -0.0504269  0.0733717   0.428691
0.000920963   0.829918   0.557885   0.648114
-0.0890249  -0.555602   0.826669    1.49412
         0          0          0          1
9	13	57
-0.0772965 -0.491393  0.867501   3.47319
 0.564712  0.695498  0.444279 -0.790924
-0.821661  0.524229  0.223736  0.949501
        0         0         0         1
13	18	57
  0.892281  -0.260235   0.368934    1.43699
   0.22252   0.964508   0.142161   0.164963
 -0.392835 -0.0447526   0.918519   0.282021
        -0         -0         -0          1
14	18	57
  0.998589  0.0306125 -0.0433992    1.16925
-0.0373361   0.985799  -0.163729   0.269878
 0.0377708   0.165118    0.98555  -0.412568
         0          0          0          1
8	10	57
 0.755015 -0.358906  0.548761   1.68061
0.00678294  0.841129  0.540792    0.6136
-0.655672 -0.404584    0.6375   2.27634
        0         0         0         1
13	19	57
  0.992966  0.0658715  -0.098386    1.29665
-0.0583561    0.99529  0.0774061   0.915547
  0.103021 -0.0711202   0.992133   -1.12735
         0          0          0          1
14	19	57
  0.801953   0.332351  -0.496401    1.84287
 -0.419964   0.904615 -0.0728088    1.26245
  0.424853    0.26686   0.865035   -1.47579
        -0          0          0          1
14	20	57
 0.827831  0.215615 -0.517886   2.68291
-0.394369   0.88024 -0.263915   1.08841
  0.39896  0.422715  0.813722  -1.63551
       -0         0         0         1
14	21	57
 0.811201 -0.103139 -0.575599   3.27833
-0.411093  0.599455 -0.686773   1.56473
 0.415879  0.793736  0.443879   -2.5306
       -0         0         0         1
15	16	57
  0.980799  0.0111569   0.194704   0.125375
 0.0188827   0.988239  -0.151748 -0.0116482
 -0.194107    0.15251   0.969053  0.0887927
        -0          0          0          1
15	20	57
 0.824271  0.217621 -0.522703   2.71274
-0.0548207  0.949522  0.308872  0.459796
 0.563536 -0.225939  0.794594 -0.752609
        0         0         0         1
15	21	57
 0.807491  -0.10404 -0.580632   3.31428
-0.0571138  0.965909 -0.252505  0.264356
 0.587108  0.237058  0.774021  -1.74384
       -0         0         0         1
11	44	57
  0.982225 -0.0129812  -0.187256   -1.12074
-0.0186402   0.985929  -0.166122  -0.128654
  0.186778    0.16666   0.968163     -2.552
        -0          0          0          1
11	45	57
 0.922006  0.121234  0.367706   -1.0799
0.0384487  0.916349 -0.398531  -0.17131
-0.385263  0.381585  0.840217  -1.87576
       -0         0         0         1
12	45	57
 0.980947 0.0608313  0.184504 -0.565116
-0.00264003  0.953799 -0.300434 -0.345383
-0.194255  0.294223  0.935787  -2.36837
       -0         0        -0         1
10	45	57
 0.862663  0.158371  0.480345  -1.19969
 0.276842  0.646962 -0.710492  0.607578
-0.423286  0.745895  0.514266  -2.41303
       -0         0         0         1
14	45	57
 0.528918 -0.265739 -0.805996   3.89864
 -0.59662  0.558995 -0.575821   2.24315
 0.603565  0.785435  0.137117  -3.84159
       -0         0         0         1
14	46	57
 0.907345 0.0108045 -0.420249   2.68651
-0.295534  0.727346 -0.619377   1.36312
 0.298974  0.686186  0.663146  -2.96829
       -0         0         0         1
14	48	57
 0.990194 0.0444294 -0.132446   2.47882
-0.0982089  0.895649 -0.433783   1.69509
0.0993522  0.442537   0.89123  -2.90999
       -0         0         0         1
13	50	57
 0.892643 -0.310252  0.327005  0.280207
 0.222167  0.934025  0.279712   1.10025
-0.392212 -0.177033  0.902679  -1.21509
       -0        -0        -0         1
14	50	57
  0.998546  0.0371057 -0.0391094    1.04496
-0.0378995   0.999086 -0.0197533    1.80402
 0.0383407  0.0212068    0.99904   -1.85658
        -0          0          0          1
9	50	57
-0.518414 -0.588569   0.62035   1.85679
 0.484351  0.395757  0.780244 -0.407308
-0.704735  0.704956 0.0799076   1.02419
       -0        -0         0         1
8	40	57
 0.958472 0.0836295 -0.272649  -2.05937
-0.00295009  0.958894   0.28375 0.0795556
 0.285171 -0.271162   0.91932 -0.692648
        0         0         0         1
8	42	57
  0.999755 0.00292425 -0.0219441   -1.82756
-0.000229006   0.992551   0.121833 -0.0447849
 0.0221369  -0.121798   0.992308  -0.353615
         0          0          0          1
17	18	57
 0.821657   0.32854  -0.46577  0.419947
-0.312947  0.943012  0.113108  0.558378
 0.476387 0.0528255  0.877647 -0.758639
       -0         0         0         1
16	17	57
 0.939115 -0.188655  0.287182  0.865243
-0.019657  0.804926   0.59305  0.715868
-0.343042 -0.562587  0.752209   1.73906
        0         0         0         1
8	43	57
 0.997814 0.0221742 0.0622502  -1.84112
0.000683578  0.938506 -0.345263 -0.166327
-0.0660781  0.344551  0.936439 -0.720888
        0         0         0         1
18	19	57
 0.832549  0.308186 -0.460309  0.595451
  -0.3193  0.946006 0.0558618  0.823538
  0.45267  0.100469     0.886  -1.23961
       -0         0         0         1
16	18	57
 0.967478  0.145803 -0.206705  0.936414
 0.014471  0.783925  0.620687  0.707156
  0.25254 -0.603493   0.75632  0.710207
        0         0         0         1
19	20	57
  0.999002 -0.0171642  0.0412266   0.678908
 0.0248445   0.980744  -0.193712  0.0791263
-0.0371078   0.194543   0.980192  -0.542488
         0          0          0          1
17	19	57
 0.368326  0.517229 -0.772535   1.75714
-0.510446  0.807012  0.296944   1.00843
 0.777033  0.284965  0.561261  -1.51941
       -0         0         0         1
20	21	57
   0.999579 -0.00511881  -0.0285672  -0.0520471
 -0.0111549     0.84095   -0.540998    0.169293
  0.0267929    0.541089    0.840539    -1.16242
         -0           0           0           1
21	22	57
 0.803127   0.17044  0.570909  0.224139
-0.105086   0.98371 -0.145848  0.198998
-0.586467 0.0571399  0.807955   1.00104
        0         0         0         1
18	20	57
 0.856456  0.198412 -0.476567   1.43477
-0.297551  0.944138 -0.141661  0.651312
 0.421837  0.263129   0.86765  -1.40498
       -0         0         0         1
16	19	57
 0.665348  0.415327 -0.620334   1.88881
0.0427078  0.808417  0.587059  0.591955
  0.74531 -0.417092  0.520141 -0.573958
        0         0         0         1
17	20	57
 0.409476  0.350656 -0.842241   2.46722
-0.500906  0.858002   0.11369  0.564652
 0.762511   0.37533  0.526977   -1.2738
       -0         0         0         1
8	44	57
  0.790598  0.0423474    0.61087   -1.30219
0.00633428   0.996987 -0.0773121  -0.208823
 -0.612303  0.0649922   0.787947   0.861221
         0          0          0          1
16	20	57
 0.698022  0.275228  -0.66107   2.70991
0.0409654  0.906325  0.420591  0.366444
 0.714903 -0.320663   0.62136 -0.383134
        0         0         0         1
16	21	57
 0.676946 -0.129818 -0.724494   3.48861
0.0421071  0.989541 -0.137967 0.0288409
 0.734827   0.06289  0.675333  -1.19691
       -0         0         0         1
15	45	57
  0.523546   -0.26678  -0.809153    3.94349
-0.0824928   0.929378  -0.359794 -0.0366546
  0.847994   0.255118   0.464565    -3.1851
        -0          0          0          1
15	46	57
  0.904671  0.0109516   -0.42597    2.72355
-0.0412573   0.997224 -0.0619834  -0.167828
  0.424109   0.073649   0.902611   -1.95998
        -0          0          0          1
15	48	57
 0.989292 0.0464178 -0.138373   2.51708
-0.0141314  0.974087   0.22573  0.126659
 0.145265 -0.221357  0.964313  -2.12547
        0         0         0         1
22	23	57
  0.981532 -0.0427416   0.186461   0.274095
-0.0547234   0.871251   0.487778   0.561717
 -0.183303  -0.488973   0.852822    1.31244
         0          0          0          1
23	24	57
 0.920394 -0.185657  0.344103  0.199055
0.0873599  0.955474  0.281848 -0.146986
-0.381109 -0.229351  0.895631  0.884156
       -0        -0        -0         1
22	24	57
   0.8286 -0.265832  0.492702  0.640617
-0.160151  0.730745  0.663599  0.854033
-0.536445 -0.628765  0.562922   2.10185
       -0        -0        -0         1
23	25	57
  0.509017  -0.376685   0.773957   0.745201
  0.192319   0.926199   0.324296  -0.572479
 -0.838996 -0.0162252   0.543895   0.820402
        -0         -0         -0          1
17	45	57
0.00397448  -0.31312 -0.949705   4.75269
-0.549042  0.793079 -0.263778  0.716092
 0.835786  0.522476 -0.168764  -2.83326
       -0         0        -0         1
16	45	57
 0.347334 -0.293628 -0.890585   4.37981
0.0536465  0.954379 -0.293739 -0.481416
 0.936206 0.0542487  0.347241  -2.42538
       -0         0         0         1
21	45	57
 0.925335 -0.118721 -0.360085 -0.320904
0.0668731  0.985928 -0.153214 -0.697872
 0.373207  0.117695  0.920252  -1.40489
       -0         0         0         1
20	45	57
 0.913941  -0.12708 -0.385438  -0.32911
 -0.15599  0.766767 -0.622684  0.346041
 0.374672  0.629221  0.680957   -2.7295
       -0         0         0         1
17	46	57
 0.551009 0.0214476 -0.834223   3.06991
-0.458178  0.843291 -0.280949  0.476773
 0.697468  0.537028  0.474488  -2.49069
       -0         0         0         1
18	46	57
  0.928391 0.00955074  -0.371483    1.37777
 -0.214195   0.830649  -0.513948   0.702167
  0.303664   0.556715   0.773212   -2.76364
        -0          0          0          1
16	46	57
  0.804198  0.0152758  -0.594165    2.94301
 0.0340023    0.99685  0.0716506  -0.437815
  0.593387 -0.0778243   0.801146    -1.4558
         0          0          0          1
19	46	57
   0.978782 -0.00526628    0.204836 0.000190388
   0.113996    0.844675   -0.523001  -0.0268336
  -0.170265    0.535254    0.827353    -1.71718
          0           0           0           1
21	46	57
   0.981868 -0.00487207    0.189503   -0.579228
 -0.0334348    0.979547    0.198419   -0.407228
  -0.186594   -0.201157    0.961623    0.284831
         -0          -0          -0           1
20	46	57
   0.986956 -0.00413763    0.160937   -0.637083
  0.0618774     0.93263    -0.35549   -0.320797
  -0.148623    0.360811    0.920721    -1.15888
          0           0           0           1
17	47	57
  0.954249 -0.0269185  -0.297798     2.9171
 -0.164172   0.785232  -0.597041   0.323043
  0.249912   0.618616   0.744888   -2.52674
        -0          0          0          1
19	47	57
   0.629466   0.0699516    0.773873 -0.00563733
   0.432293    0.796053   -0.423582   -0.240209
  -0.645674     0.60117    0.470849    -1.66501
         -0           0           0           1
21	47	57
 0.641545 0.0690565   0.76397  -0.58759
-0.135295  0.990513 0.0240803 -0.524619
-0.755059  -0.11881  0.644802  0.470397
        0        -0         0         1
20	47	57
 0.663538 0.0673512  0.745105 -0.650142
 0.287553  0.896477 -0.337108 -0.519814
-0.690674  0.437941  0.575479  -1.06665
       -0         0         0         1
17	48	57
 0.769009  0.203301 -0.606048   2.99408
-0.350971  0.926678 -0.134486  0.857928
  0.53427  0.316127  0.783976  -2.56625
       -0         0         0         1
18	48	57
  0.996216  0.0276416 -0.0824006    1.16019
-0.0500971   0.957361  -0.284519     1.0327
 0.0710225   0.287571   0.955123   -2.75152
        -0          0          0          1
16	48	57
 0.941832  0.106887 -0.318633   2.77819
0.0192267   0.92939  0.368599 -0.174333
 0.335533 -0.353284  0.873274  -1.70105
        0         0         0         1
21	48	57
 0.884938 -0.148112  0.441528  -0.85993
-0.0821396  0.883576  0.461028 -0.140529
-0.458408 -0.444248  0.769744  0.202263
       -0        -0        -0         1
19	48	57
 0.877544 -0.152497    0.4546 -0.281012
 0.266764  0.943079 -0.198592  0.220008
-0.398439  0.295544  0.868274  -1.58782
        0         0         0         1
20	48	57
  0.898081  -0.139882   0.416993  -0.916673
  0.169051   0.985033 -0.0336538 -0.0487169
 -0.406044   0.100717   0.908287   -1.09149
         0          0          0          1
17	50	57
  0.821199   0.392761  -0.413969    1.42072
 -0.313309   0.916651   0.248173    1.64118
  0.476938 -0.0740991   0.875808   -2.26868
         0          0          0          1
18	50	57
           1   0.00055232 -0.000582144    -0.235935
-0.000462543     0.989535     0.144289      1.27012
 0.000655746    -0.144289     0.989535     -1.66894
           0            0            0            1
19	50	57
 0.832993 -0.380814  0.401377  -1.02911
 0.307815   0.92178  0.235737  0.123114
-0.459753 -0.072817  0.885056  0.027255
       -0        -0        -0         1
17	51	57
  0.996945 -0.0495295  0.0604026    1.08845
 0.0428876   0.993367   0.106691   0.820485
-0.0652862  -0.103774   0.992456   -1.26071
        -0         -0         -0          1
18	51	57
 0.774623 -0.401004  0.489035  0.228075
 0.364531  0.915002  0.172882  0.440278
-0.516794 0.0443497   0.85496  -0.72237
       -0        -0         0         1
19	51	57
 0.294579 -0.605939  0.738959 0.0506554
 0.531655  0.746469  0.400158  -0.42382
-0.794082  0.274993  0.542045   0.60597
       -0        -0         0         1
17	52	57
  0.777406  -0.386096   0.496558    1.44506
   0.34535   0.921809   0.176073 -0.0398281
 -0.525713  0.0346064   0.849958 -0.0210585
        -0         -0          0          1
18	52	57
 0.280242  -0.58923  0.757808   1.38087
 0.553306  0.744257  0.374077 -0.188361
-0.784421  0.314468  0.534597  0.102206
       -0        -0         0         1
19	52	57
 -0.29844 -0.585853  0.753465    1.5844
 0.530988  0.554073  0.641136 -0.580395
-0.793086  0.591421  0.145724  0.770784
       -0        -0         0         1
24	25	57
 0.805046 -0.259602  0.533393  0.489796
 0.281678  0.958614 0.0414234 -0.493321
-0.522072  0.116897  0.844853 0.0109061
       -0        -0         0         1
25	26	57
 0.814405 -0.293178  0.500791 0.0551579
  0.25395  0.956027  0.146703 -0.592899
 -0.52178 0.0077004  0.853046  0.886303
       -0        -0         0         1
28	29	57
  0.991924   0.088411 -0.0909392   0.262952
-0.0586645   0.955511   0.289062   0.128045
   0.11245  -0.281392   0.952981   0.786722
         0          0          0          1
26	27	57
  0.986597 -0.0258699   0.161113  -0.122314
 0.0824404     0.9311  -0.355327  -0.112525
  -0.14082   0.363847   0.920753  -0.577761
         0          0          0          1
27	28	57
 0.826883 -0.260118  0.498601  0.987606
0.0891582  0.936023  0.340458 0.0586062
-0.555262 -0.237065  0.797173   1.35292
        0         0         0         1
24	26	57
 0.311393 -0.480101  0.820084   1.16087
 0.451226  0.834198  0.317029  -1.00943
-0.836319  0.271323  0.476398  0.661597
       -0        -0         0         1
29	30	57
 0.782071  0.382948 -0.491646  0.194999
-0.434407  0.900656 0.0105108  0.399659
 0.446829  0.205354  0.870732 -0.417146
        0         0         0         1
25	27	57
 0.708798 -0.111835   0.69649 -0.300803
 0.308703  0.936964  -0.16371 -0.816297
-0.634278  0.331046  0.698642  0.456401
        0         0         0         1
28	30	57
  0.696715   0.440809   -0.56593   0.529646
 -0.331799   0.897481   0.290581   0.377903
  0.636002 -0.0146768   0.771548   0.298657
         0          0          0          1
27	29	57
 0.891532 -0.315743  0.324772   1.56399
0.0718114  0.806461  0.586911   0.46975
-0.447229 -0.499928   0.74166   1.80371
        0         0         0         1
26	28	57
 0.724033 -0.319041  0.611546   1.06851
 0.348483  0.934322 0.0748487 -0.457267
-0.595261  0.158921   0.78766  0.550192
       -0        -0         0         1
24	27	57
 0.152155 -0.156693  0.975857  0.702989
 0.469306  0.880399 0.0681912  -1.34166
-0.869828    0.4476  0.207494  0.458116
       -0        -0         0         1
25	28	57
 0.189387 -0.454165  0.870555   1.33495
 0.429701   0.83553  0.342412 -0.677995
-0.882887   0.30923  0.353394  0.794593
       -0        -0         0         1
29	31	57
 0.252366  0.459883 -0.851363   1.63658
-0.674507  0.714456  0.185989  0.640105
 0.693795  0.527313  0.490499 -0.752497
       -0         0         0         1
27	30	57
  0.97952  0.123728 -0.158848   1.47617
-0.0319216  0.874368  0.484213  0.561234
 0.198802 -0.469225   0.86041   1.20732
        0         0         0         1
28	31	57
 0.127601  0.471382  -0.87265   2.01134
-0.458755  0.808118  0.369444  0.426145
 0.879353  0.353191  0.319365 0.0735183
        0         0         0         1
26	29	57
 0.805671 -0.412919  0.424727   1.69916
 0.299274  0.902503  0.309715 -0.187112
-0.511204 -0.122419  0.850696   1.03369
        0         0         0         1
27	31	57
 0.663288  0.355673 -0.658442   2.57655
-0.118645  0.918692  0.376735  0.661845
 0.738899 -0.171763  0.651556  0.193684
        0         0         0         1
26	30	57
  0.999246  0.0238515 -0.0306216    1.51407
-0.0196099   0.991052   0.132028   0.102742
 0.0334966  -0.131328   0.990773   0.530211
         0          0          0          1
25	30	57
  0.836315  -0.336898   0.432524    1.52363
  0.239925   0.934263   0.263795 -0.0323929
 -0.492963  -0.116843   0.862169   0.549378
        -0         -0         -0          1
27	32	57
  0.785569  0.0826859  -0.613224    3.31918
-0.0980997    0.99514 0.00851231   0.376634
  0.610948  0.0534701   0.789863    0.32234
         0          0          0          1
26	31	57
 0.776514  0.299466 -0.554388   2.43379
-0.318339  0.945747 0.0649799  0.647309
 0.543771  0.126026  0.829717 -0.521447
        0         0         0         1
25	31	57
  0.998042   0.029727 -0.0550323    1.58633
-0.0273723   0.998697  0.0430575   0.567509
 0.0562406 -0.0414668   0.997556  -0.823432
         0          0          0          1
24	31	57
 0.840574 -0.257451  0.476608   1.18033
 0.257217  0.964022 0.0670962  0.463428
-0.476734 0.0661922  0.876552  -1.44661
       -0        -0         0         1
27	33	57
   0.74977 -0.0317595  -0.660936    3.48395
 -0.104905    0.98051   -0.16612   0.353167
   0.65333   0.193888   0.731825  -0.148372
         0          0          0          1
26	32	57
  0.87601 0.0644482 -0.477968   3.19457
-0.243664  0.914392 -0.323288  0.397257
 0.416214  0.399667   0.81672 -0.611338
        0         0         0         1
25	33	57
  0.998205 0.00287431  0.0598163    2.02578
 0.0262071   0.877157  -0.479489   0.614404
-0.0538465   0.480196   0.875507   -1.74014
        -0          0          0          1
26	33	57
  0.847694 -0.0254616  -0.529873     3.2819
 -0.268011    0.84144  -0.469199   0.556248
  0.457803    0.53975    0.70646   -1.07649
         0          0          0          1
29	34	57
0.0818496  0.101974 -0.991414   2.76374
-0.694731  0.719078  0.016606  0.501727
 0.714597  0.687407    0.1297  -1.00972
       -0         0         0         1
22	46	57
 0.901509 0.0111224 -0.432617 -0.161466
 0.123797  0.951266  0.282432   -0.7742
 0.414675 -0.308172  0.856198 -0.948898
        0         0         0         1
27	34	57
 0.524409 0.0871193 -0.846998    3.5416
-0.134991  0.990677 0.0183199  0.480223
 0.840698   0.10473   0.53128 -0.432007
       -0         0         0         1
28	34	57
 -0.0452182    0.102212   -0.993734     3.14055
  -0.462062    0.879808    0.111519    0.153446
   0.885694     0.46421  0.00744503 -0.00592569
         -0           0           0           1
24	34	57
  0.921344 -0.0397754   0.386707   0.745039
  0.184591   0.920219  -0.345144   0.713765
 -0.342127   0.389379    0.85518   -2.49716
         0          0          0          1
25	34	57
 0.972334 0.0239006 -0.232368   1.85488
-0.102225  0.937978 -0.331282  0.797682
 0.210038   0.34587  0.914471   -1.9328
       -0         0         0         1
26	34	57
  0.65632 0.0771963 -0.750523    3.2898
 -0.38118  0.892388 -0.241547  0.780086
 0.651111  0.444616  0.615118  -1.29954
       -0         0         0         1
29	35	57
   0.6906  0.264384 -0.673181   1.07473
-0.504147  0.843356 -0.185973 0.0414665
 0.518563  0.467815   0.71571 -0.112354
        0         0         0         1
27	35	57
 0.943288  0.121357    -0.309   2.47256
-0.0526313  0.973685  0.221736  0.514427
 0.327778 -0.192898  0.924852   1.21901
        0         0         0         1
28	35	57
 0.593293  0.294269 -0.749273   1.34288
-0.372335  0.925554 0.0686771 0.0721411
 0.713702  0.238235  0.658691  0.788835
        0         0         0         1
23	47	57
  0.999053 0.00391759  0.0433402 -0.0651329
0.00972301   0.950667  -0.310061  -0.207121
-0.0424168   0.310189   0.949728   -2.59407
        -0          0          0          1
22	47	57
 0.972278 0.0210504  0.232879 -0.264674
-0.0668903  0.979358  0.190743 -0.880501
-0.224057 -0.201032  0.953616 -0.786623
        0        -0         0         1
29	36	57
 0.877038  0.257537 -0.405559   1.03133
-0.334887  0.933005 -0.131732 -0.285198
 0.344463   0.25135  0.904527  0.385484
       -0         0         0         1
28	36	57
  0.809023   0.315088  -0.496187    1.22568
 -0.271868   0.949044   0.159385 -0.0935391
  0.521124 0.00595143    0.85346    1.35031
         0          0          0          1
23	48	57
  0.940629   0.107954  -0.321814  -0.103905
-0.0758409   0.990951   0.110743   0.281977
  0.330857 -0.0797616   0.940304     -2.824
         0          0          0          1
22	48	57
 0.988191 0.0487327 -0.145274 -0.366508
0.0438338  0.818554  0.572755 -0.564407
 0.146827 -0.572359  0.806751  -1.21476
        0         0         0         1
29	37	57
  0.91575  0.116533 -0.384475   1.16598
-0.280046  0.871338 -0.402921 0.0255372
 0.288054  0.476645  0.830562 -0.504953
        0         0         0         1
28	37	57
    0.8574   0.149282  -0.492524    1.46769
 -0.238044   0.963517  -0.122356 -0.0619181
  0.456289   0.222151   0.861655   0.429439
         0          0          0          1
29	38	57
  0.998957  0.0184342 -0.0417785   0.169058
-0.0318315   0.937089  -0.347637  -0.700978
 0.0327417   0.348605   0.936698   0.596978
         0          0          0          1
28	38	57
 0.985098 0.0694325 -0.157359  0.314382
-0.0795542  0.995086 -0.058957 -0.379102
 0.152492  0.070597   0.98578   1.57189
        0         0         0         1
29	39	57
 0.813838 -0.266496   0.51638  0.276742
 0.405062  0.897327 -0.175299  -1.73877
-0.416645  0.351831  0.838225   1.75167
        0         0         0         1
28	39	57
 0.880967 -0.217005  0.420484  0.224438
 0.218862   0.97474 0.0445051  -1.04326
 -0.41952 0.0528203  0.906208   2.97643
        0         0         0         1
30	31	57
  0.800386   0.284916  -0.527452   0.873121
 -0.368382   0.927877 -0.0577898   0.699743
  0.472945   0.240558   0.847617   -0.99822
        -0          0          0          1
30	32	57
  0.89407  0.059856 -0.443911   1.63522
 -0.27525   0.85526 -0.439054   0.48188
 0.353379  0.514731  0.781137  -1.14359
       -0         0         0         1
31	32	57
  0.984127 -0.0237146   0.175875    0.62148
  0.084344   0.934452  -0.345956 -0.0199859
 -0.156143   0.355299   0.921619  -0.512602
         0          0          0          1
30	33	57
  0.867646 -0.0238632  -0.496609    1.70379
 -0.305517   0.762419  -0.570417   0.702618
  0.392236   0.646643    0.65422   -1.58613
         0          0          0          1
31	33	57
  0.992505 0.00586539   0.122063   0.385744
 0.0580794   0.856187  -0.513391    0.09791
  -0.10752   0.516632    0.84943  -0.936628
         0          0          0          1
24	47	57
  0.936537 -0.0315599  -0.349146    1.07717
 -0.166463   0.836468  -0.522123   0.789323
  0.308528   0.547107   0.778129   -3.22306
        -0          0          0          1
25	47	57
  0.545992 -0.0754217  -0.834388    2.52252
 -0.366635   0.873998  -0.318914   0.699035
  0.753307    0.48004   0.449544   -2.36579
        -0          0          0          1
27	47	57
 -0.203989 -0.0881316  -0.974998    4.25901
 -0.155205   0.986255 -0.0566771    0.16979
  0.966592   0.139763  -0.214864  -0.253362
        -0          0         -0          1
26	47	57
-0.0415088  -0.089947  -0.995081     4.0344
 -0.504785   0.861374 -0.0568045   0.486707
  0.862247   0.499944 -0.0811584   -1.34902
        -0          0         -0          1
30	34	57
  0.68511 0.0745316 -0.724616   1.69981
-0.447624  0.827854 -0.338069  0.953933
 0.574679   0.55597  0.600533  -1.77781
       -0         0         0         1
31	34	57
 0.985041 0.0176311 -0.171414  0.199331
-0.0818974  0.923125 -0.375678  0.283858
 0.151613  0.384097   0.91076  -1.11153
       -0         0         0         1
24	48	57
   0.73303   0.216327  -0.644879    1.17184
  -0.32298   0.945079 -0.0501001    1.31658
  0.598623   0.245008   0.762641   -3.30448
        -0          0          0          1
30	35	57
 0.990812  0.049441 -0.125888  0.979799
-0.0831097  0.956887 -0.278317 0.0768721
   0.1067  0.286222  0.952204 -0.170886
        0         0         0         1
28	49	57
 -0.997439 -0.0504504  0.0507063    4.64969
 0.0330846   0.303108   0.952382   0.653574
-0.0634175    0.95162  -0.300663    1.19349
         0          0          0          1
31	35	57
  0.874111  -0.177561   0.452109   0.706122
   0.23085   0.970812 -0.0650507  -0.348531
 -0.427362   0.161231   0.889588    0.68099
         0          0          0          1
30	36	57
  0.985299 -0.0915806   0.144217    1.31021
   0.10498   0.990555 -0.0882048  -0.131725
 -0.134777   0.102048   0.985607   0.280499
         0          0          0          1
31	36	57
 0.686204 -0.389939  0.614061   1.26091
 0.345713  0.917569  0.196342 -0.339359
-0.640005  0.077558  0.764447  0.901367
        0         0         0         1
28	51	57
-0.408523  0.578751 -0.705802   3.79274
-0.422178  0.565771  0.708286   1.53524
