6	7	57
 0.808527 0.0364225 -0.587332  0.330231
-0.302852   0.88151 -0.362244  0.755693
 0.504545  0.470758  0.723755  -1.81384
       -0         0        -0         1
7	8	57
   0.912472 0.000855249    0.409139  -0.0533528
  0.0371375    0.995697  -0.0849066  -0.0593488
  -0.407451   0.0926693    0.908513   -0.269309
         -0          -0          -0           1
4	5	57
  0.956346 -0.0849007    0.27963    0.31191
-0.00527443   0.951697   0.306992  -0.991468
 -0.292187  -0.295066   0.909705    0.75714
         0         -0         -0          1
1	2	57
   0.952707   0.0777605   -0.293772    0.307102
 -0.0722708    0.996948   0.0295138  -0.0361877
   0.295171 -0.00688692    0.955419   -0.362147
         -0          -0          -0           1
4	6	57
 0.931813 -0.151833  0.329652    1.2445
-0.0433474  0.855229  0.516434  -0.78035
 -0.36034  -0.49551  0.790332  0.711526
        0        -0        -0         1
7	10	57
-0.0657651 -0.0242835    0.99754    1.44585
 -0.983248   0.171894 -0.0606383    3.72015
 -0.169998  -0.984816 -0.0351812    3.10725
         0          0          0          1
1	3	57
 0.554312  0.236264 -0.798071   1.46312
  -0.2289  0.965163  0.126745  0.205479
 0.800214  0.112423  0.589083  -1.43515
       -0        -0        -0         1
7	11	57
  0.977749 -0.0522724    0.20316 -0.0895188
  0.202217 -0.0228047  -0.979075    2.13087
 0.0558116   0.998373  -0.011727   -1.28311
         0          0          0          1
4	7	57
  0.964905   0.020602  -0.261788   0.930562
0.000458242   0.996784  0.0801324   -1.16992
  0.262597 -0.0774398   0.961793   -1.23933
        -0         -0         -0          1
7	12	57
-0.567462  0.456622  0.685188   1.38708
-0.763495 0.0197999  -0.64551   3.67995
-0.308321  -0.88944  0.337393   4.11419
        0         0         0         1
4	8	57
  0.980228  0.0739016   0.183553   0.652324
-0.0815606    0.99607  0.0345237   -1.27159
  -0.18028 -0.0488117   0.982404   -1.28593
         0         -0         -0          1
1	4	57
  0.515973 0.00168782  -0.856603    1.79291
 -0.238828   0.960628  -0.141965   0.884742
  0.822637   0.277831   0.496062   -1.44294
        -0          0         -0          1
7	15	57
 0.463451 -0.140138  0.874971   0.74532
 0.179202  0.981836 0.0623351 -0.541927
-0.867813  0.127907  0.480146   2.33526
        0         0         0         1
1	5	57
 0.747389  0.223079 -0.625815   1.26941
-0.188935  0.974418  0.121705 -0.272584
 0.636956  0.027277  0.770418  -1.04184
       -0        -0        -0         1
6	8	57
 0.976327 0.0153216 -0.215753  0.422194
-0.125026  0.853943 -0.505124  0.789695
 0.176502  0.520141  0.835643  -2.06371
       -0         0        -0         1
1	6	57
 0.793078  0.314133 -0.521869   1.90101
-0.185536  0.940628  0.284243 -0.288499
 0.580175 -0.128602  0.804275 -0.310024
       -0        -0        -0         1
4	11	57
-0.0954731   0.993271  0.0655687  -0.120573
 -0.257605 -0.0882792    0.96221    1.50288
  0.961522  0.0749744   0.264299   -0.86834
         0          0          0          1
6	9	57
  0.991906    0.08947 -0.0900972   0.485152
-0.0833921   0.994118  0.0691094    0.51021
 0.0957504 -0.0610367   0.993532  -0.345703
         0          0          0          1
4	12	57
 0.471692  0.674047  0.568478  -0.98249
-0.692972 -0.115288  0.711687   2.70118
 0.545249 -0.729636  0.412715   1.02578
        0         0         0         1
1	7	57
  0.286915  0.0554193  -0.956351    3.33541
 -0.177885   0.984044 0.00365681  -0.512158
  0.941295   0.169072   0.292195    -1.4482
        -0         -0         -0          1
6	10	57
0.0663201  0.493433  0.867252  -1.17689
 -0.73536   0.61165 -0.291771   2.09416
-0.674424 -0.618391  0.403416   3.46244
        0         0         0         1
4	13	57
  0.86524 -0.473924  0.163574   1.25152
 0.441402    0.8748  0.199722  -1.31522
-0.237748 -0.100606  0.966103  0.697682
        0         0         0         1
6	11	57
  -0.6466    0.6769  0.351731  0.138377
-0.669222 -0.282053 -0.687451   3.18063
-0.366129 -0.679892  0.635372   2.41933
        0         0         0         1
1	8	57
 0.639722 0.0379394  -0.76767   3.47782
-0.239031  0.959074 -0.151792 -0.341291
 0.730493  0.280601  0.622609  -1.76022
       -0         0        -0         1
0	1	57
 0.847329 -0.157699  0.507114   0.38738
0.0220599  0.964522  0.263081  -0.42622
 -0.53061  -0.21173  0.820746   1.69756
        0         0         0         1
7	20	57
 0.865713  -0.18943  0.463311  0.567722
0.0693205  0.962076  0.263828  0.358387
-0.495717 -0.196282  0.846013  0.778643
        0         0         0         1
4	14	57
 0.651485 -0.617098  0.441313   1.34736
 0.284825  0.738097  0.611627   -0.8778
-0.703166 -0.272769  0.656624   2.28072
        0         0         0         1
1	9	57
  0.73508  0.285805 -0.614795   2.10995
-0.118756  0.947062  0.298277  -0.10623
 0.667499 -0.146246  0.730108 -0.533644
       -0        -0        -0         1
7	21	57
 0.881487 0.0710075   0.46684 -0.308099
0.0809809  0.951251 -0.297596  0.122194
-0.465214  0.300132  0.832765  0.247015
        0         0         0         1
4	15	57
  0.62738  0.185259  0.756356 -0.115213
-0.349868  0.934795 0.0612431  0.298296
-0.695692 -0.303047  0.651288   2.36824
        0         0         0         1
1	10	57
-0.954676 -0.194675 -0.225155   4.39449
-0.0280236 -0.694302  0.719137   2.64346
-0.296324  0.692853  0.657379  -0.48442
        0         0        -0         1
7	22	57
-0.683688  -0.71896  0.125169   4.29577
-0.0129927 -0.159498 -0.987113    2.8404
 0.729659 -0.676503 0.0997055   1.31724
        0         0         0         1
3	4	57
   0.999248    0.002118  -0.0387281 -0.00708306
 -0.0127335    0.961078   -0.275985    0.701281
   0.036636     0.27627    0.960381   -0.140217
         -0           0          -0           1
1	11	57
    0.184928    -0.864313    -0.467723      3.74967
    0.929599 -0.000557259     0.368573    -0.488403
   -0.318823    -0.502954     0.803361       1.7042
           0            0            0            1
1	12	57
  0.302619  0.0131473  -0.953021    2.02618
 -0.300878   0.950093 -0.0824328   0.541027
  0.904375   0.311689   0.291472   -1.88837
        -0          0         -0          1
6	15	57
  0.88714 -0.125663  0.444062  -1.04733
 0.319631  0.861379 -0.394794 -0.635935
-0.332895  0.492173   0.80433  0.353906
        0         0         0         1
1	13	57
 0.757923  0.204137 -0.619581  0.692685
-0.0551514  0.966428   0.25095 -0.328302
 0.650009  -0.15603  0.743736 -0.505624
        0         0         0         1
3	5	57
   0.96603 -0.0633664   0.250541   0.261888
 0.0543015   0.997601  0.0429373    -0.4347
 -0.252661 -0.0278739   0.967153   0.316569
         0         -0         -0          1
6	16	57
 0.746004 -0.153935  0.647907 -0.994262
 0.519999  0.742454 -0.422331 -0.964371
-0.416029  0.651971  0.633919  0.291396
        0         0         0         1
0	2	57
  0.969194 -0.0657702   0.237356   0.387912
-0.000893116   0.962743   0.270418  -0.483103
 -0.246298    -0.2623   0.933025    1.25473
         0          0          0          1
3	6	57
 0.947302  -0.17062  0.271122   1.34917
 0.106302  0.965827  0.236383 -0.232537
-0.302189 -0.195105  0.933068  0.202503
        0        -0        -0         1
2	3	57
 0.794132  0.188822 -0.577669  0.726499
-0.190777  0.979916  0.058039  0.342293
 0.577026 0.0641154  0.814206  -1.34745
        0         0         0         1
1	15	57
 0.970277  -0.13102 -0.203461  0.610158
0.0955602   0.97987 -0.175281 -0.703148
  0.22233  0.150628  0.963266 -0.483629
        0         0         0         1
7	26	57
  0.127869  -0.450144   0.883753   0.591478
 0.0461118   0.892803   0.448081  -0.309092
 -0.990718 -0.0165444   0.134919    2.78876
         0         -0         -0          1
3	7	57
 0.951961  0.026504 -0.305071  0.986592
-0.0885436  0.977516 -0.191371 -0.035779
  0.29314   0.20919  0.932904  -1.64839
       -0         0        -0         1
1	16	57
   0.98392    0.17756 -0.0193498  -0.413203
 -0.175788    0.94348  -0.280969   0.293632
-0.0316327   0.279852   0.959522    -0.1996
        -0         -0         -0          1
3	8	57
 0.928015 0.0792127  0.364024  0.272971
0.0451979  0.945976 -0.321072 0.0696994
 -0.36979  0.314412  0.874299  -1.55183
       -0        -0        -0         1
1	17	57
   0.998102   0.0614729 -0.00378314  -0.0749598
 -0.0588394    0.969888    0.236337  -0.0684786
  0.0181975   -0.235665    0.971664    0.657022
          0           0           0           1
0	3	57
 0.912509  0.121628 -0.390557  0.825128
-0.0110216  0.961736  0.273755 -0.550161
 0.408909 -0.245499  0.878933 -0.280036
        0         0         0         1
6	20	57
 0.991247  0.058404 -0.118397  0.586087
-0.0775993  0.983298 -0.164628  0.995296
 0.106805  0.172375  0.979224 -0.683666
       -0         0        -0         1
4	23	57
-0.399842 -0.795229  0.455782   4.02983
 0.915901  -0.36585  0.165168  0.193778
0.0354014  0.483493  0.874632   -1.1386
        0         0         0         1
3	10	57
-0.634402  0.670955  0.383866  0.981599
-0.316171 -0.678377  0.663204   3.25335
 0.705387   0.29937    0.6425  -1.07576
        0         0         0         1
1	19	57
-0.947095 -0.319652 0.0288628   5.53593
 0.271598 -0.750293  0.602739    2.2013
-0.171011  0.578691  0.797416 -0.208421
       -0        -0        -0         1
0	4	57
  0.891816  0.0045783  -0.452374    1.00331
-0.0134746   0.999774 -0.0164455   0.103405
  0.452196  0.0207619   0.891677  -0.631827
        -0          0         -0          1
6	21	57
 0.979724 -0.150663 -0.132063  0.353187
0.0220679  0.736303 -0.676292  0.720129
 0.199131  0.659665  0.724699   -1.8289
       -0         0        -0         1
0	5	57
 0.990035  0.039903 -0.135049  0.941807
0.00167681  0.955605  0.294646 -0.936572
 0.140811 -0.291936  0.946015  0.241863
       -0        -0        -0         1
4	25	57
 0.914353 -0.130938  0.383163 -0.370852
-0.014781   0.93485  0.354736  -1.05929
-0.404648 -0.330016  0.852847  0.802817
        0        -0        -0         1
0	6	57
 0.986896  0.111317 -0.116809   1.84223
-0.0399075  0.869818  0.491755 -0.730564
 0.156343  -0.48065  0.862863  0.452901
       -0        -0        -0         1
2	4	57
   0.764282 -0.00158848    -0.64488      1.0003
  -0.192773     0.95371   -0.230815     1.05127
   0.615395    0.300723    0.728598    -1.43668
         -0           0          -0           1
0	7	57
 0.726591   0.17061 -0.665551   2.04766
-0.145269  0.984927 0.0938881 -0.859214
 0.671537 0.0284658  0.740424   -1.4818
       -0        -0        -0         1
5	6	57
   0.99696 -0.0442448  0.0641252   0.979171
 0.0286309   0.973565   0.226608  0.0881273
-0.0724562  -0.224083   0.971873   0.266617
         0          0          0          1
0	8	57
 0.942385 -0.133799 -0.306609   2.96014
 0.100922  0.987539 -0.120752  -1.01257
 0.318945 0.0828514  0.944145   -1.7507
       -0         0        -0         1
0	9	57
 -0.859229 0.00565791   0.511559    3.99509
  0.425324  -0.547777   0.720444    1.07071
  0.284297   0.836605    0.46826   -1.83651
        -0          0         -0          1
1	23	57
-0.889346  -0.32196 -0.324662   5.07534
-0.0856387 -0.580198   0.80996   2.52137
-0.449143  0.748139  0.488425 -0.133933
        0         0        -0         1
2	5	57
  0.914446   0.142554  -0.378769   0.751585
 -0.129316   0.989768  0.0603089  -0.165919
  0.383491 -0.0061681   0.923524  -0.960608
        -0         -0         -0          1
0	10	57
-0.960695 -0.157384 -0.228681   4.88562
-0.104283 -0.558832  0.822698   2.25641
-0.257274   0.81421  0.520455  -0.98352
        0         0         0         1
5	7	57
 0.844228 0.0288277 -0.535208   1.19195
 -0.16259  0.965274 -0.204474  0.434516
 0.510728  0.259642  0.819599  -1.72239
       -0         0        -0         1
3	15	57
 0.994593 0.0866743 0.0572108  -1.10102
-0.0727955  0.188938  0.979287   1.03776
0.0740698 -0.978157  0.194226   3.15852
        0         0         0         1
1	24	57
 0.349369  0.262085 -0.899585    2.3046
-0.251368  0.951106  0.179472  0.432574
 0.902638  0.163425  0.398167  -1.68899
       -0        -0        -0         1
0	11	57
 -0.662429  -0.714293  -0.225775    4.68661
 -0.192878  -0.128599   0.972759    1.50246
 -0.723869   0.687931 -0.0525839    1.24791
         0          0          0          1
2	6	57
 0.938148  0.165575 -0.304076   1.65825
-0.0800113  0.958145  0.274874  -0.20657
 0.336861 -0.233543   0.91213 -0.331735
       -0        -0        -0         1
6	26	57
 0.468618 -0.860811  0.198498  0.330992
 0.875711  0.482244 0.0239144  -1.72774
 -0.11631   0.16262  0.979809  -1.09091
       -0        -0        -0         1
0	12	57
 0.276399 -0.752584   0.59768   2.29028
 0.701652  0.583003  0.409623  -1.64737
-0.656725  0.306144  0.689194    1.5285
        0         0         0         1
0	13	57
 0.958386 -0.208595 -0.194895   1.10986
 0.269541  0.886097  0.377068 -0.976171
0.0940408 -0.413909  0.905448   1.01997
        0         0         0         1
2	7	57
 0.557621 0.0535572 -0.828366   2.56994
-0.250824  0.962141 -0.106638 0.0820048
 0.791294  0.267238  0.549943  -2.11394
       -0         0        -0         1
0	14	57
  0.851758  -0.523732 -0.0145769    1.82336
  0.414343   0.656308   0.630539  -0.611662
 -0.320666  -0.543106   0.776021    1.96256
         0          0          0          1
3	18	57
 0.964612 -0.135726  0.226059 0.0613651
0.0626625  0.950781  0.303464 -0.244372
-0.256121 -0.278559  0.925639   1.51351
        0         0         0         1
2	8	57
   0.871323 -0.00191593   -0.490706     2.63411
  -0.158264    0.945458   -0.284714    0.132595
   0.464487    0.325739    0.823496     -2.3901
         -0           0          -0           1
6	28	57
  0.240622  -0.032728   0.970067   -1.78268
  0.862994  -0.450205  -0.229252    1.01012
  0.444232   0.892325 -0.0800851   -1.74442
        -0          0          0          1
2	9	57
 -0.86154 -0.231681  0.451745   4.09822
 0.446385 -0.769556  0.456644   2.10984
 0.241848  0.595069  0.766422  -1.67522
       -0         0        -0         1
6	29	57
 -0.534222   0.806194  -0.254279    1.26769
 -0.817757  -0.569072 -0.0861986     4.1006
 -0.214196   0.161889   0.963282  -0.776424
        -0         -0         -0          1
7	37	57
     0.995954    -0.0796676     0.0415802      0.778549
    0.0797398      0.996816 -8.35694e-005    -0.0426782
   -0.0414411     0.0033988      0.999135      -1.82507
            0             0             0             1
6	31	57
   -0.383831     0.380448     0.841387 -0.000847578
   -0.919194    -0.244313    -0.308856      3.91235
   0.0880586    -0.891948     0.443481     0.704974
           0            0           -0            1
5	8	57
 0.989071 0.0168073  -0.14648   1.23246
-0.0609256  0.951285 -0.302233  0.383148
 0.134265  0.307855  0.941912   -1.9391
       -0         0        -0         1
2	12	57
0.0840282 -0.975186  0.204821    3.4013
 0.993665 0.0973966 0.0560674  -0.54317
-0.074625  0.198812  0.977192 -0.137547
        0         0         0         1
6	32	57
 0.930283 0.0458456  0.363966  -1.21182
 0.144609   0.86599 -0.478696  0.948183
-0.337137  0.497956  0.798986  -0.95313
       -0        -0        -0         1
5	9	57
   0.999584   0.0275798 -0.00840703     1.39793
 -0.0240567    0.958493    0.284098    0.511967
  0.0158933   -0.283778    0.958758   -0.190048
          0           0           0           1
0	23	57
 0.537389 -0.263769 -0.801024   2.63268
 0.107362  0.963498 -0.245243 -0.392533
 0.836473 0.0457913  0.546092  -1.49213
        0         0         0         1
3	23	57
 0.850802 0.0379636 -0.524113  0.450373
-0.110062  0.988139  -0.10709 0.0704359
 0.513831  0.148798  0.844889  -1.09622
        0         0         0         1
4	35	57
 -0.655168   0.755269 -0.0179763    1.67174
 -0.316238  -0.252561   0.914443   0.841377
   0.68611   0.604799   0.404315   -2.56169
         0         -0         -0          1
2	14	57
 0.495628 -0.689596 -0.528026   2.63921
 0.852478  0.502602   0.14378 -0.644638
 0.166237 -0.521391  0.836969   0.79542
        0         0         0         1
3	24	57
 0.962852 0.0554458 -0.264277 -0.293745
0.0249837  0.956203  0.291637 -0.571699
 0.268872 -0.287406  0.919296  0.782951
       -0        -0        -0         1
4	36	57
 0.896205  0.190839 -0.400497  0.468679
0.0222521  0.882277  0.470204 -0.988338
 0.443082 -0.430311  0.786454 -0.151193
       -0        -0        -0         1
6	34	57
  0.995189 -0.0744313 -0.0637147   0.235942
 0.0352794   0.878905   -0.47569     1.2417
 0.0914056   0.471154   0.877302   -2.32598
        -0          0         -0          1
2	15	57
 0.614577   0.77908  0.123813  -1.99253
-0.299353 0.0851151  0.950338   1.92219
 0.729851  -0.62112   0.28553  0.134091
        0         0         0         1
4	37	57
 0.964468  0.182084  -0.19143   0.29413
-0.142054  0.968325  0.205344 -0.934745
 0.222757 -0.170855  0.959785  -1.24293
       -0        -0        -0         1
7	42	57
  0.956935 -0.0267294    0.28907   -1.61629
0.00126577   0.996127  0.0879188  -0.185411
   -0.2903 -0.0837667   0.953262  -0.199911
         0         -0         -0          1
6	36	57
 0.734437  0.374162 -0.566219 -0.354276
-0.416324  0.907266 0.0595182  0.707527
 0.535981  0.192018  0.822103  -1.02146
       -0        -0        -0         1
4	38	57
 0.925808   0.17616  0.334434  -1.02044
-0.338108  0.781518  0.524322 -0.339556
-0.169001 -0.598496  0.783097   1.43756
        0        -0        -0         1
4	39	57
 0.668301 -0.391243  0.632695   0.23259
-0.018534    0.8415   0.53994 -0.990709
 -0.74366 -0.372569  0.555124   2.48488
        0        -0        -0         1
2	18	57
 -0.75568  0.425281  -0.49808   3.04008
-0.641047 -0.636102  0.429458   4.17774
-0.134189  0.643826  0.753314 -0.747513
        0         0         0         1
7	43	57
 0.888276  0.171046  0.426273  -2.04109
0.0188567   0.91371  -0.40593 -0.229979
-0.458922  0.368616  0.808401 -0.250236
        0         0         0         1
1	35	57
-0.821621 -0.440084  0.362304   4.49046
 0.569742 -0.654304  0.497272   1.94948
0.0182157  0.614989  0.788325  -1.30162
       -0         0        -0         1
6	38	57
  0.954133    0.27774  -0.111757   -1.15785
 -0.281403   0.959418 -0.0181481   0.295419
  0.102182  0.0487645    0.99357  -0.806563
        -0          0         -0          1
1	36	57
 -0.842296  -0.530297 -0.0965479    4.65127
  0.345573  -0.668742   0.658303    1.41035
 -0.413662   0.521122   0.746535   -0.44718
         0          0         -0          1
4	40	57
  0.977868 0.00654342  -0.209119   -0.65485
 0.0469433   0.967165   0.249776   -1.23309
  0.203887  -0.254065   0.945453   -2.23127
        -0         -0         -0          1
5	15	57
 -0.276845   0.789559   0.547681     1.7176
 -0.936945 -0.0952939  -0.336233    5.41251
 -0.213285  -0.606231   0.766155    1.88011
         0          0          0          1
6	39	57
 -0.862961   0.498953 -0.0796488    2.41407
 -0.479035  -0.757789   0.443038    3.76976
  0.160698   0.420479   0.892958   -1.62914
         0         -0         -0          1
5	16	57
 0.718489 -0.183193   0.67098 -0.201185
 0.489621   0.81839 -0.300849 -0.728076
-0.494009  0.544683  0.677699  0.628252
        0         0         0         1
7	45	57
 0.997361 0.0383023 0.0616772 -0.953126
-0.00740474  0.898751 -0.438397 0.0432035
-0.0722242  0.436783  0.896663  -1.63989
       -0        -0        -0         1
1	38	57
 0.585727   0.31615 -0.746306   1.38547
-0.221552  0.948172  0.227782 -0.188769
  0.77964  0.031928  0.625413  -1.59781
       -0        -0        -0         1
4	42	57
  0.999189 -0.0216122  0.0339609  -0.540556
 0.0173227   0.992393   0.121879   -1.32796
-0.0363367  -0.121192   0.991963   -1.90801
         0         -0         -0          1
5	18	57
 0.971498 -0.121309  0.203656   1.01345
 0.027508  0.911024  0.411435  0.267581
-0.235447 -0.394106  0.888395   1.59489
        0         0         0         1
1	39	57
 0.960825  0.140603 -0.238842  0.102294
-0.0829252  0.968129  0.236327 -0.454854
 0.264458 -0.207263  0.941862 -0.478528
       -0        -0        -0         1
0	35	57
 0.452152  0.659647 -0.600353  0.363318
-0.136558  0.716348   0.68425 -0.526931
 0.881425 -0.227402  0.413979 -0.744309
       -0        -0        -0         1
0	36	57
 0.664022  0.582977   -0.4682  0.708757
-0.150294  0.717462  0.680191 -0.724442
 0.732452 -0.381294  0.564028  -0.27441
       -0        -0        -0         1
7	47	57
  0.968392 -0.0156814  -0.248938   0.478127
-0.0423564   0.973188  -0.226076 -0.0801624
  0.245808   0.229474   0.941764    -2.3227
        -0          0         -0          1
6	42	57
  0.943566 -0.0438317  -0.328271  -0.650197
 -0.103459   0.902585  -0.417894    1.16483
   0.31461   0.428274   0.847114   -2.94465
        -0          0         -0          1
0	37	57
 0.578823   0.23218 -0.781701   2.54828
-0.0756325  0.969762  0.232035  -1.04814
 0.811938 -0.075185  0.578882   -1.4471
       -0        -0        -0         1
1	41	57
 0.279397  0.836185 -0.471945  0.228066
-0.573122 -0.249122 -0.780685   4.75968
-0.770369  0.488604  0.409632  0.472039
       -0        -0        -0         1
6	43	57
  0.986972 -0.0547614  -0.151289   -1.13277
-0.0869775   0.609466  -0.788026    1.33592
  0.135359   0.790918   0.596763   -3.14916
        -0          0         -0          1
1	42	57
 0.606363   0.12209  -0.78576   2.70937
-0.183505  0.982956  0.011121 -0.253128
 0.773725  0.137447  0.618432  -3.16328
       -0        -0        -0         1
0	39	57
 0.924323  -0.18825  0.331948  0.302122
0.0106703  0.882267  0.470629 -0.985384
-0.381462 -0.431471  0.817508   1.55368
        0        -0        -0         1
5	22	57
  -0.124575   -0.698878    0.704308      3.3783
   0.982696   -0.184969 -0.00972795    0.560466
   0.137074    0.690909    0.709827     -1.5148
          0           0           0           1
5	23	57
 0.693539  0.189712  0.694992 -0.559021
-0.104301  0.980982 -0.163695  0.632669
-0.712829  0.041041  0.700136   1.83263
        0         0         0         1
6	45	57
-0.115345  0.119527  0.986108 -0.872249
-0.340994 -0.937171 0.0737099   5.12955
 0.932963 -0.327755  0.148856 -0.692086
        0         0        -0         1
5	24	57
  0.87803  0.139994 -0.457672 0.0904545
-0.0132923  0.963028  0.269074  0.226993
  0.47842 -0.230172  0.847429 -0.452146
       -0        -0        -0         1
0	42	57
 0.921273 0.0355214 -0.387291    1.2594
0.00874456  0.993677  0.111938  -1.21861
 0.388818 -0.106512  0.915137  -2.49668
       -0        -0        -0         1
3	35	57
  0.966892  0.0620089   -0.24754  -0.170677
-0.0404022   0.994991  0.0914347  -0.443547
   0.25197 -0.0784062   0.964554  -0.150647
        -0         -0         -0          1
3	36	57
 0.867391  0.270962 -0.417387  0.744479
-0.179019   0.95251  0.246328 0.0734412
 0.464311 -0.138942  0.874706  -0.88668
       -0        -0        -0         1
3	37	57
  0.936916  0.0868358  -0.338598   0.876502
-0.0680061   0.995425  0.0671079  -0.459958
  0.342876 -0.0398477   0.938535   -1.37389
        -0         -0         -0          1
5	27	57
-0.121074  0.805155  0.580574  -1.14568
-0.666136  0.367719  -0.64888   4.05262
-0.735937 -0.465303  0.491821   2.57651
        0        -0        -0         1
2	29	57
   0.70982  -0.524534   0.470127  -0.527105
  0.405513   0.850038   0.336147  -0.507911
 -0.575946 -0.0479612   0.816079  -0.192175
         0         -0         -0          1
3	38	57
  0.999982 0.00504732  0.0033356 -0.0646104
-0.00488999   0.998946 -0.0456352  -0.105853
-0.00356245   0.045618   0.998952  -0.544618
        -0         -0         -0          1
0	46	57
 -0.761962  -0.382978   0.522246    4.35991
  0.416973  -0.907138 -0.0568626    2.34939
  0.495526   0.174435   0.850897   -2.19439
        -0          0         -0          1
3	39	57
   0.90778  -0.200948   0.368179 -0.0273653
  0.162767    0.97775   0.132328   -0.63952
 -0.386578 -0.0601976    0.92029   0.674472
         0         -0         -0          1
5	29	57
 -0.619123   0.780838 -0.0835352    2.56984
 -0.785183  -0.617309  0.0491572    4.29086
-0.0131832  0.0960248   0.995292    -1.6353
         0          0         -0          1
3	40	57
  0.961577  0.0615777  -0.267539  -0.669674
-0.0822139   0.994385 -0.0666184   0.484897
  0.261935  0.0860546   0.961241   -2.78525
        -0          0         -0          1
3	42	57
  0.997734 -0.0628778  0.0239728  -0.431386
 0.0663865   0.977987  -0.197824 -0.0222167
-0.0110064   0.198967   0.979945    -2.3872
        -0         -0         -0          1
10	11	57
  0.987674 -0.0178991     0.1555   0.127106
 0.0876101   0.886465  -0.454428 -0.0781947
 -0.129711    0.46245   0.877106  -0.776093
         0          0          0          1
11	12	57
  0.966746  0.0164256   0.255211  -0.129113
 0.0165406    0.99183  -0.126492 -0.0647496
 -0.255204   0.126508   0.958575    0.42979
        -0         -0         -0          1
10	12	57
  0.877318  0.0497626   0.477323 -0.0311275
  0.229325   0.830237  -0.508053  -0.379965
 -0.421573   0.555185   0.716969  -0.144026
         0          0          0          1
10	13	57
 0.479485 -0.424436  0.768081   1.71683
  0.47517  0.861415  0.179381 -0.984456
-0.737772  0.278959  0.614715   1.35067
        0         0         0         1
2	38	57
  0.749335   0.257844  -0.609928   0.841285
 -0.180678   0.965739   0.186288 -0.0825901
  0.637065 -0.0293918   0.770249   -1.59717
        -0         -0         -0          1
1	56	57
 0.963262  0.143773 -0.226835   1.61375
-0.0657426   0.94517  0.319893 0.0703411
  0.26039 -0.293228  0.919899  -1.13621
       -0        -0        -0         1
10	14	57
0.0141507 -0.687888  0.725679   2.97706
 0.515555  0.626863  0.584164 -0.653258
 -0.85674  0.365861  0.363514   1.62622
        0         0         0         1
11	14	57
  -0.20073   0.855102   0.478025   0.693784
 -0.961366 -0.0781149  -0.263959    3.82908
 -0.188371  -0.512541   0.837746    1.46472
         0         -0         -0          1
2	39	57
  0.992859   0.118459 -0.0140905  -0.405151
 -0.114733   0.980562   0.159165  -0.108304
 0.0326709  -0.156412   0.987151  -0.393681
        -0         -0         -0          1
10	15	57
 0.619706  -0.76915 -0.156115   2.12012
 0.663345   0.61962 -0.419576 -0.557812
 0.419449  0.156455  0.894195  -1.01901
        0         0         0         1
8	9	57
  0.994532 -0.0428246  0.0952486   0.383017
-0.0162883   0.837284   0.546525   0.687535
 -0.103155  -0.545088   0.832009    1.47889
         0          0          0          1
5	37	57
 0.831768  0.340757 -0.438231  0.193683
-0.317973  0.939548  0.127051  0.317653
 0.455033 0.0336687  0.889838  -1.45857
       -0        -0        -0         1
11	15	57
-0.946993 -0.177645 -0.267669   5.30636
 0.227607 -0.959013 -0.168786   2.90044
-0.226714 -0.220763  0.948612    1.2488
        0         0         0         1
12	13	57
 0.861326 -0.278222  0.425101   0.73959
0.0159093  0.851085  0.524787  0.391322
-0.507804  -0.44525  0.737487    2.1312
        0         0         0         1
10	16	57
 0.869323 -0.471081   0.14953   1.28163
 0.490595   0.78577 -0.376672 -0.767892
0.0599471  0.400808  0.914198 -0.763615
       -0         0        -0         1
2	40	57
  0.674986   0.266663  -0.687957    1.14364
 -0.393073   0.919036 -0.0294293    1.66776
   0.62441   0.290282   0.725154   -4.05569
        -0          0         -0          1
11	16	57
  0.999054 -0.0167988  0.0401061   -0.28347
 0.0240432   0.981947  -0.187624  -0.262828
-0.0362301   0.188411   0.981422  -0.209215
        -0         -0         -0          1
8	10	57
 0.710513 -0.371705    0.5975    1.7031
-0.00250923   0.84776  0.530375  0.638085
-0.703679 -0.378338  0.601412   2.32566
        0         0         0         1
12	14	57
 0.492179 -0.644508  0.585124   1.91739
0.0210995   0.68081  0.732157  0.797546
-0.870238 -0.348006  0.348679   2.75109
        0        -0        -0         1
8	11	57
 0.557716 -0.829055  0.040272    1.7846
 0.213595 0.0964656 -0.972148   2.01919
 0.802079  0.550784  0.230883  -1.11174
        0         0         0         1
12	15	57
  0.451593 -0.0616532   0.890092   0.851855
-0.0280471   0.996136  0.0832285   0.186771
 -0.891783 -0.0625499   0.448119    2.29216
         0          0          0          1
5	40	57
   0.891909 -0.00808251   -0.452142   -0.124827
    0.02873    0.998833   0.0388184   0.0555572
     0.4513  -0.0476126    0.891101    -2.78377
         -0          -0          -0           1
2	42	57
  0.793004  0.0682187  -0.605385    1.74254
 -0.153444    0.98404 -0.0901111   0.162982
  0.589576   0.164351   0.790815   -3.49536
        -0          0         -0          1
10	20	57
  0.810853 -0.0402956  -0.583861    1.62894
 -0.141297   0.954637  -0.262115    1.22836
  0.567937   0.295035   0.768376    -1.2191
        -0          0         -0          1
11	19	57
 0.00354957    0.964427    0.264326 -0.00866171
  -0.872224   -0.126295    0.472519     3.94505
   0.489093   -0.232229    0.840748   -0.807288
          0           0          -0           1
10	22	57
 0.999263 0.0363455 -0.012342 -0.290252
-0.0332294  0.658192 -0.752116  0.715402
-0.0192128  0.751972  0.658915  -1.63061
       -0        -0        -0         1
10	23	57
    0.97763 -0.00981005    0.210105   0.0466949
   0.134934    0.795521   -0.590711    0.252039
  -0.161348    0.605847    0.779048   -0.721838
          0           0           0           1
5	42	57
   0.963819  0.00597389    -0.26649 -0.00187052
 -0.0573558    0.980978    -0.18545    0.546397
   0.260313    0.194025    0.945828    -2.76855
         -0           0          -0           1
10	24	57
 0.0177144   0.909907   0.414434 -0.0500683
 -0.336839     0.3957  -0.854378    3.20571
 -0.941396  -0.124463   0.313502    2.61736
         0         -0         -0          1
5	43	57
 0.952929  0.246379 -0.176702  -1.10045
-0.301692  0.828463 -0.471838   1.11662
  0.03014  0.502938  0.863797  -2.49713
       -0         0        -0         1
8	15	57
 0.310923 -0.789057  0.529826   1.84951
  0.90018  0.423352  0.102225  -1.11434
-0.304964  0.445155  0.841923   1.20513
        0         0         0         1
11	22	57
 0.435707  0.794394   -0.4232 -0.589674
-0.896668  0.342129 -0.280954      3.13
-0.0783993  0.501883  0.861375 -0.942664
       -0        -0        -0         1
10	26	57
-0.0800242 -0.794079 -0.602524   4.53091
 0.988754 0.0133746 -0.148948  0.611315
 0.126335 -0.607667  0.784079  0.130933
       -0         0        -0         1
11	23	57
 0.226171  0.973295 0.0392722 -0.592344
-0.920792  0.226776 -0.317353   3.58923
-0.317785 0.0356146  0.947494  0.481384
       -0        -0        -0         1
11	24	57
-0.130231  0.966419  0.221528   0.22583
-0.853474 -0.222981  0.471022   3.10004
 0.504601 -0.127727  0.853852  -1.15167
        0         0        -0         1
12	22	57
  0.875576  -0.161833  -0.455167   0.776958
 0.0494035   0.967274  -0.248878 -0.0539128
  0.480548   0.195424   0.854917   -1.67589
        -0          0         -0          1
11	25	57
  0.705032   0.698163  -0.124495 0.00304169
 -0.595584   0.678207   0.430483   -0.16303
  0.384981  -0.229357   0.893972    -1.0865
        -0         -0         -0          1
12	23	57
 0.942991 0.0779703 -0.323555  0.263186
0.0217261  0.955676  0.293618  0.221103
 0.332107 -0.283909    0.8995 -0.252905
       -0        -0        -0         1
9	10	57
 0.800263 -0.319757  0.507283    1.1698
 0.330889  0.940984 0.0711401 -0.530236
-0.500093  0.110924  0.858839   0.75685
        0         0         0         1
11	26	57
 -0.302824   -0.60452  -0.736785    4.60662
  0.906051  -0.422378 -0.0258394    1.31735
 -0.295582   -0.67539   0.675633    1.03241
         0          0         -0          1
10	31	57
 0.893633  0.202752  -0.40039   0.11682
-0.237318  0.970683 -0.038131  0.983503
  0.38092  0.129095  0.915551  -2.18993
       -0         0        -0         1
12	24	57
   0.997241 0.000158157   0.0742287   -0.229224
 -0.0417609    0.827924    0.559282    0.445067
 -0.0613673    -0.56084    0.825647     1.12979
          0          -0          -0           1
9	11	57
-0.0519888 -0.899654  0.433498   4.14586
 0.938529 -0.192354 -0.286641   1.02774
 0.341263  0.391948  0.854351  -1.28001
        0         0         0         1
8	20	57
 0.993714  -0.07168 0.0859953  0.424065
0.0357253  0.931021  0.363214  0.519043
-0.106098 -0.357859  0.927729   1.01555
        0         0         0         1
12	25	57
 0.768477 -0.354088  0.532977   0.63989
0.0765153  0.877811  0.472857 -0.232527
-0.635286 -0.322599  0.701671  0.970387
        0        -0        -0         1
9	12	57
 0.406235 0.0564252  0.912025   1.21013
  0.45169  0.855224 -0.254103 -0.911325
-0.794323  0.515178  0.321935  0.730227
        0         0         0         1
11	28	57
 0.964543 -0.214201 -0.154194 -0.480978
-0.0701458  0.355163 -0.932169   4.17994
 0.254436  0.909933  0.327544  -2.78021
       -0         0        -0         1
8	21	57
 0.996295 0.0596957 0.0619058 -0.577418
-0.0487531  0.985044 -0.165261  0.320495
-0.0708454  0.161631  0.984305  0.464254
        0         0         0         1
10	34	57
  0.880332 -0.0339149  -0.473144   0.505438
 -0.198193    0.87991   -0.43183    1.06726
   0.43097   0.473927   0.767892   -3.03917
        -0          0         -0          1
12	26	57
 0.194648 -0.507913  0.839128    1.1701
-0.0940512  0.841885  0.531398  -0.12917
-0.976354 -0.182356  0.116101   2.23513
        0        -0        -0         1
10	35	57
  0.992667 -0.0269583   0.117837   0.237456
  0.032893   0.998271  -0.048713 -0.0530675
  -0.11632  0.0522316   0.991837  -0.992312
        -0         -0         -0          1
9	13	57
-0.0931313 -0.475218  0.874926    3.4582
 0.541656  0.713148  0.445004 -0.793764
-0.835425  0.515353  0.190988   1.01571
        0         0         0         1
10	37	57
  0.838777 -0.0609794   0.541049   -0.16021
  0.226491    0.94273  -0.244872   0.429725
 -0.495131   0.327936   0.804551    -1.3498
        -0         -0         -0          1
10	38	57
 0.679377 -0.124686 -0.723118   2.41496
-0.0615474  0.972302 -0.225477  0.337996
 0.731203   0.19769  0.652886  -2.10079
       -0         0        -0         1
11	31	57
 0.0913288  -0.175419   0.980248   0.337769
  0.026895  -0.983569  -0.178519    3.43016
  0.995458  0.0426678 -0.0851104    -2.0502
        -0          0          0          1
10	39	57
  0.999045  -0.035095 -0.0259957   0.529626
 0.0328893   0.996179  -0.080893  0.0462612
 0.0287353  0.0799607   0.996383  -0.810381
        -0          0         -0          1
12	29	57
 -0.830028  -0.549424 -0.0958449    4.56001
  0.308504  -0.595466   0.741785  -0.119551
 -0.464627   0.586134   0.663754  -0.756893
         0          0         -0          1
11	32	57
  0.857501  -0.325117  -0.398737     1.5407
  0.344171    0.93857 -0.0251231  -0.682693
  0.382411  -0.115691   0.916721   -1.64901
        -0          0         -0          1
11	33	57
-0.820589  0.250242   0.51382   1.61127
-0.515001 0.0660463 -0.854641   3.92342
-0.247803 -0.965928 0.0746779   3.00481
        0        -0        -0         1
9	18	57
-0.818814  0.238306  0.522259   2.72125
0.0399533 -0.883901  0.465964   3.35325
 0.572668  0.402403  0.714229  -1.27964
        0         0         0         1
11	34	57
 -0.156882   0.987055 -0.0333339   0.300587
 -0.888344  -0.126284   0.441472    4.41939
  0.431548  0.0988708   0.896656   -2.28649
         0         -0         -0          1
12	31	57
 0.616902  0.612878 -0.493773  0.246087
-0.309921  0.765858  0.563391    1.1596
 0.723451 -0.194527  0.662403  -2.28279
       -0        -0        -0         1
5	55	57
 -0.249889   0.863729   -0.43764    2.76967
 -0.951689  -0.302387 -0.0533865    4.33054
 -0.178448   0.403156   0.897564    -1.2752
        -0         -0         -0          1
12	32	57
  0.737882   0.169827  -0.653213    1.57964
 -0.098179   0.984539   0.145062   0.311453
   0.66775 -0.0429071   0.743148   -2.13721
        -0         -0         -0          1
14	15	57
  0.999901 -0.0114212 0.00826263 0.00603008
 0.0140781   0.778811  -0.627101   0.217149
0.000727229   0.627155   0.778894   -1.34219
         0          0          0          1
12	33	57
 0.773446   0.55754 -0.301548 -0.160572
 0.397629 -0.056286  0.915818 0.0745767
 0.493632  -0.82824 -0.265228   1.88904
       -0         0        -0         1
11	36	57
 0.961578 -0.049545 -0.270021  0.804012
-0.229879  0.392364 -0.890621   3.52343
 0.150072  0.918475    0.3659  -1.81027
       -0         0        -0         1
15	16	57
 -0.852779  -0.458185  -0.250667    7.22459
  0.456117   -0.88717   0.069897    1.94264
  -0.25441 -0.0547268   0.965546   0.664402
        -0          0         -0          1
12	34	57
  0.665743 -0.0419625     -0.745     1.4537
-0.0122658   0.997667 -0.0671553   0.194088
   0.74608  0.0538461   0.663675   -2.73575
        -0          0         -0          1
10	46	57
 0.989628 0.0717452 -0.124453   1.20269
0.0775156  0.462693  0.883123  -1.53578
 0.120944  -0.88361  0.452333    1.2321
       -0        -0        -0         1
9	22	57
 0.519607  0.787751  0.330843 -0.882899
-0.538615  0.602594 -0.588875   2.26742
-0.663251  0.127787  0.737407   1.43397
        0         0         0         1
11	37	57
 -0.810126  -0.288897   0.510131    2.33308
  0.198332  -0.953902  -0.225246    3.80838
  0.551688 -0.0813027   0.830078   -1.93224
        -0          0         -0          1
14	16	57
  0.973539 -0.0292572   0.226642   0.200256
  0.184549   0.685568  -0.704229   0.011479
 -0.134775    0.72742   0.672826   -1.27051
        -0         -0         -0          1
12	35	57
  0.991071 -0.0137596  -0.132628   0.382895
 0.0841554   0.836079   0.542117  -0.367628
  0.103428  -0.548437   0.829771 -0.0813669
        -0         -0         -0          1
10	47	57
0.0921863 -0.784917 -0.612704   5.55685
-0.355952  0.548688 -0.756464   3.00335
 0.929946  0.287829 -0.228812  -1.45763
       -0         0         0         1
11	38	57
 0.0501325   0.997965  0.0393962  -0.465737
 -0.842377  0.0210597   0.538476     2.5534
  0.536551 -0.0601817   0.841719   -1.60407
        -0          0         -0          1
14	17	57
 0.851464 -0.211284  0.479967   1.07188
 0.298771  0.947627 -0.112872 -0.416395
-0.430982  0.239507  0.869995  0.420035
        0         0         0         1
12	36	57
-0.495205  0.739272  0.456344  0.795714
-0.183217 -0.602325   0.77694   1.94776
 0.849237  0.301135  0.433721  -1.97248
       -0         0        -0         1
11	39	57
 0.398233  0.889791  0.222894  -1.06852
-0.914699  0.403439 0.0237219   2.42476
-0.0688168 -0.213328  0.974554 -0.186351
        0        -0        -0         1
9	24	57
-0.428141 0.136143 0.893398  1.92693
0.571572 -0.72495 0.384387  1.93314
     0.7 0.675213 0.232565 -2.22063
      -0        0       -0        1
14	18	57
  0.994212  0.0716307 -0.0800703    1.11209
-0.0834893   0.984189  -0.156211    0.32847
 0.0676148   0.161992   0.984473  -0.458681
         0          0          0          1
15	19	57
-0.553543 -0.819416 -0.148817   5.33417
