0	 1	 57	
0.8515516590	-0.1585148140	0.4997327540	0.3898505010
0.0259091680	0.9647553160	0.2618699970	-0.4365671310
-0.5236301040	-0.2100481710	0.8256459770	1.6665252900
0.0000000000	0.0000000000	0.0000000000	1.0000000000
0	 2	 57	
0.9675129160	-0.0501916109	0.2477893450	0.3531634240
-0.0162816703	0.9656914720	0.2591811880	-0.4492505150
-0.2522967790	-0.2547955720	0.9335017690	1.2409433200
0.0000000000	0.0000000000	0.0000000000	1.0000000000
0	 3	 57	
0.9145928630	0.1160317440	-0.3873713060	0.8266499530
0.0014126373	0.9570258470	0.2899991940	-0.5931792430
0.4043734640	-0.2657784080	0.8751250990	-0.2375609350
0.0000000000	0.0000000000	0.0000000000	1.0000000000
0	 4	 57	
0.8879329620	0.0075543429	-0.4599108470	1.0122654100
-0.0147814134	0.9998173480	-0.0121152635	0.0994122535
0.4597353200	0.0175556742	0.8878824440	-0.6385726190
0.0000000000	0.0000000000	0.0000000000	1.0000000000
0	 5	 57	
0.9853211310	0.0512415080	-0.1628391150	0.9784123590
0.0015739042	0.9511199090	0.3088178130	-0.9502415020
0.1707038150	-0.3045410100	0.9370778950	0.2250735070
0.0000000000	0.0000000000	0.0000000000	1.0000000000
0	 6	 57	
0.9943452370	0.0942915137	-0.0488534610	1.7417661900
-0.0617450133	0.8876119360	0.4564346670	-0.6872000740
0.0864008307	-0.4508371790	0.8884147310	0.4324507230
0.0000000000	0.0000000000	0.0000000000	1.0000000000
0	 7	 57	
0.6822319290	-0.1431109540	-0.7169929220	3.1389718400
0.0964410430	0.9897020510	-0.1057779560	-0.8312244940
0.7247473490	0.0030175538	0.6890081090	-1.4161836100
0.0000000000	0.0000000000	0.0000000000	1.0000000000
0	 8	 57	
0.8713811240	-0.3412560890	-0.3524758420	3.6216595600
0.2613627200	0.9309089560	-0.2551431830	-0.4650857080
0.4151920830	0.1302029080	0.9003681120	-1.8773790300
0.0000000000	0.0000000000	0.0000000000	1.0000000000
0	 14	 57	
0.8754346800	-0.4832994620	0.0059791604	1.8048471200
0.4059376090	0.7419058240	0.5336575740	-0.7009701870
-0.2623523920	-0.4647551820	0.8456795160	1.6482113600
0.0000000000	0.0000000000	0.0000000000	1.0000000000
0	 16	 57	
0.8339588920	-0.1430267560	0.5329689610	0.1582905030
0.1842544440	0.9825699360	-0.0246296548	-0.4599632190
-0.5201565780	0.1187420190	0.8457762510	1.4160888600
0.0000000000	0.0000000000	0.0000000000	1.0000000000
0	 38	 57	
0.8767006730	0.1905989250	-0.4416650100	0.8786412940
-0.0194116803	0.9314230620	0.3634202330	-0.9470854610
0.4806444810	-0.3100373030	0.8202790700	-0.5359650350
0.0000000000	0.0000000000	0.0000000000	1.0000000000
0	 39	 57	
0.9289159490	-0.2541063230	0.2693420420	0.5777654060
0.1048213410	0.8780775530	0.4668964520	-1.1872159100
-0.3551445420	-0.4054747670	0.8422960100	1.4385845600
0.0000000000	0.0000000000	0.0000000000	1.0000000000
0	 42	 57	
0.9196941050	-0.0695234643	-0.3864314170	1.5997963100
0.0885367308	0.9955715470	0.0315997250	-1.2718878200
0.3825232010	-0.0632754551	0.9217766630	-2.6552304500
0.0000000000	0.0000000000	0.0000000000	1.0000000000
0	 47	 57	
-0.3684361350	0.8882630320	-0.2743056690	0.6235410980
-0.3847253230	0.1229259780	0.9148090670	-0.6241795390
0.8463103690	0.4425810540	0.2964469100	-0.8035693820
0.0000000000	0.0000000000	0.0000000000	1.0000000000
0	 53	 57	
-0.9468098640	0.3073495560	0.0953275021	2.6200344900
-0.1266985460	-0.6283613890	0.7675346530	-0.0775547683
0.2958015560	0.7146315240	0.6338795030	-1.4117273700
0.0000000000	0.0000000000	0.0000000000	1.0000000000
1	 2	 57	
0.9563698810	0.0796694004	-0.2810861730	0.2800831540
-0.0743278545	0.9967935300	0.0296315586	-0.0306581489
0.2825456070	-0.0074461981	0.9592249650	-0.3459879780
0.0000000000	0.0000000000	0.0000000000	1.0000000000
1	 3	 57	
0.5573615520	0.2515378090	-0.7912501700	1.4236130500
-0.2316503970	0.9622714900	0.1427293690	0.1973151180
0.7972993130	0.1037415530	0.5946019650	-1.4186081600
0.0000000000	0.0000000000	0.0000000000	1.0000000000
1	 4	 57	
0.5190403010	0.0046520965	-0.8547371080	1.7748389600
-0.2175141830	0.9677833800	-0.1268184150	0.8181828980
0.8266103960	0.2517413120	0.5033304740	-1.4205204900
0.0000000000	0.0000000000	0.0000000000	1.0000000000
1	 5	 57	
0.7650913980	0.2227956770	-0.6041500130	1.1928470800
-0.1938858570	0.9744013220	0.1137995520	-0.2569661770
0.6140386200	0.0300690847	0.7887030010	-1.0332929000
0.0000000000	0.0000000000	0.0000000000	1.0000000000
1	 6	 57	
0.8025763280	0.3135627170	-0.5074935070	1.8593468700
-0.1835184870	0.9392364720	0.2900962160	-0.2904775520
0.5676197690	-0.1396899160	0.8113535140	-0.2929507350
0.0000000000	0.0000000000	0.0000000000	1.0000000000
1	 8	 57	
0.6408759010	0.0890084296	-0.7624667730	3.3053927200
-0.1934529300	0.9799244120	-0.0482090351	-0.7098666190
0.7428687930	0.1783974400	0.6452288810	-1.4976925700
0.0000000000	0.0000000000	0.0000000000	1.0000000000
1	 9	 57	
0.7544602590	0.3826283990	-0.5332778130	2.5736226400
-0.1918184260	0.9055628880	0.3783669490	-0.0721701450
0.6276905360	-0.1831703160	0.7566063880	-0.2817258590
0.0000000000	0.0000000000	0.0000000000	1.0000000000
1	 10	 57	
0.4943463990	-0.5921097390	-0.6364178620	2.8544240000
0.8315371920	0.5354664220	0.1477213930	-0.9615488990
0.2533131200	-0.6022306600	0.7570671670	1.0214310300
0.0000000000	0.0000000000	0.0000000000	1.0000000000
1	 11	 57	
0.4982688070	0.7376033970	0.4557076080	-1.5157534200
0.6757472810	-0.6596876370	0.3289039900	1.1338530000
0.5432253750	0.1440605780	-0.8271352620	1.5891315200
0.0000000000	0.0000000000	0.0000000000	1.0000000000
1	 14	 57	
0.4812930950	-0.7690676360	-0.4205852210	2.7469161700
-0.8724763850	-0.4665644740	-0.1452671650	3.9031160000
-0.0845098475	0.4368667560	-0.8955476110	2.4999754800
0.0000000000	0.0000000000	0.0000000000	1.0000000000
1	 16	 57	
0.9922177330	-0.1239466110	0.0118830738	0.1449604350
0.1219224300	0.9477512830	-0.2947921760	0.0732293319
0.0252762927	0.2939468370	0.9554875020	-0.2629471300
0.0000000000	0.0000000000	0.0000000000	1.0000000000
1	 18	 57	
-0.9651562090	-0.1855207020	-0.1845414900	4.7795399300
0.0208317598	-0.7574694640	0.6525381590	2.8399372500
-0.2608438810	0.6259569320	0.7349410790	-0.1795407730
0.0000000000	0.0000000000	0.0000000000	1.0000000000
1	 21	 57	
0.7054022150	-0.0864367061	-0.7035171720	3.6960370400
-0.2506764470	0.8979708780	-0.3616761270	0.9787801970
0.6630000260	0.4314823270	0.6117630000	-1.3125208000
0.0000000000	0.0000000000	0.0000000000	1.0000000000
1	 23	 57	
-0.1216516310	0.2186642170	-0.9681874000	2.6891721800
-0.2609461400	0.9340740600	0.2437473330	0.0428492895
0.9576575550	0.2822970250	-0.0565720494	-1.6447601100
0.0000000000	0.0000000000	0.0000000000	1.0000000000
1	 25	 57	
0.8539631390	0.2150733220	-0.4738042040	1.6049999300
-0.1661496240	0.9756180590	0.1434005060	-0.2446557170
0.4930935610	-0.0437363561	0.8688762120	-1.3108022300
0.0000000000	0.0000000000	0.0000000000	1.0000000000
1	 27	 57	
-0.3493498110	-0.7288464910	0.5888442090	3.7469036500
0.7080072760	0.2063027610	0.6753997840	-2.4081185100
-0.6137429480	0.6528567710	0.4439567880	-0.0970814233
0.0000000000	0.0000000000	0.0000000000	1.0000000000
1	 30	 57	
-0.0804799110	0.6218260200	-0.7790092330	2.6769379500
-0.3207866100	0.7238058340	0.6109018460	0.3132188110
0.9437260910	0.2990610570	0.1412216320	-2.4842699800
0.0000000000	0.0000000000	0.0000000000	1.0000000000
1	 36	 57	
0.0522517630	0.5289047920	-0.8470711150	2.4353112500
-0.3229481310	0.8116003920	0.4868360170	-0.0501326918
0.9449731520	0.2481219940	0.2132163660	-1.2404799200
0.0000000000	0.0000000000	0.0000000000	1.0000000000
1	 38	 57	
0.6600652400	0.2630474630	-0.7036475760	1.2869818800
-0.4668554300	0.8774771280	-0.1099085860	1.0751109500
0.5885234790	0.4010485290	0.7019972880	-2.2677721800
0.0000000000	0.0000000000	0.0000000000	1.0000000000
1	 39	 57	
0.9266068150	0.1873705980	-0.3260246460	0.2391744860
-0.1273617120	0.9721507200	0.1967281680	-0.2928183040
0.3538061690	-0.1407666040	0.9246653220	-0.8014754560
0.0000000000	0.0000000000	0.0000000000	1.0000000000
1	 40	 57	
-0.3242158010	-0.9041211270	0.2782967870	3.8740428000
-0.9108874820	0.2189837080	-0.3497572450	6.3049765200
0.2552804520	-0.3668938850	-0.8945505960	4.4052671700
0.0000000000	0.0000000000	0.0000000000	1.0000000000
1	 42	 57	
0.7304097340	0.1657915580	-0.6625819050	2.0748152400
-0.1842548530	0.9819553800	0.0425885077	-0.3552343980
0.6576866810	0.0909768705	0.7477776670	-2.9315567200
0.0000000000	0.0000000000	0.0000000000	1.0000000000
1	 43	 57	
0.9432753900	-0.1594193320	-0.2912336110	0.7635760660
-0.0980130349	-0.9717939210	0.2144994650	4.4722542100
-0.3172144140	-0.1737873760	-0.9322944620	5.7454689200
0.0000000000	0.0000000000	0.0000000000	1.0000000000
1	 45	 57	
0.1503849460	0.4602327730	-0.8749686640	2.9480641400
-0.2988763810	0.8647859270	0.4035073840	-1.5821869800
0.9423679090	0.2008260320	0.2676034910	-2.4443700200
0.0000000000	0.0000000000	0.0000000000	1.0000000000
1	 54	 57	
0.5210962660	0.7122018340	-0.4703479860	0.7169908010
0.7421277620	-0.1059046120	0.6618388010	-0.7509552800
0.4215507870	-0.6939400270	-0.5837312510	3.7487840400
0.0000000000	0.0000000000	0.0000000000	1.0000000000
1	 55	 57	
0.7580640190	0.3630769670	-0.5417693780	2.0675623000
-0.0631533550	0.8676675800	0.4931172520	-0.0299923013
0.6491152410	-0.3395998920	0.6806771020	-2.2133492800
0.0000000000	0.0000000000	0.0000000000	1.0000000000
2	 3	 57	
0.7762592110	0.1852414000	-0.6025838200	0.8036562000
-0.1770485060	0.9814440280	0.0736304748	0.2954738270
0.6050417040	0.0495302307	0.7946516800	-1.3367772100
0.0000000000	0.0000000000	0.0000000000	1.0000000000
2	 4	 57	
0.7506501190	0.0163292712	-0.6604981100	1.0199850600
-0.1938399850	0.9611451130	-0.1965353210	0.9985773840
0.6316252520	0.2755602060	0.7246489590	-1.4255266000
0.0000000000	0.0000000000	0.0000000000	1.0000000000
2	 5	 57	
0.9171865130	0.1811491630	-0.3548998180	0.6103409020
-0.1643650200	0.9833769730	0.0771613145	-0.1045915030
0.3629780170	-0.0124382013	0.9317146830	-0.9125425720
0.0000000000	0.0000000000	0.0000000000	1.0000000000
2	 6	 57	
0.9366628290	0.1744326910	-0.3037037700	1.6392887500
-0.1002507170	0.9643979880	0.2447168030	-0.1455334500
0.3355779160	-0.1987706130	0.9208027510	-0.4037504040
0.0000000000	0.0000000000	0.0000000000	1.0000000000
2	 7	 57	
0.5356145290	0.0966206712	-0.8389168750	2.4940051100
-0.2427028150	0.9691321700	-0.0433379687	-0.0605730356
0.8088339880	0.2268199330	0.5425313800	-2.0182096500
0.0000000000	0.0000000000	0.0000000000	1.0000000000
2	 8	 57	
0.8682654060	0.0314232336	-0.4951037930	2.5100162600
-0.0861531420	0.9923787220	-0.0881028281	-0.5897854580
0.4885619940	0.1191513850	0.8643553240	-1.8733236900
0.0000000000	0.0000000000	0.0000000000	1.0000000000
2	 10	 57	
0.9582691570	-0.2836028960	-0.0359112720	0.2425636530
0.2825460940	0.9205384460	0.2697715220	-0.6910148320
-0.0434502781	-0.2686603180	0.9622544920	0.5848165910
0.0000000000	0.0000000000	0.0000000000	1.0000000000
2	 16	 57	
0.4822344550	-0.8457171220	0.2285005020	2.4985596200
0.8746467040	0.4795163720	-0.0711139403	-0.7943432830
-0.0494274547	0.2341508030	0.9709430100	-0.1935888130
0.0000000000	0.0000000000	0.0000000000	1.0000000000
2	 24	 57	
-0.1902873650	-0.7661164750	-0.6138861990	3.5316098900
-0.4277355760	-0.4981400600	0.7542537750	2.6704806900
-0.8836475520	0.4061059300	-0.2329055130	2.1766337700
0.0000000000	0.0000000000	0.0000000000	1.0000000000
2	 30	 57	
0.2076392260	0.5318280190	-0.8210023810	2.0280419300
-0.2635735550	0.8386709320	0.4766131020	0.3850409790
0.9420270340	0.1174309410	0.3143167850	-2.6467829000
0.0000000000	0.0000000000	0.0000000000	1.0000000000
2	 33	 57	
-0.6227809330	0.7753355190	0.1048748920	0.2446271320
0.0149076385	-0.1222595890	0.9923861930	0.2182772780
0.7822542250	0.6196026360	0.0645825190	-2.2133401300
0.0000000000	0.0000000000	0.0000000000	1.0000000000
2	 35	 57	
0.0651442394	0.3631226470	-0.9294612260	2.2121238300
-0.2960451840	0.8965377190	0.3295107990	0.0617169752
0.9529498820	0.2536967890	0.1659049790	-1.7896350500
0.0000000000	0.0000000000	0.0000000000	1.0000000000
2	 36	 57	
0.3127698350	0.5495792090	-0.7746855640	1.7682411100
-0.2979167700	0.8312101910	0.4693987820	0.0551891884
0.9018983470	0.0839780417	0.4237063370	-1.3813092000
0.0000000000	0.0000000000	0.0000000000	1.0000000000
2	 37	 57	
0.4634635320	0.2697568140	-0.8440573540	2.3381327100
-0.2443616010	0.9545089820	0.1708801070	-0.2533356060
0.8517563990	0.1270585090	0.5082983110	-1.9730256600
0.0000000000	0.0000000000	0.0000000000	1.0000000000
2	 38	 57	
0.7429353100	0.2688027470	-0.6130189300	0.8464866410
-0.1911600510	0.9628867230	0.1905439430	-0.0666953166
0.6414865240	-0.0243770938	0.7667468920	-1.5868900800
0.0000000000	0.0000000000	0.0000000000	1.0000000000
2	 39	 57	
0.9984176730	0.0213800757	-0.0520100176	-0.0698426027
-0.0118221689	0.9840374580	0.1775683490	-0.3749886110
0.0549762303	-0.1766725060	0.9827331480	-0.3487501090
0.0000000000	0.0000000000	0.0000000000	1.0000000000
2	 42	 57	
0.7726734010	0.0487038915	-0.6329326550	1.9568423400
-0.1575102090	0.9805820660	-0.1168304170	0.2786115660
0.6149523140	0.1899651100	0.7653410400	-3.5437572600
0.0000000000	0.0000000000	0.0000000000	1.0000000000
2	 51	 57	
0.6162412770	-0.4668680330	0.6342562000	-0.4121914960
0.7591605840	0.1378298010	-0.6361431860	1.9149882000
0.2095755130	0.8735199970	0.4393642210	-1.2909827800
0.0000000000	0.0000000000	0.0000000000	1.0000000000
2	 54	 57	
0.0475194135	0.6213103950	-0.7821223040	2.2178780500
-0.9760379610	-0.1375761660	-0.1685903250	4.2865384500
-0.2123483090	0.7713923720	0.5998849930	-0.8994454910
0.0000000000	0.0000000000	0.0000000000	1.0000000000
3	 4	 57	
0.9987236410	0.0046106321	-0.0502974233	0.0182432273
-0.0194912474	0.9538700430	-0.2995864350	0.7595499770
0.0465959225	0.3001844150	0.9527424300	-0.2038874200
0.0000000000	0.0000000000	0.0000000000	1.0000000000
3	 5	 57	
0.9658797520	-0.0372257700	0.2563016700	0.1890437250
0.0259514406	0.9985467630	0.0472322365	-0.4104731300
-0.2576874600	-0.0389692633	0.9654421630	0.3740424640
0.0000000000	0.0000000000	0.0000000000	1.0000000000
3	 6	 57	
0.9501941790	-0.1661303960	0.2636886680	1.3416666700
0.1106675640	0.9707994720	0.2128404910	-0.2097797810
-0.2913480950	-0.1730580130	0.9408332540	0.1421875640
0.0000000000	0.0000000000	0.0000000000	1.0000000000
3	 7	 57	
0.9607019810	0.0242390296	-0.2765215590	0.9134504320
-0.0849526116	0.9740546810	-0.2097630370	-0.0036896203
0.2642626660	0.2250109940	0.9378354310	-1.6088781600
0.0000000000	0.0000000000	0.0000000000	1.0000000000
3	 8	 57	
0.9038946090	-0.2840755860	0.3198055610	1.4222153000
0.3948705530	0.8416057910	-0.3684792240	0.3294819290
-0.1644742610	0.4593481830	0.8728960210	-2.1960101800
0.0000000000	0.0000000000	0.0000000000	1.0000000000
3	 13	 57	
0.9455078720	0.1205971680	0.3024420410	-0.3886197000
-0.2280546440	0.9082604470	0.3507905940	0.1305373410
-0.2323917910	-0.4006485800	0.8862701460	1.7275689600
0.0000000000	0.0000000000	0.0000000000	1.0000000000
3	 14	 57	
0.7201601260	-0.4304602580	0.5441262340	0.9204425820
0.1088963470	0.8446692780	0.5240948350	-0.2636445510
-0.6852087110	-0.3181788430	0.6551726840	2.4445126300
0.0000000000	0.0000000000	0.0000000000	1.0000000000
3	 15	 57	
-0.1358530520	0.9887066980	0.0632693810	-0.0663263511
-0.3387612090	-0.1063697750	0.9348402610	2.3967909400
0.9310127770	0.1055676910	0.3493861340	-1.4360077000
0.0000000000	0.0000000000	0.0000000000	1.0000000000
3	 23	 57	
0.8510759710	0.0264664831	-0.5243750730	0.5857845760
-0.1339854050	0.9766097730	-0.1681703370	0.3112824260
0.5076589440	0.2133843400	0.8347152330	-1.3194502600
0.0000000000	0.0000000000	0.0000000000	1.0000000000
3	 29	 57	
0.9892965050	0.1261724440	0.0733003437	-0.5523067270
-0.1374632790	0.9743659590	0.1780865650	1.1429359200
-0.0489517426	-0.1862565210	0.9812809150	-1.5052820500
0.0000000000	0.0000000000	0.0000000000	1.0000000000
3	 30	 57	
0.7067821910	0.4999670840	-0.5004916080	-0.0038776041
-0.2588896950	0.8411996280	0.4747202460	0.3155283820
0.6583578520	-0.2059516950	0.7239812420	-1.7270988900
0.0000000000	0.0000000000	0.0000000000	1.0000000000
3	 35	 57	
0.7040590710	0.2245877920	-0.6736921760	0.9136174270
-0.1281291500	0.9732786710	0.1905558970	-0.2774706380
0.6984867540	-0.0478430023	0.7140219190	-1.0117729200
0.0000000000	0.0000000000	0.0000000000	1.0000000000
3	 36	 57	
0.8880665120	0.2437869990	-0.3897509060	0.7920191970
-0.1353695000	0.9488956090	0.2850828340	-0.0955641812
0.4393324120	-0.2004121330	0.8756837380	-0.6098624590
0.0000000000	0.0000000000	0.0000000000	1.0000000000
3	 40	 57	
0.9892724540	0.1121295770	-0.0936320977	-1.4849154900
-0.0922995020	0.9765857370	0.1943221530	-0.4018002100
0.1132290320	-0.1835953580	0.9764588730	-1.7875491000
0.0000000000	0.0000000000	0.0000000000	1.0000000000
3	 42	 57	
0.9930791730	-0.1165680210	0.0143406269	-0.2463977190
0.1164666290	0.9616799020	-0.2482081580	0.0848722239
0.0151420411	0.2481605570	0.9686005660	-2.5537186100
0.0000000000	0.0000000000	0.0000000000	1.0000000000
3	 44	 57	
-0.5411561800	-0.1214909440	-0.8320997170	4.1154336400
0.2936184590	-0.9545296390	-0.0515884523	3.6482598300
-0.7879963130	-0.2722372460	0.5522215970	2.4287486700
0.0000000000	0.0000000000	0.0000000000	1.0000000000
4	 5	 57	
0.9522072170	-0.0965808211	0.2897819200	0.3339596070
-0.0011853776	0.9475206730	0.3196923040	-0.9889151240
-0.3054505050	-0.3047568200	0.9021215380	0.8043163040
0.0000000000	0.0000000000	0.0000000000	1.0000000000
4	 6	 57	
0.9325349420	-0.1841763190	0.3105763450	1.3268310400
0.0162752077	0.8806978220	0.4733988430	-0.8078826920
-0.3607127670	-0.4364062680	0.8242789990	0.5386447330
0.0000000000	0.0000000000	0.0000000000	1.0000000000
4	 7	 57	
0.9620215640	0.0340818474	-0.2708374760	0.9170342580
-0.0114415982	0.9963376560	0.0847370316	-1.1316790700
0.2727335710	-0.0784200381	0.9588882610	-1.2209840300
0.0000000000	0.0000000000	0.0000000000	1.0000000000
4	 8	 57	
0.9998573700	-0.0164248502	0.0039323214	1.4599749700
0.0164529733	0.9998385040	-0.0072295469	-1.2763157200
-0.0038129421	0.0072932142	0.9999661350	-1.5380075700
0.0000000000	0.0000000000	0.0000000000	1.0000000000
4	 10	 57	
-0.0544888982	0.9754606880	-0.2133246480	1.5464020300
0.9757238420	0.0974005900	0.1961532800	-1.1602716400
0.2121177600	-0.1974577690	-0.9570875010	2.5356707900
0.0000000000	0.0000000000	0.0000000000	1.0000000000
4	 11	 57	
-0.2138237110	-0.5563979070	-0.8029326180	4.8454582500
-0.8233107570	0.5450307710	-0.1584324960	2.0609253500
0.5257744930	0.6271864380	-0.5746288840	0.3554665790
0.0000000000	0.0000000000	0.0000000000	1.0000000000
4	 12	 57	
0.3389092610	-0.1741878950	0.9245534550	0.7659421830
0.2479487760	0.9645061470	0.0908256397	-1.8014841300
-0.9075582170	0.1984602470	0.3700697410	2.2203215000
0.0000000000	0.0000000000	0.0000000000	1.0000000000
4	 14	 57	
0.6167775020	-0.7310634040	0.2917735630	1.8246030800
0.4565383820	0.6342057130	0.6239838290	-0.9766272460
-0.6412162030	-0.2516533570	0.7249223200	1.9329523800
0.0000000000	0.0000000000	0.0000000000	1.0000000000
4	 15	 57	
0.7211777540	0.1132935820	-0.6834231570	1.8141752000
0.0851995300	-0.9935523180	-0.0747985999	2.6257377100
-0.6874908630	-0.0042842454	-0.7261803900	3.6678172100
0.0000000000	0.0000000000	0.0000000000	1.0000000000
4	 16	 57	
0.4878634730	0.0328497477	0.8723016250	0.5302864240
0.0346476837	0.9977754850	-0.0569527911	-0.6688093750
-0.8722320620	0.0580084172	0.4856400460	1.9533381200
0.0000000000	0.0000000000	0.0000000000	1.0000000000
4	 20	 57	
0.8050603650	-0.5869271050	0.0859905975	1.5099921500
0.5931280700	0.7943265820	-0.1313178370	-0.1834080140
0.0087693805	0.1567222230	0.9876037880	-0.6145320900
0.0000000000	0.0000000000	0.0000000000	1.0000000000
4	 21	 57	
-0.2195045210	0.1318874880	0.9666558110	1.5619006500
0.0228150899	-0.9898555560	0.1402335520	2.8373773900
0.9753446760	0.0528362378	0.2142687450	-1.9727512700
0.0000000000	0.0000000000	0.0000000000	1.0000000000
4	 22	 57	
-0.7742424780	0.2697909940	0.5725045020	2.4190975400
-0.1325985270	-0.9536617450	0.2700868520	2.9663985000
0.6188426420	0.1331994600	0.7741393210	-1.3724228100
0.0000000000	0.0000000000	0.0000000000	1.0000000000
4	 23	 57	
0.4107094170	-0.3796086360	0.8289843530	0.8495842730
0.2301818850	0.9229253860	0.3085855340	-1.3749569500
-0.8822324380	0.0640781963	0.4664331790	2.2771015500
0.0000000000	0.0000000000	0.0000000000	1.0000000000
4	 24	 57	
-0.0213858451	0.9556740050	-0.2936491820	0.6986347390
-0.9996406550	-0.0156917999	0.0217331271	3.2649355300
0.0161619004	0.2940084420	0.9556661700	-1.2850879900
0.0000000000	0.0000000000	0.0000000000	1.0000000000
4	 29	 57	
0.9877146020	-0.1455856290	0.0567863572	-0.2685926380
0.0990831847	0.8644581770	0.4928433650	-0.6197176600
-0.1208403420	-0.4811620150	0.8682630520	-1.1512808200
0.0000000000	0.0000000000	0.0000000000	1.0000000000
4	 30	 57	
0.8442677750	0.2474128640	-0.4753933090	0.0102209541
0.1181745400	0.7792773560	0.6154360890	-1.3077366400
0.5227300470	-0.5757722430	0.6286808580	-0.8205338890
0.0000000000	0.0000000000	0.0000000000	1.0000000000
4	 31	 57	
0.9280033930	-0.2654706010	0.2614097600	-1.0399695800
0.1554180770	0.9135073830	0.3759647350	-1.3437055400
-0.3386073300	-0.3082687470	0.8889968820	0.8330390780
0.0000000000	0.0000000000	0.0000000000	1.0000000000
4	 35	 57	
0.6996734230	0.2818919650	-0.6565013490	0.7892951310
-0.0003212595	0.9189981100	0.3942618040	-1.0494029400
0.7144627340	-0.2756435990	0.6430891140	-0.7429283370
0.0000000000	0.0000000000	0.0000000000	1.0000000000
4	 37	 57	
0.8915364470	0.2275017310	-0.3916704310	0.7473036040
-0.0817695831	0.9313431190	0.3548432480	-1.2528331100
0.4455070140	-0.2843289600	0.8489290570	-1.0672512400
0.0000000000	0.0000000000	0.0000000000	1.0000000000
4	 40	 57	
0.9609625720	0.0456134904	-0.2728925530	-0.5502374210
0.0247942347	0.9681513240	0.2491350240	-1.2065525900
0.2755652040	-0.2461755950	0.9292262340	-2.3583909400
0.0000000000	0.0000000000	0.0000000000	1.0000000000
4	 41	 57	
-0.6336475920	-0.7643300440	-0.1195420950	6.5907606500
0.4632784360	-0.2511462780	-0.8498815430	2.4709626200
0.6195674450	-0.5939066680	0.5132358620	-0.8395906870
0.0000000000	0.0000000000	0.0000000000	1.0000000000
4	 42	 57	
0.9998907800	0.0146104537	0.0022277046	-0.5341728890
-0.0147527437	0.9957236800	0.0911959990	-1.1401037100
-0.0008857633	-0.0912189033	0.9958304710	-2.0666642800
0.0000000000	0.0000000000	0.0000000000	1.0000000000
4	 51	 57	
-0.2665253570	0.9593544440	-0.0927538904	1.8835389000
-0.9388918110	-0.2366760230	0.2499332450	2.2272482600
0.2178219470	0.1536994150	0.9638101930	-1.9755477700
0.0000000000	0.0000000000	0.0000000000	1.0000000000
5	 6	 57	
0.9980130130	-0.0273636891	0.0567560974	0.9679681490
0.0158290174	0.9807716340	0.1945159250	0.1375405440
-0.0609874436	-0.1932310310	0.9792559930	0.1731636570
0.0000000000	0.0000000000	0.0000000000	1.0000000000
5	 7	 57	
0.8213752960	0.0593187869	-0.5672952540	1.2077109300
-0.2217470390	0.9495496240	-0.2217741230	0.5910894270
0.5255196230	0.3079558290	0.7930903690	-1.7910761800
0.0000000000	0.0000000000	0.0000000000	1.0000000000
5	 8	 57	
0.9891251530	0.0292595743	-0.1441364250	1.2172241300
-0.0723920405	0.9499338800	-0.3039490340	0.4123506930
0.1280266540	0.3110779650	0.9417216550	-1.9494950100
0.0000000000	0.0000000000	0.0000000000	1.0000000000
5	 9	 57	
0.9975034880	0.0562573922	-0.0426836935	1.4410089700
-0.0425205088	0.9610714310	0.2730086280	0.5598315200
0.0563808319	-0.2705121270	0.9610641970	-0.2713457180
0.0000000000	0.0000000000	0.0000000000	1.0000000000
5	 10	 57	
0.6538358840	0.1555507590	0.7404745760	0.0032740465
-0.4012370540	0.9009865790	0.1650212470	1.2548095700
-0.6414884740	-0.4050026500	0.6515100850	2.4265041700
0.0000000000	0.0000000000	0.0000000000	1.0000000000
5	 11	 57	
-0.8238602960	0.4564990040	0.3359506990	2.0153820300
-0.5665204570	-0.6448477580	-0.5130554950	4.5125642100
-0.0175722677	-0.6130089960	0.7898804890	1.6833906200
0.0000000000	0.0000000000	0.0000000000	1.0000000000
5	 14	 57	
-0.6304026390	0.1661211550	0.7582850880	2.2816120000
-0.7757380240	-0.1709145860	-0.6074691120	4.1278112800
0.0286885113	-0.9711807070	0.2366115030	2.4255325900
0.0000000000	0.0000000000	0.0000000000	1.0000000000
5	 21	 57	
0.4737300820	-0.3962468950	-0.7864910730	4.0103556600
0.0547426170	-0.8780834180	0.4753659190	2.6047445100
-0.8789670390	-0.2682497150	-0.3942829370	4.5192236200
0.0000000000	0.0000000000	0.0000000000	1.0000000000
5	 29	 57	
0.9901305140	0.0100296748	-0.1397890260	-0.2041759070
0.0549286365	0.8898636030	0.4529079520	0.1498930230
0.1289356860	-0.4561164040	0.8805301900	-1.1391038400
0.0000000000	0.0000000000	0.0000000000	1.0000000000
5	 33	 57	
-0.7472721030	-0.2824644510	0.6014966650	2.2511118600
0.1555533900	-0.9543679930	-0.2549213160	4.7186531600
0.6460553750	-0.0969307426	0.7571108800	-1.3009354700
0.0000000000	0.0000000000	0.0000000000	1.0000000000
5	 37	 57	
0.8614585250	0.3232670050	-0.3916473590	0.0102491969
-0.2978696300	0.9462720140	0.1258688140	0.2452611460
0.4112941700	0.0082290905	0.9114655170	-1.3365326800
0.0000000000	0.0000000000	0.0000000000	1.0000000000
5	 38	 57	
0.9752760480	0.1237176230	-0.1831135720	-0.4599123710
-0.1268690220	0.9919039500	-0.0055502168	0.3677751670
0.1809444160	0.0286444333	0.9830760980	-0.6539992340
0.0000000000	0.0000000000	0.0000000000	1.0000000000
5	 40	 57	
0.8703136560	0.1676559950	-0.4630827220	-0.3800366970
-0.1329884260	0.9853464720	0.1068007890	0.4307790890
0.4742027190	-0.0313655427	0.8798567970	-2.8343382500
0.0000000000	0.0000000000	0.0000000000	1.0000000000
5	 42	 57	
0.9469383100	-0.1122937820	-0.3011609920	0.4749273770
0.0403538206	0.9711060780	-0.2352117220	0.4716095090
0.3188720830	0.2105779940	0.9241090320	-2.9041190300
0.0000000000	0.0000000000	0.0000000000	1.0000000000
5	 44	 57	
-0.4700168980	0.7967254180	0.3798851470	0.4907287400
-0.8771973950	-0.3738361950	-0.3012826410	5.3710437800
-0.0980247202	-0.4748421930	0.8745947900	0.0929712016
0.0000000000	0.0000000000	0.0000000000	1.0000000000
5	 46	 57	
-0.9276809360	-0.3296673200	-0.1752927260	5.0190072100
-0.3733303020	0.8118165410	0.4489748210	-0.5365633050
-0.0057067917	0.4819474690	-0.8761815280	3.0235380400
0.0000000000	0.0000000000	0.0000000000	1.0000000000
6	 7	 57	
0.8042869260	0.0458741717	-0.5924678050	0.3001339300
-0.3029749190	0.8893513710	-0.3424329680	0.6850985670
0.5112032260	0.4549172450	0.7291924040	-1.7735936500
0.0000000000	0.0000000000	0.0000000000	1.0000000000
6	 8	 57	
0.9791716550	0.0202591877	-0.2020208790	0.3821999800
-0.1170242430	0.8694197940	-0.4800151540	0.6819125610
0.1659162340	0.4936585730	0.8536820350	-2.0230052200
0.0000000000	0.0000000000	0.0000000000	1.0000000000
6	 9	 57	
0.9924968570	0.0817376539	-0.0909337357	0.5322851970
-0.0759562193	0.9949690780	0.0653237129	0.5065647510
0.0958156622	-0.0579265969	0.9937121660	-0.3670199470
0.0000000000	0.0000000000	0.0000000000	1.0000000000
6	 10	 57	
0.8190258040	-0.0282998154	0.5730583330	-1.4029981400
-0.0256003796	0.9959856520	0.0857741329	-0.3305384220
-0.5731852700	-0.0849217391	0.8150134630	1.9303741900
0.0000000000	0.0000000000	0.0000000000	1.0000000000
6	 15	 57	
0.8672782870	-0.2943160900	0.4015051830	-0.1864429400
0.4600991450	0.7818610550	-0.4207161360	-0.1876622550
-0.1900977380	0.5496101610	0.8135056980	0.0621726482
0.0000000000	0.0000000000	0.0000000000	1.0000000000
6	 16	 57	
0.9403026300	-0.2827732550	-0.1893944320	0.0817052711
-0.1501074970	-0.8440115110	0.5148905790	2.4729018900
-0.3054483660	-0.4557234410	-0.8360726290	4.5302323200
0.0000000000	0.0000000000	0.0000000000	1.0000000000
6	 20	 57	
0.9889486550	-0.0456984813	-0.1410397320	0.3771250210
0.0332543104	0.9954439890	-0.0893611522	0.3447234780
0.1444808230	0.0836834123	0.9859626660	-0.6680021630
0.0000000000	0.0000000000	0.0000000000	1.0000000000
6	 21	 57	
0.8932275000	-0.4495001910	-0.0097062761	0.5937676000
0.2911081780	0.5946603430	-0.7494231820	0.6558569740
0.3426378010	0.6665798180	0.6620201530	-1.8299398900
0.0000000000	0.0000000000	0.0000000000	1.0000000000
6	 36	 57	
0.7503826160	0.1872106680	-0.6339385580	0.1393278010
-0.2833378350	0.9575767530	-0.0525968991	0.6452204960
0.5971981250	0.2190865770	0.7715928150	-1.0607011700
0.0000000000	0.0000000000	0.0000000000	1.0000000000
6	 37	 57	
0.6912727300	0.1654244030	-0.7034037110	0.5071588820
-0.3816746450	0.9101589850	-0.1610437440	0.7137014750
0.6135686420	0.3797965100	0.6923063860	-1.8613769100
0.0000000000	0.0000000000	0.0000000000	1.0000000000
6	 40	 57	
-0.6617842720	-0.5939676170	0.4574320140	2.2683679600
-0.7433752210	0.5989531910	-0.2977387360	3.4929507400
-0.0971331969	-0.5370824370	-0.8379186110	4.0252446800
0.0000000000	0.0000000000	0.0000000000	1.0000000000
6	 41	 57	
-0.8736290790	-0.2987851420	0.3840568590	3.4183483800
-0.4488880970	0.1902388510	-0.8731028900	3.7771763300
0.1878076350	-0.9351666260	-0.3003192860	3.6318858500
0.0000000000	0.0000000000	0.0000000000	1.0000000000
6	 42	 57	
0.8394550610	-0.3691844430	-0.3987706700	0.6355396480
0.0604394887	0.7926790780	-0.6066357610	1.6332095300
0.5400576530	0.4851419650	0.6877317830	-3.1298097900
0.0000000000	0.0000000000	0.0000000000	1.0000000000
6	 43	 57	
0.9830948360	-0.0171118966	-0.1822957140	-1.1941124500
-0.1217630450	0.6824570380	-0.7207122540	1.0235735800
0.1367417460	0.7307253760	0.6688363930	-3.0899761000
0.0000000000	0.0000000000	0.0000000000	1.0000000000
6	 44	 57	
-0.8914678810	-0.0406689533	-0.4512549770	5.2683750900
-0.2117139080	0.9179346880	0.3355191940	-1.6645803900
0.4005773820	0.3946415390	-0.8269194740	2.0527967400
0.0000000000	0.0000000000	0.0000000000	1.0000000000
6	 45	 57	
0.1690366860	0.1113924550	-0.9792948070	2.6332197200
-0.7987813240	-0.5665799880	-0.2023252670	4.1655268200
-0.5773863490	0.8164427950	-0.0067945909	1.1502230100
0.0000000000	0.0000000000	0.0000000000	1.0000000000
6	 49	 57	
-0.0028043025	0.3599609170	-0.9329631690	2.8800517500
0.8217585310	0.5324631430	0.2029677780	-1.2082226100
0.5698289690	-0.7661012600	-0.2972941420	2.7921865400
0.0000000000	0.0000000000	0.0000000000	1.0000000000
6	 52	 57	
0.8570203950	-0.5152751590	-0.0027482711	0.3253080090
-0.0866510868	-0.1493740390	0.9849766420	-0.1003393330
-0.5079445160	-0.8439069300	-0.1726657500	4.6359228100
0.0000000000	0.0000000000	0.0000000000	1.0000000000
7	 8	 57	
0.8917258570	-0.0185149446	0.4521970720	-0.0461319693
0.0524206913	0.9966632780	-0.0625650236	-0.1440893030
-0.4495298280	0.0794953324	0.8897209820	-0.2153246830
0.0000000000	0.0000000000	0.0000000000	1.0000000000
7	 42	 57	
0.9446410730	-0.1324738270	0.3001731650	-1.3805487200
0.1192109510	0.9909210670	0.0621626011	-0.3995411580
-0.3056828310	-0.0229374175	0.9518570700	-0.2934204630
0.0000000000	0.0000000000	0.0000000000	1.0000000000
7	 43	 57	
0.8894284580	0.1864999850	0.4172945890	-2.0520869700
0.0221244130	0.8943318400	-0.4468568790	-0.0614692369
-0.4565386390	0.4066796230	0.7913179870	-0.3977168550
0.0000000000	0.0000000000	0.0000000000	1.0000000000
8	 21	 57	
0.9831166020	-0.1393336130	0.1186081430	0.1524064170
0.1645759620	0.9566366710	-0.2403352500	0.2848958330
-0.0799781203	0.2557976230	0.9634163570	0.0284228681
0.0000000000	0.0000000000	0.0000000000	1.0000000000
8	 45	 57	
0.8376383650	-0.5441646350	-0.0474006331	0.6966808720
0.3625065300	0.6187215430	-0.6969739370	0.7134772740
0.4085963610	0.5666290700	0.7155281340	-2.1141750200
0.0000000000	0.0000000000	0.0000000000	1.0000000000
9	 10	 57	
0.8036152870	-0.3194107310	0.5021745270	1.1654645300
0.3292442870	0.9414984060	0.0719649254	-0.5336837360
-0.4957828860	0.1075059800	0.8617666700	0.7563323980
0.0000000000	0.0000000000	0.0000000000	1.0000000000
9	 11	 57	
-0.4653151960	-0.8156700630	0.3437500790	4.2961546800
0.7227592680	-0.5743186700	-0.3844178790	1.8449600100
0.5109802440	0.0695730743	0.8567723020	-0.8559795110
0.0000000000	0.0000000000	0.0000000000	1.0000000000
9	 13	 57	
-0.0666609243	-0.4975958660	0.8648437290	3.4459077000
0.5404793030	0.7105849410	0.4505010160	-0.8164847070
-0.8387123730	0.4974609500	0.2215720180	1.0520910400
0.0000000000	0.0000000000	0.0000000000	1.0000000000
9	 15	 57	
-0.7906703140	0.3745258610	0.4843251330	3.0436211300
-0.6092374160	-0.5595791530	-0.5618727100	4.4668247300
0.0605823871	-0.7393250640	0.6706177920	1.5960882600
0.0000000000	0.0000000000	0.0000000000	1.0000000000
9	 29	 57	
0.7441465030	-0.0604011188	-0.6652801570	2.9279852400
0.6558552050	-0.1231058770	0.7447811040	-1.9249297900
-0.1268855090	-0.9905537080	-0.0519944200	3.6688898500
0.0000000000	0.0000000000	0.0000000000	1.0000000000
9	 39	 57	
0.5303274610	-0.8225579310	0.2053076580	2.9082969200
0.8431241960	0.4863289080	-0.2294031010	-0.0577385161
0.0888502910	0.2947586180	0.9514320690	-1.3705810700
0.0000000000	0.0000000000	0.0000000000	1.0000000000
9	 52	 57	
0.9989636230	0.0073254199	-0.0449223627	-0.3495972900
-0.0046706253	0.9982517770	0.0589200682	1.1434136700
0.0452754427	-0.0586491892	0.9972514260	-1.6511084400
0.0000000000	0.0000000000	0.0000000000	1.0000000000
9	 54	 57	
-0.8096322670	0.3261960530	-0.4879464380	4.8495713900
-0.3801994840	0.3418779640	0.8593996800	-0.0397827728
0.4471509180	0.8813146960	-0.1527758600	0.1534080670
0.0000000000	0.0000000000	0.0000000000	1.0000000000
10	 11	 57	
0.9900378880	-0.0176813850	0.1396866130	0.1147524020
0.0802542960	0.8860158250	-0.4566565510	-0.0374308624
-0.1156902290	0.4633177380	0.8786082430	-0.7915520650
0.0000000000	0.0000000000	0.0000000000	1.0000000000
10	 12	 57	
0.9404819540	-0.0107189761	0.3396745460	0.1459763600
0.2009250700	0.8236411800	-0.5303247330	-0.2898369210
-0.2740854060	0.5670099730	0.7767733780	-0.5356873510
0.0000000000	0.0000000000	0.0000000000	1.0000000000
10	 13	 57	
0.5135037910	-0.4321538930	0.7413210300	1.6981149600
0.4807894770	0.8604779820	0.1685797180	-0.9696588990
-0.7107428050	0.2698530260	0.6496337500	1.2891078500
0.0000000000	0.0000000000	0.0000000000	1.0000000000
10	 16	 57	
0.3974803720	-0.9172552670	0.0255368112	2.8700980100
0.8617483760	0.3635761540	-0.3538391110	-1.1558684300
0.3152762120	0.1626504070	0.9349576220	-1.2677297500
0.0000000000	0.0000000000	0.0000000000	1.0000000000
10	 20	 57	
0.7161746470	-0.2251387580	-0.6606106380	2.2085228500
0.0149708012	0.9512784310	-0.3079695130	0.9364450940
0.6977605250	0.2106700870	0.6846520020	-1.2796712800
0.0000000000	0.0000000000	0.0000000000	1.0000000000
10	 21	 57	
0.1459587460	-0.9612493770	0.2338710750	3.1004681200
-0.4249888080	0.1525524240	0.8922512370	-0.4236111740
-0.8933535450	-0.2296244610	-0.3862538670	4.0186596200
0.0000000000	0.0000000000	0.0000000000	1.0000000000
10	 22	 57	
0.9999578100	0.0043402774	-0.0080956328	-0.1626514600
-0.0087762466	0.7116233300	-0.7025063800	0.4055252900
0.0027119686	0.7025477910	0.7116313980	-1.5466812300
0.0000000000	0.0000000000	0.0000000000	1.0000000000
10	 23	 57	
0.9802052400	-0.0262588769	0.1962349580	0.0822623687
0.1157073360	0.8802561480	-0.4601748860	-0.0450396433
-0.1606533530	0.4737716590	0.8658700340	-0.7224364800
0.0000000000	0.0000000000	0.0000000000	1.0000000000
10	 24	 57	
-0.5234083700	-0.6254084110	0.5787123620	3.5863986800
0.3059952030	0.4959081340	0.8126758630	-1.6372840300
-0.7952424880	0.6024445560	-0.0681904938	2.6872124200
0.0000000000	0.0000000000	0.0000000000	1.0000000000
10	 30	 57	
0.9973401280	0.0531737961	-0.0498519408	-0.1713665620
-0.0495029190	0.9961621540	0.0721832622	0.6783860500
0.0534988748	-0.0695234474	0.9961447490	-1.5996496500
0.0000000000	0.0000000000	0.0000000000	1.0000000000
10	 31	 57	
0.7092331950	-0.3486594570	0.6127192330	-0.4000107040
0.3898072080	0.9181364770	0.0712443009	-1.3484128600
-0.5873998770	0.1883135510	0.7870828360	1.2186603900
0.0000000000	0.0000000000	0.0000000000	1.0000000000
10	 35	 57	
0.9366398500	-0.1400582350	0.3210755070	0.1169677440
0.2029729380	0.9640335100	-0.1715849030	-0.0713574611
-0.2854956690	0.2258828970	0.9313802340	-0.6867538820
0.0000000000	0.0000000000	0.0000000000	1.0000000000
10	 38	 57	
0.8162496020	-0.2403678940	0.5253188210	0.6522987820
0.3346498590	0.9379570420	-0.0908078164	-0.1762959110
-0.4708992040	0.2499197130	0.8460461440	-0.5712697300
0.0000000000	0.0000000000	0.0000000000	1.0000000000
10	 41	 57	
-0.0403325836	-0.2852120210	-0.9576154690	5.4065196600
0.8182671110	0.5405838740	-0.1954686950	-1.5322247400
0.5734215010	-0.7914690000	0.2115764720	1.0098062200
0.0000000000	0.0000000000	0.0000000000	1.0000000000
10	 45	 57	
0.8900572780	0.0501941144	0.4530768080	-0.7836458720
0.3247384510	0.6277071160	-0.7074805400	0.5867810510
-0.3199108950	0.7768296640	0.5423953280	-2.8501580900
0.0000000000	0.0000000000	0.0000000000	1.0000000000
10	 49	 57	
0.9447167860	0.1453459970	-0.2939128010	0.8993497080
-0.3155112290	0.1590159590	-0.9355033880	3.4117448000
-0.0892348465	0.9765185440	0.1960833400	-0.6102565070
0.0000000000	0.0000000000	0.0000000000	1.0000000000
10	 51	 57	
0.7739678440	-0.4474703450	0.4480447160	0.7042178520
0.5137390700	0.0300697053	-0.8574193720	3.3929027000
0.3701971700	0.8937930990	0.2531559840	-0.7728703890
0.0000000000	0.0000000000	0.0000000000	1.0000000000
10	 54	 57	
0.8570422740	-0.3927778810	0.3334727520	0.4375470100
0.3578962780	-0.0117800577	-0.9336870380	2.6418859300
0.3706599440	0.9195579190	0.1304777340	-1.5237387200
0.0000000000	0.0000000000	0.0000000000	1.0000000000
10	 55	 57	
-0.3191936440	-0.6229466280	0.7141798910	1.1762401400
0.8043399810	-0.5765936190	-0.1434468300	1.2996890600
0.5011512870	0.5286561230	0.6851058980	-2.3119527600
0.0000000000	0.0000000000	0.0000000000	1.0000000000
10	 56	 57	
0.8535123850	0.1663348600	-0.4938110190	1.5819417500
-0.4792772890	-0.1212794730	-0.8692436770	5.1140124900
-0.2044746650	0.9785826510	-0.0237930115	0.2675356260
0.0000000000	0.0000000000	0.0000000000	1.0000000000
11	 12	 57	
0.9866356160	-0.0092233281	0.1626809480	0.0093571207
0.0332391629	0.9887953160	-0.1455300000	-0.0576245846
-0.1595158880	0.1489924600	0.9758872520	0.1835118880
0.0000000000	0.0000000000	0.0000000000	1.0000000000
11	 15	 57	
0.9918693760	0.0393399627	-0.1210268890	0.0188141730
-0.0388918474	0.9992250290	0.0060634697	0.0516206415
0.1211716330	-0.0013072106	0.9926307100	-0.0371593992
0.0000000000	0.0000000000	0.0000000000	1.0000000000
11	 16	 57	
0.9761078600	-0.2144205660	0.0351748054	0.1499954580
0.2169955980	0.9703179060	-0.1067523850	-0.8390319440
-0.0112408366	0.1118346200	0.9936632530	-0.1373558980
0.0000000000	0.0000000000	0.0000000000	1.0000000000
11	 20	 57	
-0.3369789490	-0.8704328700	-0.3588757530	4.0950059300
0.7697285030	-0.0351948216	-0.6374004680	1.3254429900
0.5421837500	-0.4910274360	0.6818569040	-0.1579647440
0.0000000000	0.0000000000	0.0000000000	1.0000000000
11	 22	 57	
0.4124954230	-0.7793202740	0.4717069390	2.0214397500
-0.9051724380	-0.4089205150	0.1159606410	4.7740309600
0.1025201660	-0.4748093530	-0.8740970730	3.8193223200
0.0000000000	0.0000000000	0.0000000000	1.0000000000
11	 27	 57	
-0.7231080100	0.2702886750	-0.6356562260	4.4147740400
-0.0919675451	-0.9497413370	-0.2992212630	5.7980690400
-0.6845851120	-0.1579095500	0.7116233540	1.0911689900
0.0000000000	0.0000000000	0.0000000000	1.0000000000
11	 28	 57	
0.9780863220	-0.1938218550	-0.0760278628	0.9701664220
0.0000115083	0.3652181680	-0.9309219570	3.2557617700
0.2081997770	0.9105211570	0.3572171250	-2.4066273900
0.0000000000	0.0000000000	0.0000000000	1.0000000000
11	 29	 57	
-0.3394908610	0.5032380530	-0.7946681180	4.2638206700
-0.9309111470	-0.3007661550	0.2072297210	3.9520014900
-0.1347233930	0.8101180050	0.5705772740	-1.2228013400
0.0000000000	0.0000000000	0.0000000000	1.0000000000
11	 30	 57	
0.9650952400	0.1815350700	0.1887755160	-1.0431383900
-0.2495026770	0.8564239530	0.4519805610	0.9836445170
-0.0796215506	-0.4833042850	0.8718241660	-0.4847172080
0.0000000000	0.0000000000	0.0000000000	1.0000000000
11	 33	 57	
0.9933462630	0.0830617738	-0.0797743310	-0.2971360380
-0.0864460934	0.9954553950	-0.0399453425	-0.2119829480
0.0760938572	0.0465757360	0.9960122620	-1.1082294800
0.0000000000	0.0000000000	0.0000000000	1.0000000000
11	 40	 57	
-0.4947341710	-0.0157993285	0.8689007310	0.8183785840
-0.8423873120	0.2544563000	-0.4750111660	4.3378364900
-0.2135924080	-0.9669552070	-0.1391973810	5.2384267100
0.0000000000	0.0000000000	0.0000000000	1.0000000000
11	 43	 57	
0.3666225500	-0.9246717240	-0.1028110340	4.5945123500
0.6251543620	0.3266811160	-0.7088451680	0.9070322170
0.6890355070	0.1956058570	0.6978312250	-2.9993327200
