0	 1	 37	
0.9615176210	0.0422166024	0.2714804280	-0.1219326520
0.0208969847	0.9740241670	-0.2254778020	0.0218582528
-0.2739474040	0.2224740020	0.9356592000	-0.0994102218
0.0000000000	0.0000000000	0.0000000000	1.0000000000
0	 12	 37	
0.9988259650	-0.0069308732	-0.0479442767	0.1504190580
0.0117327692	0.9948565560	0.1006120060	-0.1024390930
0.0470003489	-0.1010564030	0.9937698780	0.0054094855
0.0000000000	0.0000000000	0.0000000000	1.0000000000
0	 13	 37	
0.9834702650	-0.1810045860	-0.0048557158	-0.7549430820
0.1810401130	0.9824711000	0.0444411524	0.0202652270
-0.0032734519	-0.0445856313	0.9990002030	0.3488648680
0.0000000000	0.0000000000	0.0000000000	1.0000000000
0	 22	 37	
0.6819648400	-0.3127728110	0.6611332130	-0.8790234080
0.1365004370	0.9424937080	0.3050790730	-0.3809045700
-0.7185343330	-0.1178082290	0.6854411960	0.5074009340
0.0000000000	0.0000000000	0.0000000000	1.0000000000
1	 2	 37	
0.8024908360	-0.2543635990	0.5397292070	-0.2897323710
0.0024062154	0.9059497570	0.4233783750	0.0951638314
-0.5966595910	-0.3384585620	0.7276284320	0.2417800730
0.0000000000	0.0000000000	0.0000000000	1.0000000000
1	 9	 37	
-0.4528179150	0.1115025150	-0.8846033720	1.0190179100
0.2668193310	0.9636279800	-0.0151182221	0.2024872680
0.8507428400	-0.2428750820	-0.4660990390	4.4159465300
0.0000000000	0.0000000000	0.0000000000	1.0000000000
1	 12	 37	
0.9544516110	0.0354426227	-0.2962531730	1.0490702000
0.0603067936	0.9495091500	0.3078887220	-0.0682686016
0.2922074820	-0.3117309660	0.9041231070	-0.0015275046
0.0000000000	0.0000000000	0.0000000000	1.0000000000
1	 22	 37	
0.8325908130	0.0936792084	0.5459090990	-0.1467499060
-0.2686329950	0.9302136670	0.2500776850	-0.1135599710
-0.4843850250	-0.3548615790	0.7996526790	0.2677905020
0.0000000000	0.0000000000	0.0000000000	1.0000000000
1	 30	 37	
0.9981459000	-0.0472256418	0.0383992331	0.4942819830
0.0449457693	0.9972919240	0.0582125097	-0.2505499450
-0.0410443682	-0.0563786948	0.9975654380	0.9130589450
0.0000000000	0.0000000000	0.0000000000	1.0000000000
2	 3	 37	
0.6776693800	-0.2705820520	0.6837759610	-0.2141650720
0.2658346710	0.9571009540	0.1152809220	0.0158391719
-0.6856355730	0.1036490060	0.7205281010	0.0296884816
0.0000000000	0.0000000000	0.0000000000	1.0000000000
2	 8	 37	
0.9987594010	-0.0059419145	0.0494403864	-0.7307853370
0.0057081610	0.9999718600	0.0048678385	0.5637165050
-0.0494679195	-0.0045795858	0.9987652140	-0.0945729177
0.0000000000	0.0000000000	0.0000000000	1.0000000000
3	 4	 37	
0.8762342960	0.0809176353	0.4750429390	-0.2122631220
0.1489855760	0.8920120900	-0.4267525390	0.0347165822
-0.4582758510	0.4447097570	0.7695560250	-0.2455569510
0.0000000000	0.0000000000	0.0000000000	1.0000000000
3	 5	 37	
0.7588320340	-0.2199405670	0.6130253600	-0.3326754260
0.2430566790	0.9688849490	0.0467483293	0.1518452290
-0.6042328990	0.1135257780	0.7886789600	-0.1404618600
0.0000000000	0.0000000000	0.0000000000	1.0000000000
4	 5	 37	
0.9770387350	-0.1497415170	0.1515677680	-0.0491638925
0.0588029646	0.8732642680	0.4836855690	0.0595651489
-0.2047865260	-0.4636669030	0.8620182610	-0.0137933205
0.0000000000	0.0000000000	0.0000000000	1.0000000000
5	 6	 37	
0.8056484280	-0.3256407830	0.4948622950	0.0802394295
0.3088059780	0.9437419880	0.1182790220	0.0154373744
-0.5055388000	0.0575251267	0.8608840700	0.0561460099
0.0000000000	0.0000000000	0.0000000000	1.0000000000
5	 14	 37	
0.2864782860	0.5151993860	-0.8077745880	1.4121995100
-0.3607817260	0.8390608000	0.4072020620	-1.1984950400
0.8875622440	0.1747757610	0.4262472240	2.0487628500
0.0000000000	0.0000000000	0.0000000000	1.0000000000
5	 15	 37	
0.7303370930	-0.4510127010	0.5130256080	-1.0557774900
0.4158892600	0.8893837170	0.1898228830	-0.2069005980
-0.5418891530	0.0747271476	0.8371212570	0.7830858490
0.0000000000	0.0000000000	0.0000000000	1.0000000000
6	 7	 37	
0.8125954700	-0.3461590530	0.4688949900	0.0452721224
0.3620720900	0.9302626100	0.0592897871	0.1722184050
-0.4567191730	0.1215951760	0.8812617150	-0.3227887240
0.0000000000	0.0000000000	0.0000000000	1.0000000000
6	 21	 37	
0.9206268510	-0.3139607100	0.2321096160	-0.5836139580
0.2935676690	0.9485462680	0.1186507560	0.3841765600
-0.2574183860	-0.0410931925	0.9654258770	-0.4820629450
0.0000000000	0.0000000000	0.0000000000	1.0000000000
7	 8	 37	
0.8365507510	-0.1305998680	0.5320963400	0.0575243021
0.2895673440	0.9298437690	-0.2270271320	0.1682257370
-0.4651167530	0.3439974420	0.8156789600	-0.2494666650
0.0000000000	0.0000000000	0.0000000000	1.0000000000
8	 10	 37	
0.7454983000	-0.2893133010	0.6004415870	-0.2015417080
0.2827417700	0.9530764650	0.1081773660	0.0171968177
-0.6035638960	0.0891238751	0.7923178390	0.1263224630
0.0000000000	0.0000000000	0.0000000000	1.0000000000
8	 11	 37	
0.9898501230	-0.1170273710	-0.0806308167	0.3575978290
0.1313290460	0.9700597710	0.2042956730	-0.5573141070
0.0543085260	-0.2128112650	0.9755828770	0.0170715786
0.0000000000	0.0000000000	0.0000000000	1.0000000000
8	 15	 37	
0.9228795300	-0.2544471790	0.2890501810	0.1628364420
0.1995159890	0.9579427430	0.2062500220	-0.2497379370
-0.3293732600	-0.1326737910	0.9348320280	0.7855844170
0.0000000000	0.0000000000	0.0000000000	1.0000000000
8	 16	 37	
0.9485256890	-0.1959346450	0.2488144520	0.6550668230
0.1881178240	0.9806019890	0.0550583558	-0.8333551210
-0.2547757860	-0.0054178315	0.9669849770	0.9160460160
0.0000000000	0.0000000000	0.0000000000	1.0000000000
10	 13	 37	
0.9537863660	0.2991285920	-0.0285246135	0.4098346780
-0.2938303770	0.9085817130	-0.2968888350	0.5386148840
-0.0628909970	0.2915499210	0.9544859170	0.0504194779
0.0000000000	0.0000000000	0.0000000000	1.0000000000
10	 14	 37	
0.7655138570	-0.2887733820	0.5749769290	-0.4220140400
0.3298696520	0.9433914180	0.0346214597	-0.1935860380
-0.5524260570	0.1631642320	0.8174367780	0.3472723840
0.0000000000	0.0000000000	0.0000000000	1.0000000000
10	 15	 37	
0.9356755210	0.1706302400	-0.3088634660	-0.1829988300
-0.1060156760	0.9708087580	0.2151535090	-0.3121279210
0.3365590520	-0.1685695020	0.9264514700	0.6589950090
0.0000000000	0.0000000000	0.0000000000	1.0000000000
11	 12	 37	
0.8266679770	-0.0144340967	0.5625048550	-0.4133087360
0.2294877120	0.9214013060	-0.3136160430	0.1302497650
-0.5137659440	0.3883442920	0.7650054020	-0.1986454150
0.0000000000	0.0000000000	0.0000000000	1.0000000000
11	 13	 37	
0.7940631080	-0.0917081584	0.6008771880	-0.3678968140
0.3110455820	0.9106209750	-0.2720663260	0.1983708460
-0.5222206690	0.4029380270	0.7516159390	-0.4069550780
0.0000000000	0.0000000000	0.0000000000	1.0000000000
12	 13	 37	
0.9904153170	-0.1101013640	0.0833977783	0.1558541960
0.1105892640	0.9938654230	-0.0012393876	0.0690272645
-0.0827497100	0.0104504073	0.9965155670	-0.2442278000
0.0000000000	0.0000000000	0.0000000000	1.0000000000
14	 15	 37	
0.4934147380	0.5644510410	-0.6617680240	-0.0623474609
-0.3442331200	0.8254364130	0.4473905310	-0.1378094640
0.7987774750	0.0070533895	0.6015852350	0.3856746100
0.0000000000	0.0000000000	0.0000000000	1.0000000000
15	 16	 37	
0.9987534520	0.0334183560	-0.0370776993	0.2760527840
-0.0393305322	0.9842551020	-0.1723223800	-0.4224695180
0.0307351841	0.1735658570	0.9843425430	0.3527384910
0.0000000000	0.0000000000	0.0000000000	1.0000000000
15	 21	 37	
0.5224424280	0.5924351030	-0.6132491810	1.7624851700
-0.3821691540	0.8056153330	0.4526926910	-0.8579376570
0.7622339850	-0.0021409483	0.6472980530	0.5642897080
0.0000000000	0.0000000000	0.0000000000	1.0000000000
16	 17	 37	
0.6910512030	-0.4523713190	0.5637449990	-0.0531120239
0.4245876250	0.8852496710	0.1898904150	-0.1437464990
-0.5849560520	0.1081351500	0.8038241140	0.3988926810
0.0000000000	0.0000000000	0.0000000000	1.0000000000
17	 18	 37	
0.9845000730	0.1280191470	-0.1198778710	-0.2124825830
-0.1679145180	0.8853687060	-0.4335054430	-0.1811117780
0.0506391182	0.4469153760	0.8931418290	0.3879329640
0.0000000000	0.0000000000	0.0000000000	1.0000000000
17	 21	 37	
0.9239868330	-0.2477453230	0.2913255710	-0.8066496600
0.2542573480	0.9670054070	0.0159293429	-0.1523162210
-0.2856598220	0.0593531641	0.9564913320	0.4569931600
0.0000000000	0.0000000000	0.0000000000	1.0000000000
18	 19	 37	
0.9892478980	0.0050439180	-0.1461614020	0.1469813270
0.0104927079	0.9943817570	0.1053319750	-0.1609752620
0.1458715180	-0.1057330640	0.9836371380	0.5403547660
0.0000000000	0.0000000000	0.0000000000	1.0000000000
18	 20	 37	
0.8318774690	-0.4544621450	0.3185028030	0.1253281110
0.2604250070	0.8264854820	0.4990997530	-0.2682298330
-0.4900598870	-0.3322437450	0.8058879580	1.0646278800
0.0000000000	0.0000000000	0.0000000000	1.0000000000
18	 22	 37	
0.8307238550	-0.3175712210	0.4572159190	-0.8025045110
0.2691437290	0.9480683610	0.1694934680	-0.1071822500
-0.4872981940	-0.0177454696	0.8730553060	0.2995299940
0.0000000000	0.0000000000	0.0000000000	1.0000000000
18	 33	 37	
0.9930880480	-0.0638929229	0.0984572192	0.0853797485
0.0668367226	0.9974014200	-0.0268934916	-0.9496725810
-0.0964830665	0.0332881629	0.9947778220	0.6644173770
0.0000000000	0.0000000000	0.0000000000	1.0000000000
19	 20	 37	
0.7487084530	-0.4852096690	0.4516715950	0.0244665916
0.3498944650	0.8679705930	0.3524214990	-0.0572574938
-0.5630359810	-0.1058235640	0.8196290970	0.4900559740
0.0000000000	0.0000000000	0.0000000000	1.0000000000
19	 22	 37	
0.8774257020	-0.3456732270	0.3326171330	-0.0185488506
0.3675440980	0.9300010770	-0.0030550565	0.2928378400
-0.3082782400	0.1249320490	0.9430570020	-0.5410418670
0.0000000000	0.0000000000	0.0000000000	1.0000000000
19	 32	 37	
0.8078076110	-0.2199244690	0.5468821560	-0.1414470100
0.1986567460	0.9750880410	0.0986854069	0.1900247740
-0.5549615850	0.0289230069	0.8313730200	0.5304441680
0.0000000000	0.0000000000	0.0000000000	1.0000000000
19	 33	 37	
0.9587612690	0.0373427300	0.2817487340	-0.0787921941
0.0023230752	0.9902679680	-0.1391544280	0.2184208380
-0.2842031530	0.1340703990	0.9493438240	0.4555196210
0.0000000000	0.0000000000	0.0000000000	1.0000000000
19	 34	 37	
0.9835691440	-0.0698050994	0.1664902030	-0.0178591142
0.0226469116	0.9626439720	0.2698216090	0.1540412520
-0.1791057150	-0.2616177200	0.9484077770	0.3960089750
0.0000000000	0.0000000000	0.0000000000	1.0000000000
20	 21	 37	
0.6403717280	0.5572957310	-0.5285314720	1.6460558200
-0.4567865320	0.8295458820	0.3212470910	-0.0004085515
0.6174707390	0.0357085038	0.7857829150	-0.4516643140
0.0000000000	0.0000000000	0.0000000000	1.0000000000
20	 23	 37	
0.9721348380	-0.2050730260	0.1135733750	-0.0207073187
0.2277862640	0.7118904310	-0.6643232890	0.7550867930
0.0553829879	0.6716822680	0.7387663060	-0.4066485510
0.0000000000	0.0000000000	0.0000000000	1.0000000000
20	 28	 37	
0.8415597440	-0.2737121290	0.4656810800	0.2455695240
0.3274046950	0.9441704420	-0.0367197852	0.1836810460
-0.4296316600	0.1833680650	0.8841904710	-0.2262888300
0.0000000000	0.0000000000	0.0000000000	1.0000000000
20	 32	 37	
0.9945249240	-0.0946919019	-0.0441997720	0.1078985680
0.0880470236	0.9871119260	-0.1336329570	0.0060046902
0.0562840810	0.1290096480	0.9900447530	0.0586382295
0.0000000000	0.0000000000	0.0000000000	1.0000000000
21	 22	 37	
0.9246486310	-0.0554718551	0.3767595810	-0.3204766430
0.1947729250	0.9190316020	-0.3427016520	-0.1698339500
-0.3272436640	0.3902611790	0.8605857280	0.0348035022
0.0000000000	0.0000000000	0.0000000000	1.0000000000
21	 28	 37	
0.5869971390	-0.4668105440	0.6614546660	0.0602507186
0.5707021940	0.8180911200	0.0708937560	-0.4995877620
-0.5742241410	0.3358791970	0.7466269490	0.5553191770
0.0000000000	0.0000000000	0.0000000000	1.0000000000
21	 29	 37	
0.9894279930	0.0844901047	0.1178714070	0.1886042940
-0.0493967195	0.9605042260	-0.2738459340	-0.7764115640
-0.1363532560	0.2651283720	0.9545233030	0.6769966150
0.0000000000	0.0000000000	0.0000000000	1.0000000000
22	 23	 37	
0.9870048700	0.1274753220	-0.0978336840	-0.0591508070
-0.1600382080	0.8346071030	-0.5270851490	-0.1353899550
0.0144623387	0.5358927370	0.8441621970	0.2461670460
0.0000000000	0.0000000000	0.0000000000	1.0000000000
22	 24	 37	
0.9494071770	-0.1193100080	0.2905015220	-0.0735947598
0.1085317620	0.9926792850	0.0529971075	-0.1618890860
-0.2946979280	-0.0187871923	0.9554057630	0.7135174250
0.0000000000	0.0000000000	0.0000000000	1.0000000000
22	 28	 37	
0.8087970810	-0.3893344140	0.4407561640	-0.0160507779
0.2434337310	0.9038937750	0.3517329420	-0.1813461750
-0.5353384920	-0.1771856590	0.8258437750	0.7090049060
0.0000000000	0.0000000000	0.0000000000	1.0000000000
22	 29	 37	
0.9656003000	0.1679309600	-0.1985327520	0.0568999545
-0.1415278700	0.9799101420	0.1405203740	-0.3619769800
0.2181419790	-0.1075885980	0.9699684380	0.9483285290
0.0000000000	0.0000000000	0.0000000000	1.0000000000
22	 30	 37	
0.8245492680	0.0221922683	-0.5653547620	0.1698488250
-0.2281042400	0.9274639610	-0.2962753060	-0.4119056320
0.5177711460	0.3732534050	0.7698018810	0.8780932710
0.0000000000	0.0000000000	0.0000000000	1.0000000000
23	 28	 37	
0.7860651090	-0.5088679960	0.3509344770	0.1234056500
0.0558390108	0.6238571420	0.7795410640	0.2532945730
-0.6156164800	-0.5931741970	0.5188070180	0.3924908980
0.0000000000	0.0000000000	0.0000000000	1.0000000000
23	 29	 37	
0.9804290000	0.0380805712	-0.1931549790	0.1626292030
0.0969016568	0.7606983120	0.6418318680	0.1662033930
0.1713739900	-0.6479876140	0.7421206150	0.7086962090
0.0000000000	0.0000000000	0.0000000000	1.0000000000
23	 30	 37	
0.8640445740	0.1225259210	-0.4882769430	0.0431939423
-0.0468272460	0.9852852230	0.1643783370	0.0038276648
0.5012326640	-0.1191655450	0.8570679030	0.5989404980
0.0000000000	0.0000000000	0.0000000000	1.0000000000
24	 27	 37	
0.8364287250	0.0970385509	0.5394168220	-0.1164839630
0.3074471300	0.7316922720	-0.6083606510	0.0405253658
-0.4537215560	0.6746924770	0.5821742100	-0.1545608390
0.0000000000	0.0000000000	0.0000000000	1.0000000000
24	 28	 37	
0.9551121930	-0.1589202360	0.2500101130	0.0339409222
0.1105738470	0.9741842910	0.1968207110	0.0572553248
-0.2748347180	-0.1603412810	0.9480277160	0.0323139282
0.0000000000	0.0000000000	0.0000000000	1.0000000000
24	 29	 37	
0.8576335090	0.3326667810	-0.3921703420	-0.0579874179
-0.3044797830	0.9430341160	0.1340847410	-0.1950083200
0.4144355500	0.0044123739	0.9100679670	0.2343294190
0.0000000000	0.0000000000	0.0000000000	1.0000000000
26	 27	 37	
0.7559082550	-0.1527350560	-0.6366119010	0.1417853560
-0.0655181871	0.9498746970	-0.3056884480	-0.0026371991
0.6513908790	0.2727820790	0.7080112000	-0.0308532155
0.0000000000	0.0000000000	0.0000000000	1.0000000000
26	 28	 37	
0.8133525370	-0.5017483310	0.2944592720	0.4150204980
0.2398090240	0.7502940270	0.6160767040	-0.8377984300
-0.5300464910	-0.4304735600	0.7305773270	-0.6677417210
0.0000000000	0.0000000000	0.0000000000	1.0000000000
26	 29	 37	
0.9402871450	0.1171091290	-0.3196021540	-0.1592616780
-0.0001846975	0.9391260740	0.3435726760	0.0893706658
0.3403822130	-0.3229979410	0.8830698040	-0.4057920030
0.0000000000	0.0000000000	0.0000000000	1.0000000000
26	 30	 37	
0.8560598050	-0.0281006849	-0.5161123540	0.4706715660
-0.0571001397	0.9872679740	-0.1484638760	-0.0443413696
0.5137131350	0.1565640440	0.8435558760	-0.3985991010
0.0000000000	0.0000000000	0.0000000000	1.0000000000
26	 31	 37	
-0.0115025566	-0.9877501460	0.1556192140	-1.3411525300
-0.4873651650	-0.1303546100	-0.8634135000	0.6069920190
0.8731224930	-0.0857748465	-0.4798956010	2.2125866100
0.0000000000	0.0000000000	0.0000000000	1.0000000000
26	 32	 37	
0.9834315600	-0.1769261190	-0.0394906895	-0.3372819800
0.1797436720	0.9233804420	0.3392060910	-0.0423103376
-0.0235494868	-0.3406841770	0.9398828190	-0.4931898640
0.0000000000	0.0000000000	0.0000000000	1.0000000000
26	 35	 37	
0.8757115580	-0.2043124510	0.4374765020	-0.7387348860
0.1237967310	0.9707806460	0.2055706870	-0.1732134400
-0.4666943720	-0.1258624660	0.8754170450	-0.5578743400
0.0000000000	0.0000000000	0.0000000000	1.0000000000
26	 36	 37	
0.7681347000	-0.3098697590	0.5603122480	-1.0426233400
0.2048834030	0.9480353550	0.2434168370	-0.6960602980
-0.6066233380	-0.0721782391	0.7917060240	-0.4637399670
0.0000000000	0.0000000000	0.0000000000	1.0000000000
28	 29	 37	
0.6576254630	0.4307428150	-0.6180528920	-0.1368361250
-0.5327953010	0.8459407970	0.0226569030	-0.2211314210
0.5325954550	0.3143959200	0.7858099560	0.1427413720
0.0000000000	0.0000000000	0.0000000000	1.0000000000
29	 30	 37	
0.9539981630	-0.0849768309	-0.2875177270	0.0857556751
-0.0687915571	0.8713650600	-0.4857886920	0.0094465808
0.2918136850	0.4832203120	0.8254349780	-0.1017678440
0.0000000000	0.0000000000	0.0000000000	1.0000000000
29	 32	 37	
0.9810576630	-0.0313551059	0.1911615030	0.1987212420
0.0393245913	0.9985021920	-0.0380387768	-0.0078994979
-0.1896824700	0.0448355814	0.9808212540	-0.1111472930
0.0000000000	0.0000000000	0.0000000000	1.0000000000
29	 33	 37	
0.9897835800	0.1291120460	-0.0604859083	0.0890737456
-0.1398697130	0.9615702440	-0.2362607230	-0.5015077580
0.0276573444	0.2423071310	0.9698053030	-0.3962350390
0.0000000000	0.0000000000	0.0000000000	1.0000000000
30	 32	 37	
-0.8575133700	0.3770796700	-0.3499739190	-0.5700899900
0.2103039090	0.8777676650	0.4304604410	0.2529530660
0.4695136710	0.2955247000	-0.8319988370	3.0358505200
0.0000000000	0.0000000000	0.0000000000	1.0000000000
30	 35	 37	
0.9471187030	0.0791439887	-0.3109700830	-0.6416529260
0.0140086266	0.9579839980	0.2864793490	-0.0379980810
0.3205774820	-0.2756862130	0.9062158630	0.2782208980
0.0000000000	0.0000000000	0.0000000000	1.0000000000
31	 32	 37	
0.7636724350	0.3591702770	-0.5364709910	0.0307222836
-0.5546011460	0.7903410440	-0.2603432410	-0.3095608210
0.3304874890	0.4963443830	0.8027579170	0.1140927930
0.0000000000	0.0000000000	0.0000000000	1.0000000000
31	 34	 37	
0.9946909250	-0.0863523674	-0.0559752889	-0.3317852550
0.0836114623	0.9952637580	-0.0495900770	-0.1477835260
0.0599923969	0.0446466238	0.9971998750	-0.0212359900
0.0000000000	0.0000000000	0.0000000000	1.0000000000
32	 33	 37	
0.9057316780	0.1360826530	-0.4014120570	0.2321035240
-0.2171457790	0.9623103010	-0.1637272000	-0.0435954027
0.3640025260	0.2354578450	0.9011446970	-0.0485642412
0.0000000000	0.0000000000	0.0000000000	1.0000000000
32	 34	 37	
0.6718934060	-0.5424826790	0.5042537000	-0.7469138340
0.4163920020	0.8397175970	0.3485571080	0.1009501510
-0.6125168990	-0.0242260153	0.7900861650	0.1588994530
0.0000000000	0.0000000000	0.0000000000	1.0000000000
32	 35	 37	
0.8251186230	-0.0658232287	0.5611118970	-0.7872381600
0.2526028580	0.9313670830	-0.2621967830	0.0300528997
-0.5053425110	0.3580819180	0.7851154610	-0.0309175325
0.0000000000	0.0000000000	0.0000000000	1.0000000000
33	 34	 37	
0.9304805180	0.1981550660	-0.3081242840	0.0805384757
-0.0025877439	0.8446193250	0.5353610920	0.0851803935
0.3663322380	-0.4973457200	0.7864146020	0.2321697640
0.0000000000	0.0000000000	0.0000000000	1.0000000000
33	 35	 37	
0.8391186940	0.1136393730	-0.5319454020	0.1336480200
-0.1255496980	0.9919903720	0.0138699666	-0.0983771908
0.5292608910	0.0551470364	0.8466650540	0.1137040950
0.0000000000	0.0000000000	0.0000000000	1.0000000000
33	 36	 37	
0.8221577370	0.1933886630	-0.5354040340	0.1112943920
-0.0894444404	0.9727296180	0.2140018270	-0.1119158480
0.5621888890	-0.1280543440	0.8170347230	0.1825740780
0.0000000000	0.0000000000	0.0000000000	1.0000000000
34	 35	 37	
0.9855362200	0.0648939756	-0.1565475350	0.0076269560
-0.1421807110	0.8192926060	-0.5554676150	-0.0329864916
0.0922117363	0.5696914930	0.8166692100	-0.2256079990
0.0000000000	0.0000000000	0.0000000000	1.0000000000
34	 36	 37	
0.9846890620	0.1003032280	-0.1425717870	-0.0357851244
-0.1513717930	0.8976171340	-0.4139686710	0.0126926603
0.0864524846	0.4292117690	0.8990568530	-0.1551543110
0.0000000000	0.0000000000	0.0000000000	1.0000000000
35	 36	 37	
0.9999709720	0.0074600412	-0.0015503653	-0.0478839940
-0.0070562800	0.9834612850	0.1809809670	0.0342470064
0.0028748497	-0.1809647730	0.9834853770	0.0278583632
0.0000000000	0.0000000000	0.0000000000	1.0000000000
