0	 1	 37	
 5.00000000e+03	  0.00000000e+00	  0.00000000e+00	  0.00000000e+00	  1.11947500e+04	  2.13650977e+03	
 0.00000000e+00	  5.00000000e+03	  0.00000000e+00	 -1.11947500e+04	  0.00000000e+00	  2.30974219e+03	
 0.00000000e+00	  0.00000000e+00	  5.00000000e+03	 -2.13650977e+03	 -2.30974219e+03	  0.00000000e+00	
 0.00000000e+00	 -1.11947500e+04	 -2.13650977e+03	  2.84412402e+04	  1.24825195e+03	 -4.46319775e+03	
 1.11947500e+04	  0.00000000e+00	 -2.30974219e+03	  1.24825195e+03	  2.80741250e+04	  4.47117090e+03	
 2.13650977e+03	  2.30974219e+03	  0.00000000e+00	 -4.46319775e+03	  4.47117090e+03	  4.95266748e+03	
0	 12	 37	
 5.00000000e+03	  0.00000000e+00	  0.00000000e+00	  0.00000000e+00	  1.40259854e+04	  1.28129517e+03	
 0.00000000e+00	  5.00000000e+03	  0.00000000e+00	 -1.40259854e+04	  0.00000000e+00	 -4.81594922e+03	
 0.00000000e+00	  0.00000000e+00	  5.00000000e+03	 -1.28129517e+03	  4.81594922e+03	  0.00000000e+00	
 0.00000000e+00	 -1.40259854e+04	 -1.28129517e+03	  4.35177734e+04	 -1.42151050e+03	  1.38533535e+04	
 1.40259854e+04	  0.00000000e+00	  4.81594922e+03	 -1.42151050e+03	  4.54174492e+04	  3.45574268e+03	
 1.28129517e+03	 -4.81594922e+03	  0.00000000e+00	  1.38533535e+04	  3.45574268e+03	  8.78397754e+03	
2	 3	 37	
 5.00000000e+03	  0.00000000e+00	  0.00000000e+00	  0.00000000e+00	  9.68520605e+03	 -4.08367676e+02	
 0.00000000e+00	  5.00000000e+03	  0.00000000e+00	 -9.68520605e+03	  0.00000000e+00	  4.33954395e+03	
 0.00000000e+00	  0.00000000e+00	  5.00000000e+03	  4.08367676e+02	 -4.33954395e+03	  0.00000000e+00	
 0.00000000e+00	 -9.68520605e+03	  4.08367676e+02	  2.07385625e+04	 -1.03066452e+02	 -8.60584863e+03	
 9.68520605e+03	  0.00000000e+00	 -4.33954395e+03	 -1.03066452e+02	  2.41418984e+04	 -3.01531830e+02	
-4.08367676e+02	  4.33954395e+03	  0.00000000e+00	 -8.60584863e+03	 -3.01531830e+02	  5.44306152e+03	
3	 4	 37	
 5.00000000e+03	  0.00000000e+00	  0.00000000e+00	  0.00000000e+00	  7.93102881e+03	  3.74884961e+03	
 0.00000000e+00	  5.00000000e+03	  0.00000000e+00	 -7.93102881e+03	  0.00000000e+00	  4.36411914e+03	
 0.00000000e+00	  0.00000000e+00	  5.00000000e+03	 -3.74884961e+03	 -4.36411914e+03	  0.00000000e+00	
 0.00000000e+00	 -7.93102881e+03	 -3.74884961e+03	  1.76037559e+04	  3.20927173e+03	 -6.38681348e+03	
 7.93102881e+03	  0.00000000e+00	 -4.36411914e+03	  3.20927173e+03	  1.82498145e+04	  5.74923438e+03	
 3.74884961e+03	  4.36411914e+03	  0.00000000e+00	 -6.38681348e+03	  5.74923438e+03	  8.93132617e+03	
4	 5	 37	
 5.00000000e+03	  0.00000000e+00	  0.00000000e+00	  0.00000000e+00	  9.49679199e+03	 -4.46233350e+03	
 0.00000000e+00	  5.00000000e+03	  0.00000000e+00	 -9.49679199e+03	  0.00000000e+00	  5.91005249e+02	
 0.00000000e+00	  0.00000000e+00	  5.00000000e+03	  4.46233350e+03	 -5.91005249e+02	  0.00000000e+00	
 0.00000000e+00	 -9.49679199e+03	  4.46233350e+03	  2.37412852e+04	 -4.03586548e+02	 -6.48624573e+02	
 9.49679199e+03	  0.00000000e+00	 -5.91005249e+02	 -4.03586548e+02	  2.09069941e+04	 -8.35465137e+03	
-4.46233350e+03	  5.91005249e+02	  0.00000000e+00	 -6.48624573e+02	 -8.35465137e+03	  5.93597949e+03	
5	 6	 37	
 5.00000000e+03	  0.00000000e+00	  0.00000000e+00	  0.00000000e+00	  9.10027832e+03	 -7.48992371e+02	
 0.00000000e+00	  5.00000000e+03	  0.00000000e+00	 -9.10027832e+03	  0.00000000e+00	  3.64469995e+03	
 0.00000000e+00	  0.00000000e+00	  5.00000000e+03	  7.48992371e+02	 -3.64469995e+03	  0.00000000e+00	
 0.00000000e+00	 -9.10027832e+03	  7.48992371e+02	  1.86029902e+04	 -4.41726166e+02	 -6.49475488e+03	
 9.10027832e+03	  0.00000000e+00	 -3.64469995e+03	 -4.41726166e+02	  2.06455996e+04	 -1.00031628e+03	
-7.48992371e+02	  3.64469995e+03	  0.00000000e+00	 -6.49475488e+03	 -1.00031628e+03	  4.25339990e+03	
6	 7	 37	
 5.00000000e+03	  0.00000000e+00	  0.00000000e+00	  0.00000000e+00	  6.32605420e+03	 -1.41523096e+03	
 0.00000000e+00	  5.00000000e+03	  0.00000000e+00	 -6.32605420e+03	  0.00000000e+00	  3.34039136e+03	
 0.00000000e+00	  0.00000000e+00	  5.00000000e+03	  1.41523096e+03	 -3.34039136e+03	  0.00000000e+00	
 0.00000000e+00	 -6.32605420e+03	  1.41523096e+03	  1.01945361e+04	 -1.07467578e+03	 -3.80465723e+03	
 6.32605420e+03	  0.00000000e+00	 -3.34039136e+03	 -1.07467578e+03	  1.16567100e+04	 -1.60308838e+03	
-1.41523096e+03	  3.34039136e+03	  0.00000000e+00	 -3.80465723e+03	 -1.60308838e+03	  3.74306567e+03	
7	 8	 37	
 5.00000000e+03	  0.00000000e+00	  0.00000000e+00	  0.00000000e+00	  8.24532129e+03	  2.55337329e+03	
 0.00000000e+00	  5.00000000e+03	  0.00000000e+00	 -8.24532129e+03	  0.00000000e+00	  5.90547168e+03	
 0.00000000e+00	  0.00000000e+00	  5.00000000e+03	 -2.55337329e+03	 -5.90547168e+03	  0.00000000e+00	
 0.00000000e+00	 -8.24532129e+03	 -2.55337329e+03	  1.60753984e+04	  2.96472534e+03	 -9.98021094e+03	
 8.24532129e+03	  0.00000000e+00	 -5.90547168e+03	  2.96472534e+03	  2.13396602e+04	  4.07444019e+03	
 2.55337329e+03	  5.90547168e+03	  0.00000000e+00	 -9.98021094e+03	  4.07444019e+03	  9.53617676e+03	
8	 9	 37	
 5.00000000e+03	  0.00000000e+00	  0.00000000e+00	  0.00000000e+00	  1.22125967e+04	  4.96580859e+03	
 0.00000000e+00	  5.00000000e+03	  0.00000000e+00	 -1.22125967e+04	  0.00000000e+00	  2.24276904e+03	
 0.00000000e+00	  0.00000000e+00	  5.00000000e+03	 -4.96580859e+03	 -2.24276904e+03	  0.00000000e+00	
 0.00000000e+00	 -1.22125967e+04	 -4.96580859e+03	  3.62640820e+04	  2.00121545e+03	 -5.94658008e+03	
 1.22125967e+04	  0.00000000e+00	 -2.24276904e+03	  2.00121545e+03	  3.24379297e+04	  1.17619717e+04	
 4.96580859e+03	  2.24276904e+03	  0.00000000e+00	 -5.94658008e+03	  1.17619717e+04	  7.79314697e+03	
8	 10	 37	
 5.00000000e+03	  0.00000000e+00	  0.00000000e+00	  0.00000000e+00	  1.29347949e+04	  1.67638702e+02	
 0.00000000e+00	  5.00000000e+03	  0.00000000e+00	 -1.29347949e+04	  0.00000000e+00	  4.75337109e+03	
 0.00000000e+00	  0.00000000e+00	  5.00000000e+03	 -1.67638702e+02	 -4.75337109e+03	  0.00000000e+00	
 0.00000000e+00	 -1.29347949e+04	 -1.67638702e+02	  3.53209570e+04	  3.55230286e+02	 -1.23328730e+04	
 1.29347949e+04	  0.00000000e+00	 -4.75337109e+03	  3.55230286e+02	  3.88773398e+04	  7.74880676e+02	
 1.67638702e+02	  4.75337109e+03	  0.00000000e+00	 -1.23328730e+04	  7.74880676e+02	  6.41709473e+03	
8	 15	 37	
 5.00000000e+03	  0.00000000e+00	  0.00000000e+00	  0.00000000e+00	  1.31516006e+04	  8.22182129e+02	
 0.00000000e+00	  5.00000000e+03	  0.00000000e+00	 -1.31516006e+04	  0.00000000e+00	  4.77112891e+03	
 0.00000000e+00	  0.00000000e+00	  5.00000000e+03	 -8.22182129e+02	 -4.77112891e+03	  0.00000000e+00	
 0.00000000e+00	 -1.31516006e+04	 -8.22182129e+02	  3.63865859e+04	  1.18466199e+03	 -1.25471250e+04	
 1.31516006e+04	  0.00000000e+00	 -4.77112891e+03	  1.18466199e+03	  4.01284766e+04	  2.25348267e+03	
 8.22182129e+02	  4.77112891e+03	  0.00000000e+00	 -1.25471250e+04	  2.25348267e+03	  6.67033887e+03	
8	 16	 37	
 5.00000000e+03	  0.00000000e+00	  0.00000000e+00	  0.00000000e+00	  1.37550957e+04	  2.13677832e+03	
 0.00000000e+00	  5.00000000e+03	  0.00000000e+00	 -1.37550957e+04	  0.00000000e+00	  5.22217334e+03	
 0.00000000e+00	  0.00000000e+00	  5.00000000e+03	 -2.13677832e+03	 -5.22217334e+03	  0.00000000e+00	
 0.00000000e+00	 -1.37550957e+04	 -2.13677832e+03	  3.96496289e+04	  2.21322705e+03	 -1.42938584e+04	
 1.37550957e+04	  0.00000000e+00	 -5.22217334e+03	  2.21322705e+03	  4.37690195e+04	  5.65373779e+03	
 2.13677832e+03	  5.22217334e+03	  0.00000000e+00	 -1.42938584e+04	  5.65373779e+03	  7.19228320e+03	
10	 14	 37	
 5.00000000e+03	  0.00000000e+00	  0.00000000e+00	  0.00000000e+00	  1.21901211e+04	  7.81390930e+02	
 0.00000000e+00	  5.00000000e+03	  0.00000000e+00	 -1.21901211e+04	  0.00000000e+00	  8.62819092e+02	
 0.00000000e+00	  0.00000000e+00	  5.00000000e+03	 -7.81390930e+02	 -8.62819092e+02	  0.00000000e+00	
 0.00000000e+00	 -1.21901211e+04	 -7.81390930e+02	  3.20894297e+04	  1.29570874e+03	 -1.55101221e+03	
 1.21901211e+04	  0.00000000e+00	 -8.62819092e+02	  1.29570874e+03	  3.38478984e+04	  1.75379614e+03	
 7.81390930e+02	  8.62819092e+02	  0.00000000e+00	 -1.55101221e+03	  1.75379614e+03	  3.88088940e+03	
10	 15	 37	
 5.00000000e+03	  0.00000000e+00	  0.00000000e+00	  0.00000000e+00	  1.32443672e+04	  5.13637756e+02	
 0.00000000e+00	  5.00000000e+03	  0.00000000e+00	 -1.32443672e+04	  0.00000000e+00	 -2.66459521e+03	
 0.00000000e+00	  0.00000000e+00	  5.00000000e+03	 -5.13637756e+02	  2.66459521e+03	  0.00000000e+00	
 0.00000000e+00	 -1.32443672e+04	 -5.13637756e+02	  3.71553672e+04	 -5.12690002e+02	  6.85974902e+03	
 1.32443672e+04	  0.00000000e+00	  2.66459521e+03	 -5.12690002e+02	  3.79084102e+04	  1.76877136e+03	
 5.13637756e+02	 -2.66459521e+03	  0.00000000e+00	  6.85974902e+03	  1.76877136e+03	  3.47575342e+03	
10	 16	 37	
 5.00000000e+03	  0.00000000e+00	  0.00000000e+00	  0.00000000e+00	  1.44455918e+04	  3.19185571e+03	
 0.00000000e+00	  5.00000000e+03	  0.00000000e+00	 -1.44455918e+04	  0.00000000e+00	 -3.10904688e+03	
 0.00000000e+00	  0.00000000e+00	  5.00000000e+03	 -3.19185571e+03	  3.10904688e+03	  0.00000000e+00	
 0.00000000e+00	 -1.44455918e+04	 -3.19185571e+03	  4.49679609e+04	 -2.02651392e+03	  8.67022266e+03	
 1.44455918e+04	  0.00000000e+00	  3.10904688e+03	 -2.02651392e+03	  4.50185352e+04	  9.23899316e+03	
 3.19185571e+03	 -3.10904688e+03	  0.00000000e+00	  8.67022266e+03	  9.23899316e+03	  5.50289160e+03	
11	 12	 37	
 5.00000000e+03	  0.00000000e+00	  0.00000000e+00	  0.00000000e+00	  9.46071582e+03	  2.96111279e+03	
 0.00000000e+00	  5.00000000e+03	  0.00000000e+00	 -9.46071582e+03	  0.00000000e+00	  3.73593115e+03	
 0.00000000e+00	  0.00000000e+00	  5.00000000e+03	 -2.96111279e+03	 -3.73593115e+03	  0.00000000e+00	
 0.00000000e+00	 -9.46071582e+03	 -2.96111279e+03	  2.19731621e+04	  2.19136157e+03	 -6.29931348e+03	
 9.46071582e+03	  0.00000000e+00	 -3.73593115e+03	  2.19136157e+03	  2.32553164e+04	  5.93601270e+03	
 2.96111279e+03	  3.73593115e+03	  0.00000000e+00	 -6.29931348e+03	  5.93601270e+03	  6.79658594e+03	
11	 13	 37	
 5.00000000e+03	  0.00000000e+00	  0.00000000e+00	  0.00000000e+00	  9.62371777e+03	  2.15960547e+03	
 0.00000000e+00	  5.00000000e+03	  0.00000000e+00	 -9.62371777e+03	  0.00000000e+00	  2.76240552e+03	
 0.00000000e+00	  0.00000000e+00	  5.00000000e+03	 -2.15960547e+03	 -2.76240552e+03	  0.00000000e+00	
 0.00000000e+00	 -9.62371777e+03	 -2.15960547e+03	  2.25331816e+04	  1.45993066e+03	 -4.99428857e+03	
 9.62371777e+03	  0.00000000e+00	 -2.76240552e+03	  1.45993066e+03	  2.26908652e+04	  5.03607129e+03	
 2.15960547e+03	  2.76240552e+03	  0.00000000e+00	 -4.99428857e+03	  5.03607129e+03	  5.44420312e+03	
12	 13	 37	
 5.00000000e+03	  0.00000000e+00	  0.00000000e+00	  0.00000000e+00	  1.15800352e+04	 -8.81657349e+02	
 0.00000000e+00	  5.00000000e+03	  0.00000000e+00	 -1.15800352e+04	  0.00000000e+00	  6.23200562e+02	
 0.00000000e+00	  0.00000000e+00	  5.00000000e+03	  8.81657349e+02	 -6.23200562e+02	  0.00000000e+00	
 0.00000000e+00	 -1.15800352e+04	  8.81657349e+02	  2.86741816e+04	  9.58716888e+01	 -6.35576782e+02	
 1.15800352e+04	  0.00000000e+00	 -6.23200562e+02	  9.58716888e+01	  2.99873613e+04	 -1.82137891e+03	
-8.81657349e+02	  6.23200562e+02	  0.00000000e+00	 -6.35576782e+02	 -1.82137891e+03	  3.53380493e+03	
14	 15	 37	
 5.00000000e+03	  0.00000000e+00	  0.00000000e+00	  0.00000000e+00	  8.55983887e+03	 -3.96438403e+03	
 0.00000000e+00	  5.00000000e+03	  0.00000000e+00	 -8.55983887e+03	  0.00000000e+00	 -6.09679688e+03	
 0.00000000e+00	  0.00000000e+00	  5.00000000e+03	  3.96438403e+03	  6.09679688e+03	  0.00000000e+00	
 0.00000000e+00	 -8.55983887e+03	  3.96438403e+03	  2.01099160e+04	  4.73714502e+03	  1.05462744e+04	
 8.55983887e+03	  0.00000000e+00	  6.09679688e+03	  4.73714502e+03	  2.41430879e+04	 -6.00998730e+03	
-3.96438403e+03	 -6.09679688e+03	  0.00000000e+00	  1.05462744e+04	 -6.00998730e+03	  1.13470400e+04	
15	 16	 37	
 5.00000000e+03	  0.00000000e+00	  0.00000000e+00	  0.00000000e+00	  1.16608330e+04	  3.51032251e+03	
 0.00000000e+00	  5.00000000e+03	  0.00000000e+00	 -1.16608330e+04	  0.00000000e+00	  2.38177954e+03	
 0.00000000e+00	  0.00000000e+00	  5.00000000e+03	 -3.51032251e+03	 -2.38177954e+03	  0.00000000e+00	
 0.00000000e+00	 -1.16608330e+04	 -3.51032251e+03	  3.16232246e+04	  1.80771155e+03	 -6.63014307e+03	
 1.16608330e+04	  0.00000000e+00	 -2.38177954e+03	  1.80771155e+03	  3.10811816e+04	  8.16292090e+03	
 3.51032251e+03	  2.38177954e+03	  0.00000000e+00	 -6.63014307e+03	  8.16292090e+03	  5.91134326e+03	
16	 17	 37	
 5.00000000e+03	  0.00000000e+00	  0.00000000e+00	  0.00000000e+00	  1.15835332e+04	 -3.87143469e+00	
 0.00000000e+00	  5.00000000e+03	  0.00000000e+00	 -1.15835332e+04	  0.00000000e+00	  5.31602393e+03	
 0.00000000e+00	  0.00000000e+00	  5.00000000e+03	  3.87143469e+00	 -5.31602393e+03	  0.00000000e+00	
 0.00000000e+00	 -1.15835332e+04	  3.87143469e+00	  2.99294043e+04	  5.26927986e+01	 -1.28364453e+04	
 1.15835332e+04	  0.00000000e+00	 -5.31602393e+03	  5.26927986e+01	  3.49771250e+04	  7.46038269e+02	
-3.87143469e+00	  5.31602393e+03	  0.00000000e+00	 -1.28364453e+04	  7.46038269e+02	  7.46867334e+03	
17	 18	 37	
 5.00000000e+03	  0.00000000e+00	  0.00000000e+00	  0.00000000e+00	  1.22774727e+04	  4.91783545e+03	
 0.00000000e+00	  5.00000000e+03	  0.00000000e+00	 -1.22774727e+04	  0.00000000e+00	 -1.52018677e+03	
 0.00000000e+00	  0.00000000e+00	  5.00000000e+03	 -4.91783545e+03	  1.52018677e+03	  0.00000000e+00	
 0.00000000e+00	 -1.22774727e+04	 -4.91783545e+03	  3.69599961e+04	 -1.33655872e+03	  3.34048364e+03	
 1.22774727e+04	  0.00000000e+00	  1.52018677e+03	 -1.33655872e+03	  3.31432539e+04	  1.20768496e+04	
 4.91783545e+03	 -1.52018677e+03	  0.00000000e+00	  3.34048364e+03	  1.20768496e+04	  6.91780078e+03	
17	 19	 37	
 5.00000000e+03	  0.00000000e+00	  0.00000000e+00	  0.00000000e+00	  1.38089121e+04	  4.18116260e+03	
 0.00000000e+00	  5.00000000e+03	  0.00000000e+00	 -1.38089121e+04	  0.00000000e+00	 -2.40311996e+02	
 0.00000000e+00	  0.00000000e+00	  5.00000000e+03	 -4.18116260e+03	  2.40311996e+02	  0.00000000e+00	
 0.00000000e+00	 -1.38089121e+04	 -4.18116260e+03	  4.26660117e+04	 -2.46974670e+02	  5.95862427e+02	
 1.38089121e+04	  0.00000000e+00	  2.40311996e+02	 -2.46974670e+02	  3.93510625e+04	  1.13553018e+04	
 4.18116260e+03	 -2.40311996e+02	  0.00000000e+00	  5.95862427e+02	  1.13553018e+04	  4.85935693e+03	
18	 19	 37	
 5.00000000e+03	  0.00000000e+00	  0.00000000e+00	  0.00000000e+00	  1.14199238e+04	 -4.65141296e+02	
 0.00000000e+00	  5.00000000e+03	  0.00000000e+00	 -1.14199238e+04	  0.00000000e+00	  5.69465698e+02	
 0.00000000e+00	  0.00000000e+00	  5.00000000e+03	  4.65141296e+02	 -5.69465698e+02	  0.00000000e+00	
 0.00000000e+00	 -1.14199238e+04	  4.65141296e+02	  2.74385156e+04	  5.39858589e+01	 -1.28752124e+03	
 1.14199238e+04	  0.00000000e+00	 -5.69465698e+02	  5.39858589e+01	  2.77115801e+04	 -1.30819189e+03	
-4.65141296e+02	  5.69465698e+02	  0.00000000e+00	 -1.28752124e+03	 -1.30819189e+03	  2.04525671e+03	
19	 20	 37	
 5.00000000e+03	  0.00000000e+00	  0.00000000e+00	  0.00000000e+00	  8.70129102e+03	 -2.44691821e+03	
 0.00000000e+00	  5.00000000e+03	  0.00000000e+00	 -8.70129102e+03	  0.00000000e+00	  3.33421387e+03	
 0.00000000e+00	  0.00000000e+00	  5.00000000e+03	  2.44691821e+03	 -3.33421387e+03	  0.00000000e+00	
 0.00000000e+00	 -8.70129102e+03	  2.44691821e+03	  1.73749434e+04	 -1.70520654e+03	 -5.60773047e+03	
 8.70129102e+03	  0.00000000e+00	 -3.33421387e+03	 -1.70520654e+03	  1.79386387e+04	 -4.30322852e+03	
-2.44691821e+03	  3.33421387e+03	  0.00000000e+00	 -5.60773047e+03	 -4.30322852e+03	  4.37129004e+03	
20	 21	 37	
 5.00000000e+03	  0.00000000e+00	  0.00000000e+00	  0.00000000e+00	  7.22927490e+03	 -1.45450537e+03	
 0.00000000e+00	  5.00000000e+03	  0.00000000e+00	 -7.22927490e+03	  0.00000000e+00	  5.31646387e+03	
 0.00000000e+00	  0.00000000e+00	  5.00000000e+03	  1.45450537e+03	 -5.31646387e+03	  0.00000000e+00	
 0.00000000e+00	 -7.22927490e+03	  1.45450537e+03	  1.17257783e+04	 -1.48829944e+03	 -7.72688721e+03	
 7.22927490e+03	  0.00000000e+00	 -5.31646387e+03	 -1.48829944e+03	  1.67748242e+04	 -1.82997375e+03	
-1.45450537e+03	  5.31646387e+03	  0.00000000e+00	 -7.72688721e+03	 -1.82997375e+03	  6.75210840e+03	
21	 22	 37	
 5.00000000e+03	  0.00000000e+00	  0.00000000e+00	  0.00000000e+00	  1.02073242e+04	  4.17029785e+03	
 0.00000000e+00	  5.00000000e+03	  0.00000000e+00	 -1.02073242e+04	  0.00000000e+00	  2.57336646e+03	
 0.00000000e+00	  0.00000000e+00	  5.00000000e+03	 -4.17029785e+03	 -2.57336646e+03	  0.00000000e+00	
 0.00000000e+00	 -1.02073242e+04	 -4.17029785e+03	  2.57524062e+04	  2.02251831e+03	 -4.96657031e+03	
 1.02073242e+04	  0.00000000e+00	 -2.57336646e+03	  2.02251831e+03	  2.41311113e+04	  8.40974316e+03	
 4.17029785e+03	  2.57336646e+03	  0.00000000e+00	 -4.96657031e+03	  8.40974316e+03	  6.63406104e+03	
21	 28	 37	
 5.00000000e+03	  0.00000000e+00	  0.00000000e+00	  0.00000000e+00	  9.20564648e+03	  3.94157788e+03	
 0.00000000e+00	  5.00000000e+03	  0.00000000e+00	 -9.20564648e+03	  0.00000000e+00	  2.20994067e+03	
 0.00000000e+00	  0.00000000e+00	  5.00000000e+03	 -3.94157788e+03	 -2.20994067e+03	  0.00000000e+00	
 0.00000000e+00	 -9.20564648e+03	 -3.94157788e+03	  2.19798691e+04	  1.55239160e+03	 -3.48594604e+03	
 9.20564648e+03	  0.00000000e+00	 -2.20994067e+03	  1.55239160e+03	  1.99515996e+04	  7.35911377e+03	
 3.94157788e+03	  2.20994067e+03	  0.00000000e+00	 -3.48594604e+03	  7.35911377e+03	  5.66603467e+03	
22	 23	 37	
 5.00000000e+03	  0.00000000e+00	  0.00000000e+00	  0.00000000e+00	  1.04179551e+04	  3.10810767e+03	
 0.00000000e+00	  5.00000000e+03	  0.00000000e+00	 -1.04179551e+04	  0.00000000e+00	 -6.48518066e+02	
 0.00000000e+00	  0.00000000e+00	  5.00000000e+03	 -3.10810767e+03	  6.48518066e+02	  0.00000000e+00	
 0.00000000e+00	 -1.04179551e+04	 -3.10810767e+03	  2.52889629e+04	 -1.46397720e+02	  1.17648901e+03	
 1.04179551e+04	  0.00000000e+00	  6.48518066e+02	 -1.46397720e+02	  2.39740117e+04	  6.25126318e+03	
 3.10810767e+03	 -6.48518066e+02	  0.00000000e+00	  1.17648901e+03	  6.25126318e+03	  4.93991455e+03	
22	 29	 37	
 5.00000000e+03	  0.00000000e+00	  0.00000000e+00	  0.00000000e+00	  1.06628506e+04	  3.13757031e+03	
 0.00000000e+00	  5.00000000e+03	  0.00000000e+00	 -1.06628506e+04	  0.00000000e+00	 -2.21818701e+03	
 0.00000000e+00	  0.00000000e+00	  5.00000000e+03	 -3.13757031e+03	  2.21818701e+03	  0.00000000e+00	
 0.00000000e+00	 -1.06628506e+04	 -3.13757031e+03	  2.58896426e+04	 -1.17168433e+03	  4.54295557e+03	
 1.06628506e+04	  0.00000000e+00	  2.21818701e+03	 -1.17168433e+03	  2.49647520e+04	  6.47663818e+03	
 3.13757031e+03	 -2.21818701e+03	  0.00000000e+00	  4.54295557e+03	  6.47663818e+03	  5.13053516e+03	
23	 28	 37	
 5.00000000e+03	  0.00000000e+00	  0.00000000e+00	  0.00000000e+00	  7.65007812e+03	 -5.11713135e+03	
 0.00000000e+00	  5.00000000e+03	  0.00000000e+00	 -7.65007812e+03	  0.00000000e+00	  7.40467224e+02	
 0.00000000e+00	  0.00000000e+00	  5.00000000e+03	  5.11713135e+03	 -7.40467224e+02	  0.00000000e+00	
 0.00000000e+00	 -7.65007812e+03	  5.11713135e+03	  1.76394082e+04	 -6.69038330e+02	 -1.04106958e+03	
 7.65007812e+03	  0.00000000e+00	 -7.40467224e+02	 -6.69038330e+02	  1.34328877e+04	 -7.76418896e+03	
-5.11713135e+03	  7.40467224e+02	  0.00000000e+00	 -1.04106958e+03	 -7.76418896e+03	  6.61428955e+03	
23	 29	 37	
 5.00000000e+03	  0.00000000e+00	  0.00000000e+00	  0.00000000e+00	  9.47361328e+03	 -1.97325684e+03	
 0.00000000e+00	  5.00000000e+03	  0.00000000e+00	 -9.47361328e+03	  0.00000000e+00	 -1.23333899e+03	
 0.00000000e+00	  0.00000000e+00	  5.00000000e+03	  1.97325684e+03	  1.23333899e+03	  0.00000000e+00	
 0.00000000e+00	 -9.47361328e+03	  1.97325684e+03	  2.00447148e+04	  4.88545868e+02	  2.15205396e+03	
 9.47361328e+03	  0.00000000e+00	  1.23333899e+03	  4.88545868e+02	  1.94229414e+04	 -3.55890039e+03	
-1.97325684e+03	 -1.23333899e+03	  0.00000000e+00	  2.15205396e+03	 -3.55890039e+03	  3.31302051e+03	
23	 30	 37	
 5.00000000e+03	  0.00000000e+00	  0.00000000e+00	  0.00000000e+00	  9.10486816e+03	 -3.00124316e+03	
 0.00000000e+00	  5.00000000e+03	  0.00000000e+00	 -9.10486816e+03	  0.00000000e+00	 -2.62078296e+03	
 0.00000000e+00	  0.00000000e+00	  5.00000000e+03	  3.00124316e+03	  2.62078296e+03	  0.00000000e+00	
 0.00000000e+00	 -9.10486816e+03	  3.00124316e+03	  1.97194062e+04	  1.65973120e+03	  4.64670312e+03	
 9.10486816e+03	  0.00000000e+00	  2.62078296e+03	  1.65973120e+03	  1.87167617e+04	 -5.10306543e+03	
-3.00124316e+03	 -2.62078296e+03	  0.00000000e+00	  4.64670312e+03	 -5.10306543e+03	  4.95227100e+03	
24	 27	 37	
 5.00000000e+03	  0.00000000e+00	  0.00000000e+00	  0.00000000e+00	  6.47420996e+03	  4.85538452e+02	
 0.00000000e+00	  5.00000000e+03	  0.00000000e+00	 -6.47420996e+03	  0.00000000e+00	  2.08933228e+03	
 0.00000000e+00	  0.00000000e+00	  5.00000000e+03	 -4.85538452e+02	 -2.08933228e+03	  0.00000000e+00	
 0.00000000e+00	 -6.47420996e+03	 -4.85538452e+02	  1.05304609e+04	  3.41135437e+02	 -2.84077124e+03	
 6.47420996e+03	  0.00000000e+00	 -2.08933228e+03	  3.41135437e+02	  1.13257344e+04	  1.38909387e+03	
 4.85538452e+02	  2.08933228e+03	  0.00000000e+00	 -2.84077124e+03	  1.38909387e+03	  1.80172546e+03	
24	 28	 37	
 5.00000000e+03	  0.00000000e+00	  0.00000000e+00	  0.00000000e+00	  6.76387402e+03	 -3.11830353e+02	
 0.00000000e+00	  5.00000000e+03	  0.00000000e+00	 -6.76387402e+03	  0.00000000e+00	  3.32359711e+02	
 0.00000000e+00	  0.00000000e+00	  5.00000000e+03	  3.11830353e+02	 -3.32359711e+02	  0.00000000e+00	
 0.00000000e+00	 -6.76387402e+03	  3.11830353e+02	  1.03496074e+04	 -1.31979126e+02	 -1.63048447e+02	
 6.76387402e+03	  0.00000000e+00	 -3.32359711e+02	 -1.31979126e+02	  1.03470928e+04	 -3.14521179e+02	
-3.11830353e+02	  3.32359711e+02	  0.00000000e+00	 -1.63048447e+02	 -3.14521179e+02	  1.04157068e+03	
25	 27	 37	
 5.00000000e+03	  0.00000000e+00	  0.00000000e+00	  0.00000000e+00	  4.63017383e+03	  7.85949890e+02	
 0.00000000e+00	  5.00000000e+03	  0.00000000e+00	 -4.63017383e+03	  0.00000000e+00	 -5.60689026e+02	
 0.00000000e+00	  0.00000000e+00	  5.00000000e+03	 -7.85949890e+02	  5.60689026e+02	  0.00000000e+00	
 0.00000000e+00	 -4.63017383e+03	 -7.85949890e+02	  5.18556592e+03	 -1.14905617e+02	  8.21546509e+02	
 4.63017383e+03	  0.00000000e+00	  5.60689026e+02	 -1.14905617e+02	  5.12376367e+03	  8.23348022e+02	
 7.85949890e+02	 -5.60689026e+02	  0.00000000e+00	  8.21546509e+02	  8.23348022e+02	  8.95713928e+02	
26	 27	 37	
 5.00000000e+03	  0.00000000e+00	  0.00000000e+00	  0.00000000e+00	  4.39158691e+03	  1.00522070e+03	
 0.00000000e+00	  5.00000000e+03	  0.00000000e+00	 -4.39158691e+03	  0.00000000e+00	 -1.97755774e+03	
 0.00000000e+00	  0.00000000e+00	  5.00000000e+03	 -1.00522070e+03	  1.97755774e+03	  0.00000000e+00	
 0.00000000e+00	 -4.39158691e+03	 -1.00522070e+03	  4.70941797e+03	 -4.35908569e+02	  1.61767090e+03	
 4.39158691e+03	  0.00000000e+00	  1.97755774e+03	 -4.35908569e+02	  4.99981641e+03	  7.68038147e+02	
 1.00522070e+03	 -1.97755774e+03	  0.00000000e+00	  1.61767090e+03	  7.68038147e+02	  1.84943872e+03	
28	 29	 37	
 5.00000000e+03	  0.00000000e+00	  0.00000000e+00	  0.00000000e+00	  6.47546875e+03	  6.98137573e+02	
 0.00000000e+00	  5.00000000e+03	  0.00000000e+00	 -6.47546875e+03	  0.00000000e+00	 -5.21892285e+03	
 0.00000000e+00	  0.00000000e+00	  5.00000000e+03	 -6.98137573e+02	  5.21892285e+03	  0.00000000e+00	
 0.00000000e+00	 -6.47546875e+03	 -6.98137573e+02	  9.50640723e+03	 -4.49627136e+02	  6.67001416e+03	
 6.47546875e+03	  0.00000000e+00	  5.21892285e+03	 -4.49627136e+02	  1.44021416e+04	  7.55476624e+02	
 6.98137573e+02	 -5.21892285e+03	  0.00000000e+00	  6.67001416e+03	  7.55476624e+02	  6.55396338e+03	
28	 30	 37	
 5.00000000e+03	  0.00000000e+00	  0.00000000e+00	  0.00000000e+00	  5.82349854e+03	 -9.78657913e+01	
 0.00000000e+00	  5.00000000e+03	  0.00000000e+00	 -5.82349854e+03	  0.00000000e+00	 -6.08964111e+03	
 0.00000000e+00	  0.00000000e+00	  5.00000000e+03	  9.78657913e+01	  6.08964111e+03	  0.00000000e+00	
 0.00000000e+00	 -5.82349854e+03	  9.78657913e+01	  7.47119287e+03	  1.15069054e+02	  7.01268994e+03	
 5.82349854e+03	  0.00000000e+00	  6.08964111e+03	  1.15069054e+02	  1.45568330e+04	 -2.50966187e+02	
-9.78657913e+01	 -6.08964111e+03	  0.00000000e+00	  7.01268994e+03	 -2.50966187e+02	  7.95295020e+03	
29	 30	 37	
 5.00000000e+03	  0.00000000e+00	  0.00000000e+00	  0.00000000e+00	  5.98264062e+03	  2.55947046e+03	
 0.00000000e+00	  5.00000000e+03	  0.00000000e+00	 -5.98264062e+03	  0.00000000e+00	 -2.49461255e+03	
 0.00000000e+00	  0.00000000e+00	  5.00000000e+03	 -2.55947046e+03	  2.49461255e+03	  0.00000000e+00	
 0.00000000e+00	 -5.98264062e+03	 -2.55947046e+03	  9.78494336e+03	 -1.45576538e+03	  2.86035376e+03	
 5.98264062e+03	  0.00000000e+00	  2.49461255e+03	 -1.45576538e+03	  9.54111328e+03	  2.55390845e+03	
 2.55947046e+03	 -2.49461255e+03	  0.00000000e+00	  2.86035376e+03	  2.55390845e+03	  4.42758008e+03	
30	 31	 37	
 5.00000000e+03	  0.00000000e+00	  0.00000000e+00	  0.00000000e+00	  7.12544775e+03	 -5.50813672e+03	
 0.00000000e+00	  5.00000000e+03	  0.00000000e+00	 -7.12544775e+03	  0.00000000e+00	 -3.11169165e+03	
 0.00000000e+00	  0.00000000e+00	  5.00000000e+03	  5.50813672e+03	  3.11169165e+03	  0.00000000e+00	
 0.00000000e+00	 -7.12544775e+03	  5.50813672e+03	  1.71303926e+04	  3.26094775e+03	  4.86800488e+03	
 7.12544775e+03	  0.00000000e+00	  3.11169165e+03	  3.26094775e+03	  1.34549062e+04	 -7.61366699e+03	
-5.50813672e+03	 -3.11169165e+03	  0.00000000e+00	  4.86800488e+03	 -7.61366699e+03	  9.37837207e+03	
31	 32	 37	
 5.00000000e+03	  0.00000000e+00	  0.00000000e+00	  0.00000000e+00	  5.96921729e+03	  3.36433496e+03	
 0.00000000e+00	  5.00000000e+03	  0.00000000e+00	 -5.96921729e+03	  0.00000000e+00	 -3.72185400e+03	
 0.00000000e+00	  0.00000000e+00	  5.00000000e+03	 -3.36433496e+03	  3.72185400e+03	  0.00000000e+00	
 0.00000000e+00	 -5.96921729e+03	 -3.36433496e+03	  1.00212441e+04	 -2.35340625e+03	  4.31540771e+03	
 5.96921729e+03	  0.00000000e+00	  3.72185400e+03	 -2.35340625e+03	  1.07153232e+04	  3.95485742e+03	
 3.36433496e+03	 -3.72185400e+03	  0.00000000e+00	  4.31540771e+03	  3.95485742e+03	  5.83529492e+03	
31	 33	 37	
 5.00000000e+03	  0.00000000e+00	  0.00000000e+00	  0.00000000e+00	  5.92030664e+03	  1.23075708e+03	
 0.00000000e+00	  5.00000000e+03	  0.00000000e+00	 -5.92030664e+03	  0.00000000e+00	 -4.72891748e+03	
 0.00000000e+00	  0.00000000e+00	  5.00000000e+03	 -1.23075708e+03	  4.72891748e+03	  0.00000000e+00	
 0.00000000e+00	 -5.92030664e+03	 -1.23075708e+03	  8.83500195e+03	 -1.29535840e+03	  5.48217432e+03	
 5.92030664e+03	  0.00000000e+00	  4.72891748e+03	 -1.29535840e+03	  1.21792441e+04	  1.03753320e+03	
 1.23075708e+03	 -4.72891748e+03	  0.00000000e+00	  5.48217432e+03	  1.03753320e+03	  6.08566895e+03	
31	 34	 37	
 4.33000000e+03	  0.00000000e+00	  0.00000000e+00	  0.00000000e+00	  5.12622314e+03	  2.02309006e+02	
 0.00000000e+00	  4.33000000e+03	  0.00000000e+00	 -5.12622314e+03	  0.00000000e+00	 -3.91683252e+03	
 0.00000000e+00	  0.00000000e+00	  4.33000000e+03	 -2.02309006e+02	  3.91683252e+03	  0.00000000e+00	
 0.00000000e+00	 -5.12622314e+03	 -2.02309006e+02	  7.27407861e+03	 -4.85535614e+02	  4.49804150e+03	
 5.12622314e+03	  0.00000000e+00	  3.91683252e+03	 -4.85535614e+02	  1.03943145e+04	 -1.85773697e+02	
 2.02309006e+02	 -3.91683252e+03	  0.00000000e+00	  4.49804150e+03	 -1.85773697e+02	  4.61006104e+03	
32	 33	 37	
 5.00000000e+03	  0.00000000e+00	  0.00000000e+00	  0.00000000e+00	  6.34885059e+03	  8.44516174e+02	
 0.00000000e+00	  5.00000000e+03	  0.00000000e+00	 -6.34885059e+03	  0.00000000e+00	 -2.53680737e+03	
 0.00000000e+00	  0.00000000e+00	  5.00000000e+03	 -8.44516174e+02	  2.53680737e+03	  0.00000000e+00	
 0.00000000e+00	 -6.34885059e+03	 -8.44516174e+02	  9.07922461e+03	 -3.92031616e+02	  3.02113354e+03	
 6.34885059e+03	  0.00000000e+00	  2.53680737e+03	 -3.92031616e+02	  1.02319141e+04	  7.79042175e+02	
 8.44516174e+02	 -2.53680737e+03	  0.00000000e+00	  3.02113354e+03	  7.79042175e+02	  2.69727637e+03	
32	 34	 37	
 5.00000000e+03	  0.00000000e+00	  0.00000000e+00	  0.00000000e+00	  5.94959863e+03	  7.51949951e+02	
 0.00000000e+00	  5.00000000e+03	  0.00000000e+00	 -5.94959863e+03	  0.00000000e+00	 -3.76841577e+03	
 0.00000000e+00	  0.00000000e+00	  5.00000000e+03	 -7.51949951e+02	  3.76841577e+03	  0.00000000e+00	
 0.00000000e+00	 -5.94959863e+03	 -7.51949951e+02	  8.06411621e+03	 -6.38398499e+02	  4.36166602e+03	
 5.94959863e+03	  0.00000000e+00	  3.76841577e+03	 -6.38398499e+02	  1.03392178e+04	  5.59645508e+02	
 7.51949951e+02	 -3.76841577e+03	  0.00000000e+00	  4.36166602e+03	  5.59645508e+02	  3.83500293e+03	
32	 35	 37	
 5.00000000e+03	  0.00000000e+00	  0.00000000e+00	  0.00000000e+00	  5.48413281e+03	  1.65491443e+03	
 0.00000000e+00	  5.00000000e+03	  0.00000000e+00	 -5.48413281e+03	  0.00000000e+00	 -3.88830347e+03	
 0.00000000e+00	  0.00000000e+00	  5.00000000e+03	 -1.65491443e+03	  3.88830347e+03	  0.00000000e+00	
 0.00000000e+00	 -5.48413281e+03	 -1.65491443e+03	  7.51652148e+03	 -1.32291235e+03	  4.16745850e+03	
 5.48413281e+03	  0.00000000e+00	  3.88830347e+03	 -1.32291235e+03	  9.44435156e+03	  1.45302087e+03	
 1.65491443e+03	 -3.88830347e+03	  0.00000000e+00	  4.16745850e+03	  1.45302087e+03	  4.51016895e+03	
32	 36	 37	
 5.00000000e+03	  0.00000000e+00	  0.00000000e+00	  0.00000000e+00	  6.54399951e+03	  5.31589088e+01	
 0.00000000e+00	  5.00000000e+03	  0.00000000e+00	 -6.54399951e+03	  0.00000000e+00	 -3.12720825e+03	
 0.00000000e+00	  0.00000000e+00	  5.00000000e+03	 -5.31589088e+01	  3.12720825e+03	  0.00000000e+00	
 0.00000000e+00	 -6.54399951e+03	 -5.31589088e+01	  9.32879980e+03	 -1.81259247e+02	  3.93971973e+03	
 6.54399951e+03	  0.00000000e+00	  3.12720825e+03	 -1.81259247e+02	  1.09365029e+04	 -2.47320694e+02	
 5.31589088e+01	 -3.12720825e+03	  0.00000000e+00	  3.93971973e+03	 -2.47320694e+02	  2.71559399e+03	
33	 34	 37	
 5.00000000e+03	  0.00000000e+00	  0.00000000e+00	  0.00000000e+00	  6.95114844e+03	 -2.99249072e+03	
 0.00000000e+00	  5.00000000e+03	  0.00000000e+00	 -6.95114844e+03	  0.00000000e+00	 -2.02797986e+03	
 0.00000000e+00	  0.00000000e+00	  5.00000000e+03	  2.99249072e+03	  2.02797986e+03	  0.00000000e+00	
 0.00000000e+00	 -6.95114844e+03	  2.99249072e+03	  1.34133994e+04	  1.27454358e+03	  2.71667480e+03	
 6.95114844e+03	  0.00000000e+00	  2.02797986e+03	  1.27454358e+03	  1.14087168e+04	 -3.94330591e+03	
-2.99249072e+03	 -2.02797986e+03	  0.00000000e+00	  2.71667480e+03	 -3.94330591e+03	  4.64572607e+03	
33	 35	 37	
 5.00000000e+03	  0.00000000e+00	  0.00000000e+00	  0.00000000e+00	  7.71769336e+03	 -7.53983521e+02	
 0.00000000e+00	  5.00000000e+03	  0.00000000e+00	 -7.71769336e+03	  0.00000000e+00	 -2.19970264e+03	
 0.00000000e+00	  0.00000000e+00	  5.00000000e+03	  7.53983521e+02	  2.19970264e+03	  0.00000000e+00	
 0.00000000e+00	 -7.71769336e+03	  7.53983521e+02	  1.27727822e+04	  3.51208618e+02	  3.41571313e+03	
 7.71769336e+03	  0.00000000e+00	  2.19970264e+03	  3.51208618e+02	  1.32078623e+04	 -1.31607788e+03	
-7.53983521e+02	 -2.19970264e+03	  0.00000000e+00	  3.41571313e+03	 -1.31607788e+03	  2.01370862e+03	
33	 36	 37	
 5.00000000e+03	  0.00000000e+00	  0.00000000e+00	  0.00000000e+00	  7.90309229e+03	 -1.90602454e+03	
 0.00000000e+00	  5.00000000e+03	  0.00000000e+00	 -7.90309229e+03	  0.00000000e+00	 -1.28137671e+03	
 0.00000000e+00	  0.00000000e+00	  5.00000000e+03	  1.90602454e+03	  1.28137671e+03	  0.00000000e+00	
 0.00000000e+00	 -7.90309229e+03	  1.90602454e+03	  1.40961660e+04	  4.26792450e+02	  2.02240332e+03	
 7.90309229e+03	  0.00000000e+00	  1.28137671e+03	  4.26792450e+02	  1.32271230e+04	 -3.18503760e+03	
-1.90602454e+03	 -1.28137671e+03	  0.00000000e+00	  2.02240332e+03	 -3.18503760e+03	  2.20193213e+03	
34	 35	 37	
 5.00000000e+03	  0.00000000e+00	  0.00000000e+00	  0.00000000e+00	  5.26795898e+03	  3.80945776e+03	
 0.00000000e+00	  5.00000000e+03	  0.00000000e+00	 -5.26795898e+03	  0.00000000e+00	 -4.93894165e+02	
 0.00000000e+00	  0.00000000e+00	  5.00000000e+03	 -3.80945776e+03	  4.93894165e+02	  0.00000000e+00	
 0.00000000e+00	 -5.26795898e+03	 -3.80945776e+03	  9.41398145e+03	 -3.77650848e+02	  4.93159943e+02	
 5.26795898e+03	  0.00000000e+00	  4.93894165e+02	 -3.77650848e+02	  6.43204102e+03	  3.86304297e+03	
 3.80945776e+03	 -4.93894165e+02	  0.00000000e+00	  4.93159943e+02	  3.86304297e+03	  3.81702075e+03	
34	 36	 37	
 5.00000000e+03	  0.00000000e+00	  0.00000000e+00	  0.00000000e+00	  5.68277734e+03	  2.82999805e+03	
 0.00000000e+00	  5.00000000e+03	  0.00000000e+00	 -5.68277734e+03	  0.00000000e+00	  1.00509171e+02	
 0.00000000e+00	  0.00000000e+00	  5.00000000e+03	 -2.82999805e+03	 -1.00509171e+02	  0.00000000e+00	
 0.00000000e+00	 -5.68277734e+03	 -2.82999805e+03	  9.00945215e+03	 -6.49586639e+01	 -2.98085022e+02	
 5.68277734e+03	  0.00000000e+00	 -1.00509171e+02	 -6.49586639e+01	  7.54191357e+03	  3.11454419e+03	
 2.82999805e+03	  1.00509171e+02	  0.00000000e+00	 -2.98085022e+02	  3.11454419e+03	  2.71302173e+03	
35	 36	 37	
 5.00000000e+03	  0.00000000e+00	  0.00000000e+00	  0.00000000e+00	  7.45894580e+03	 -1.83171228e+03	
 0.00000000e+00	  5.00000000e+03	  0.00000000e+00	 -7.45894580e+03	  0.00000000e+00	 -6.66256866e+01	
 0.00000000e+00	  0.00000000e+00	  5.00000000e+03	  1.83171228e+03	  6.66256866e+01	  0.00000000e+00	
 0.00000000e+00	 -7.45894580e+03	  1.83171228e+03	  1.35235186e+04	  3.27320709e+02	  6.25539001e+02	
 7.45894580e+03	  0.00000000e+00	  6.66256866e+01	  3.27320709e+02	  1.34808213e+04	 -3.15977905e+03	
-1.83171228e+03	 -6.66256866e+01	  0.00000000e+00	  6.25539001e+02	 -3.15977905e+03	  2.68022339e+03	
