0	 1	 60	
0.8189614490	-0.1062419610	0.5639280010	-0.0667424998
0.0424713874	0.9912388460	0.1250669050	-0.0858777205
-0.5722746940	-0.0784741691	0.8162986460	0.1203702370
0.0000000000	0.0000000000	0.0000000000	1.0000000000
0	 58	 60	
0.9081355790	0.0377237485	-0.4169732470	0.3408681530
-0.0804251314	0.9931029360	-0.0853132859	-0.3798246350
0.4108790190	0.1110111580	0.9049060470	0.6300691850
0.0000000000	0.0000000000	0.0000000000	1.0000000000
1	 2	 60	
0.8517419970	-0.1526975690	0.5012175400	-0.2357741980
0.1301970720	0.9882691740	0.0798295820	-0.0274329133
-0.5075276280	-0.0027371516	0.8616311360	0.2924714060
0.0000000000	0.0000000000	0.0000000000	1.0000000000
1	 7	 60	
0.4004276530	-0.2784586690	0.8729939660	-0.8657501730
0.2544610560	0.9490287820	0.1859944680	-0.3269420900
-0.8802881720	0.1476656380	0.4508742550	1.0943839100
0.0000000000	0.0000000000	0.0000000000	1.0000000000
2	 3	 60	
0.8228548830	-0.1386190210	0.5510849380	-0.6551211040
0.1375646020	0.9895370690	0.0435013790	0.0035738712
-0.5513490930	0.0400144584	0.8333144790	0.1667047650
0.0000000000	0.0000000000	0.0000000000	1.0000000000
2	 4	 60	
0.6058274510	-0.2292824500	0.7618416220	-1.2008315300
0.1222337560	0.9730284520	0.1956388030	-0.0644881365
-0.7861501180	-0.0254005943	0.6175134020	0.1185052390
0.0000000000	0.0000000000	0.0000000000	1.0000000000
2	 5	 60	
0.7322906450	-0.1287167280	0.6687169910	-0.9809624840
0.0899051113	0.9916525830	0.0924241568	-0.0640964750
-0.6750314670	-0.0075602699	0.7377502020	0.2013474910
0.0000000000	0.0000000000	0.0000000000	1.0000000000
2	 6	 60	
0.6983408860	0.0423844982	0.7145093150	-1.1487489200
0.1097842290	0.9800905440	-0.1654386570	-0.1492250210
-0.7072958580	0.1939744320	0.6797841490	0.4765649930
0.0000000000	0.0000000000	0.0000000000	1.0000000000
2	 7	 60	
0.8449716030	-0.1001263060	0.5253548450	-0.9110809590
0.1115520450	0.9937085740	0.0099705168	-0.1240987500
-0.5230479250	0.0501796036	0.8508248210	0.3379163600
0.0000000000	0.0000000000	0.0000000000	1.0000000000
2	 8	 60	
0.9967882020	-0.0331244901	0.0729112338	-0.5908102480
0.0298712332	0.9985282380	0.0452666305	-0.1889468210
-0.0743033598	-0.0429432948	0.9963106360	0.9807330950
0.0000000000	0.0000000000	0.0000000000	1.0000000000
3	 4	 60	
0.9485197910	-0.0356255558	0.3147078430	-0.4553125260
0.0008748223	0.9939444960	0.1098798130	0.0221471683
-0.3167166580	-0.1039478630	0.9428071910	-0.3578770470
0.0000000000	0.0000000000	0.0000000000	1.0000000000
3	 5	 60	
0.9786117190	0.0143230776	0.2052168450	-0.4313156700
-0.0206622137	0.9993721870	0.0287802837	-0.0050045599
-0.2046757850	-0.0324049572	0.9782932800	-0.1691377450
0.0000000000	0.0000000000	0.0000000000	1.0000000000
3	 6	 60	
0.9881027620	0.0396696937	0.1485908750	-0.4380729120
-0.0106039612	0.9814349760	-0.1915018110	-0.1752750470
-0.1534291000	0.1876478160	0.9701792660	-0.0228618783
0.0000000000	0.0000000000	0.0000000000	1.0000000000
3	 7	 60	
0.9985079970	0.0319931163	-0.0442517751	-0.3062808530
-0.0336689950	0.9987232730	-0.0376593007	-0.0543309786
0.0429904393	0.0390930257	0.9983103510	-0.0200228582
0.0000000000	0.0000000000	0.0000000000	1.0000000000
3	 38	 60	
0.4537749860	-0.4997482650	0.7377939640	-2.1657288000
0.3812477800	0.8572192840	0.3461578110	-0.5087770740
-0.8054429790	0.1242045550	0.5795125850	1.3693530000
0.0000000000	0.0000000000	0.0000000000	1.0000000000
3	 40	 60	
0.0582076854	-0.4538369490	0.8891815840	-1.8678750800
0.2158223300	0.8753490030	0.4326486390	-0.6284353380
-0.9746961510	0.1667217650	0.1489001870	1.7253049400
0.0000000000	0.0000000000	0.0000000000	1.0000000000
3	 46	 60	
-0.0299441432	-0.2473229490	0.9684702920	-2.3443597700
0.2399077110	0.9388044910	0.2471647590	-0.8237456210
-0.9703337770	0.2397446280	0.0312229865	1.7414761000
0.0000000000	0.0000000000	0.0000000000	1.0000000000
3	 47	 60	
-0.1087490930	-0.4291201400	0.8966769430	-1.7266445900
0.2241137070	0.8682198230	0.4426820360	-0.5618689300
-0.9684764740	0.2490988640	0.0017535870	1.7282220100
0.0000000000	0.0000000000	0.0000000000	1.0000000000
3	 50	 60	
0.4888213700	-0.4897695520	0.7219275960	-2.3112116400
0.3157949560	0.8707540610	0.3769096860	-0.8987717430
-0.8132202740	0.0437395846	0.5803099470	0.4710086310
0.0000000000	0.0000000000	0.0000000000	1.0000000000
4	 5	 60	
0.9953304530	0.0234305741	-0.0936391836	-0.0952837190
-0.0299989279	0.9971401930	-0.0693649712	-0.0770407281
0.0917461326	0.0718501433	0.9931868930	0.1605387400
0.0000000000	0.0000000000	0.0000000000	1.0000000000
4	 6	 60	
0.9884017380	-0.0245968826	-0.1498565900	-0.1287009340
-0.0242798501	0.9485065460	-0.3158256180	-0.1793194350
0.1499082820	0.3158010860	0.9369083100	0.2990430110
0.0000000000	0.0000000000	0.0000000000	1.0000000000
4	 7	 60	
0.9386927460	0.0160533966	-0.3443809190	-0.0022168870
-0.0655786412	0.9889913470	-0.1326482450	-0.1336657480
0.3384602940	0.1470999780	0.9294117630	0.3368609290
0.0000000000	0.0000000000	0.0000000000	1.0000000000
4	 38	 60	
0.6233728950	-0.5245048550	0.5799145540	-2.2865266600
0.4123339750	0.8506540200	0.3261417360	-0.7554803640
-0.6643695710	0.0358105549	0.7465458310	1.1471318500
0.0000000000	0.0000000000	0.0000000000	1.0000000000
4	 39	 60	
0.3613344670	-0.3536000890	0.8627887230	-2.3074382400
0.3409830310	0.9113250020	0.2306887830	-0.7602816870
-0.8678525080	0.2108405050	0.4498647630	1.2220825600
0.0000000000	0.0000000000	0.0000000000	1.0000000000
4	 40	 60	
0.3439672360	-0.4924154340	0.7995083370	-2.0567254300
0.3447584860	0.8582236400	0.3802548750	-0.8178106080
-0.8734003250	0.1448420650	0.4649652120	1.4581289600
0.0000000000	0.0000000000	0.0000000000	1.0000000000
4	 41	 60	
0.1674470690	-0.5571943400	0.8133240110	-1.8158954300
0.3135460500	0.8122358920	0.4918960570	-0.9504081390
-0.9346926520	0.1726479780	0.3107126030	1.5053615400
0.0000000000	0.0000000000	0.0000000000	1.0000000000
4	 45	 60	
0.1108566960	-0.0320778508	0.9933185820	-2.2174444700
0.3006382270	0.9537342820	-0.0027524044	-0.8453831570
-0.9472736930	0.2989346600	0.1153716590	1.4509643000
0.0000000000	0.0000000000	0.0000000000	1.0000000000
4	 46	 60	
0.3946847020	-0.2663325190	0.8793696470	-2.4816337900
0.3114753020	0.9391804220	0.1446487850	-0.8361449550
-0.8644114310	0.2168112640	0.4536361470	1.0724151600
0.0000000000	0.0000000000	0.0000000000	1.0000000000
4	 47	 60	
0.1297062260	-0.5219201310	0.8430751280	-1.9412969500
0.3067380070	0.8296710800	0.4664308030	-0.8958655040
-0.9429146780	0.1981042050	0.2677062450	1.6145329100
0.0000000000	0.0000000000	0.0000000000	1.0000000000
5	 6	 60	
0.9990236280	-0.0314925757	-0.0309839861	-0.0809345409
0.0225742876	0.9667446060	-0.2547454980	-0.0879419325
0.0379761933	0.2537973300	0.9665116260	0.1361629350
0.0000000000	0.0000000000	0.0000000000	1.0000000000
5	 7	 60	
0.9726285040	0.0008488440	-0.2323640940	0.0442946120
-0.0187675009	0.9970133210	-0.0749147485	-0.0472880673
0.2316065060	0.0772251131	0.9697395050	0.1617086840
0.0000000000	0.0000000000	0.0000000000	1.0000000000
5	 32	 60	
0.5924424600	0.7202486850	-0.3609068620	0.5662245310
-0.7998371100	0.4723211470	-0.3703691830	-0.1928460710
-0.0962939742	0.5080891310	0.8559047290	0.2385426560
0.0000000000	0.0000000000	0.0000000000	1.0000000000
5	 36	 60	
0.9522244180	0.2307733720	-0.2000307690	0.0118827165
-0.2266856960	0.9729993390	0.0434267373	-0.7613278700
0.2046515410	0.0039921145	0.9788267520	1.0561061800
0.0000000000	0.0000000000	0.0000000000	1.0000000000
5	 38	 60	
0.5524204230	-0.5539315110	0.6228896830	-1.9938401500
0.4101951870	0.8311688730	0.3753641080	-0.6390162080
-0.7256525230	0.0481475509	0.6863747000	1.1793976300
0.0000000000	0.0000000000	0.0000000000	1.0000000000
5	 39	 60	
0.2579471600	-0.3566833670	0.8979088140	-2.0789097400
0.3023363490	0.9124838260	0.2756193020	-0.6698755900
-0.9176360910	0.2003752570	0.3432109580	1.3919018500
0.0000000000	0.0000000000	0.0000000000	1.0000000000
5	 40	 60	
0.2809133210	-0.5017616780	0.8181215830	-1.7908662200
0.2909847890	0.8568500480	0.4256005730	-0.6757352240
-0.9145575760	0.1185040660	0.3867056080	1.4290146500
0.0000000000	0.0000000000	0.0000000000	1.0000000000
5	 45	 60	
-0.0691698439	-0.0464230109	0.9965241780	-2.1121881500
0.2968298690	0.9527165950	0.0649855267	-0.7931347040
-0.9524219450	0.3002931800	-0.0521195219	1.8208760100
0.0000000000	0.0000000000	0.0000000000	1.0000000000
5	 46	 60	
0.2165630610	-0.3038060710	0.9277943260	-2.2600933000
0.2898563900	0.9275031630	0.2360532920	-0.8618743710
-0.9322465950	0.2178066910	0.2889230550	1.3845487100
0.0000000000	0.0000000000	0.0000000000	1.0000000000
6	 7	 60	
0.9783480720	0.0237676855	-0.2055970480	0.1579530390
0.0127315275	0.9845915440	0.1744058480	0.0569629430
0.2065743390	-0.1732471900	0.9629706400	0.0089173648
0.0000000000	0.0000000000	0.0000000000	1.0000000000
6	 11	 60	
0.9964778520	0.0205861923	-0.0812902181	0.9180705530
-0.0291021882	0.9940455270	-0.1050073900	0.0423870265
0.0786444754	0.1070032620	0.9911434550	0.7311724490
0.0000000000	0.0000000000	0.0000000000	1.0000000000
7	 8	 60	
0.8483327140	0.1934222940	-0.4928685660	0.0149887960
-0.1528107750	0.9807143570	0.1218532600	-0.0732257240
0.5069324150	-0.0280564791	0.8615290830	0.7324032270
0.0000000000	0.0000000000	0.0000000000	1.0000000000
7	 10	 60	
0.0835110566	0.9868315510	0.1385257830	0.2570684640
-0.8450046490	0.1438099450	-0.5150590670	0.2391288900
-0.5281979240	-0.0740418037	0.8458869690	0.6945281830
0.0000000000	0.0000000000	0.0000000000	1.0000000000
7	 32	 60	
0.1292560530	-0.9577625580	-0.2568730320	1.3008995800
0.9819225720	0.1597476190	-0.1015320730	0.3014277970
0.1382784730	-0.2391057930	0.9610970210	0.2629916260
0.0000000000	0.0000000000	0.0000000000	1.0000000000
7	 38	 60	
0.3439205000	-0.5330246800	0.7730481100	-1.7794739200
0.3261857780	0.8398174510	0.4339464100	-0.5224164190
-0.8805234390	0.1029142330	0.4626955080	1.6104059400
0.0000000000	0.0000000000	0.0000000000	1.0000000000
7	 39	 60	
-0.1874201610	-0.3386411780	0.9220606470	-1.8586418200
0.2055528680	0.9043905900	0.3739327210	-0.7339371500
-0.9605319890	0.2596147410	-0.0998923644	2.2616527300
0.0000000000	0.0000000000	0.0000000000	1.0000000000
7	 40	 60	
0.0892010293	-0.4726396890	0.8767296620	-1.4265495100
0.2112334860	0.8691924410	0.4470849080	-0.5201080370
-0.9733568670	0.1453142290	0.1773701900	1.6639043100
0.0000000000	0.0000000000	0.0000000000	1.0000000000
7	 46	 60	
0.0554686069	-0.1088305160	0.9925115380	-2.0807156000
0.1728662130	0.9800771630	0.0978060720	-0.3291758970
-0.9833821770	0.1661465440	0.0731766339	1.7448173000
0.0000000000	0.0000000000	0.0000000000	1.0000000000
7	 58	 60	
0.9042296040	0.0271131188	-0.4261850560	0.6224185800
-0.1161014200	0.9760002210	-0.1842390520	0.1945531710
0.4109614140	0.2160750950	0.8856761650	1.0969300400
0.0000000000	0.0000000000	0.0000000000	1.0000000000
8	 9	 60	
0.8575556200	0.1329743690	-0.4969066060	0.8451838750
-0.1415970280	0.9897124090	0.0204848487	-0.1105219530
0.4945185940	0.0527936012	0.8675622140	0.6126559430
0.0000000000	0.0000000000	0.0000000000	1.0000000000
8	 32	 60	
0.0669550981	0.9593980870	0.2739932940	-1.6040430100
-0.9285302950	0.1604186750	-0.3348094080	0.2895119650
-0.3651691470	-0.2319938780	0.9015710370	-0.3626806650
0.0000000000	0.0000000000	0.0000000000	1.0000000000
8	 33	 60	
0.9746788700	-0.0533357927	-0.2171552310	-0.2029362160
0.0066111076	0.9775859400	-0.2104329420	-0.0003239226
0.2235115090	0.2036689050	0.9531849680	-0.7343238530
0.0000000000	0.0000000000	0.0000000000	1.0000000000
8	 35	 60	
0.9945034560	-0.0991457317	0.0336600498	-0.8006075310
0.0946384528	0.9887158890	0.1161225820	-0.2287665400
-0.0447932844	-0.1122987740	0.9926643680	-0.1915721800
0.0000000000	0.0000000000	0.0000000000	1.0000000000
8	 36	 60	
0.9034606580	-0.2868459530	0.3185564930	-1.0234615600
0.2683923100	0.9579571710	0.1014082140	-0.5101848290
-0.3342520120	-0.0061202186	0.9424638640	0.3561342620
0.0000000000	0.0000000000	0.0000000000	1.0000000000
8	 37	 60	
0.7991374920	-0.4323584280	0.4176666840	-1.4322315100
0.3262058190	0.8954779070	0.3028350730	-0.6046371690
-0.5049445840	-0.1057615580	0.8566478040	0.9876007510
0.0000000000	0.0000000000	0.0000000000	1.0000000000
8	 38	 60	
-0.1506108990	-0.5675952110	0.8094146240	-0.9627097100
0.4306625750	0.6993108380	0.5705209010	-0.8148949360
-0.8898573500	0.4345112520	0.1391181820	1.4575835900
0.0000000000	0.0000000000	0.0000000000	1.0000000000
9	 10	 60	
0.8223510010	0.1573523650	-0.5467897810	0.3388844540
-0.2426370890	0.9662205090	-0.0868629464	-0.1701013820
0.5146514100	0.2041033120	0.8327519220	0.4632813710
0.0000000000	0.0000000000	0.0000000000	1.0000000000
9	 11	 60	
0.7830214110	-0.2822726750	-0.5542559040	0.4854602820
0.0184565821	0.9012461540	-0.4329142230	-0.0354988346
0.6217208570	0.3287514360	0.7109048240	0.6012108630
0.0000000000	0.0000000000	0.0000000000	1.0000000000
9	 12	 60	
0.5490798610	-0.0875835942	-0.8311681060	0.3176617750
-0.2406000270	0.9358294610	-0.2575555240	-0.3626177840
0.8003892390	0.3413976190	0.4927724950	0.8542825600
0.0000000000	0.0000000000	0.0000000000	1.0000000000
9	 15	 60	
0.9813396390	-0.0142323105	-0.1917549340	0.2920177310
0.0063870005	0.9991193600	-0.0414693907	0.0119204170
0.1921762720	0.0394708181	0.9805663340	-0.0997007911
0.0000000000	0.0000000000	0.0000000000	1.0000000000
9	 35	 60	
0.8599001650	-0.3178673060	0.3994146750	-1.6472734200
0.2778060080	0.9478466590	0.1562387050	-0.3482025970
-0.4282470410	-0.0233898914	0.9033589460	0.0222028077
0.0000000000	0.0000000000	0.0000000000	1.0000000000
9	 36	 60	
0.5593766660	-0.4002273190	0.7258896880	-1.5526531700
0.3859798760	0.9007443920	0.1991960750	-0.6142867820
-0.7335647760	0.1687531760	0.6583350860	0.5922683690
0.0000000000	0.0000000000	0.0000000000	1.0000000000
9	 45	 60	
0.8097361190	0.2606872500	-0.5257086410	1.2270552300
-0.5531460520	0.6381193360	-0.5355680700	0.8646381030
0.1958490820	0.7244624700	0.6609063980	0.8024409450
0.0000000000	0.0000000000	0.0000000000	1.0000000000
9	 52	 60	
0.9224403780	0.0828769056	-0.3771407790	0.7926519280
-0.0482357960	0.9937767930	0.1004041510	-0.2932033140
0.3831149390	-0.0744251569	0.9206974740	0.2827213290
0.0000000000	0.0000000000	0.0000000000	1.0000000000
9	 59	 60	
0.9593445990	-0.0664005183	0.2743153500	-0.0981633660
0.0828597077	0.9953635720	-0.0488428954	-0.1578977550
-0.2698003130	0.0695868576	0.9603985950	-0.2835028650
0.0000000000	0.0000000000	0.0000000000	1.0000000000
10	 11	 60	
0.9987829190	-0.0384636089	-0.0308744342	0.0716070634
0.0234978944	0.9214470230	-0.3877927710	0.0303250263
0.0433650649	0.3865953110	0.9212293610	-0.0243176084
0.0000000000	0.0000000000	0.0000000000	1.0000000000
10	 12	 60	
0.9196749220	-0.1242153820	-0.3725165460	0.2499949110
0.0076217115	0.9541181340	-0.2993334190	-0.0699264733
0.3926066070	0.2724502250	0.8784252540	0.3841544410
0.0000000000	0.0000000000	0.0000000000	1.0000000000
10	 15	 60	
0.9791870860	0.1823884300	-0.0890343253	0.5837575250
-0.1895327770	0.9786339070	-0.0797057265	0.3153318830
0.0725946073	0.0949217410	0.9928342690	-0.3665487960
0.0000000000	0.0000000000	0.0000000000	1.0000000000
10	 16	 60	
0.9987852410	-0.0369155300	0.0326387221	0.3280474270
0.0396013761	0.9955176170	-0.0858860053	0.1511210100
-0.0293218954	0.0870742128	0.9957702080	-0.0267308445
0.0000000000	0.0000000000	0.0000000000	1.0000000000
10	 32	 60	
0.9941294400	-0.0506428823	-0.0956135725	0.4774863650
0.0320567325	0.9818823690	-0.1867602190	-0.2693185850
0.1033393570	0.1825987730	0.9777416150	-0.4796027770
0.0000000000	0.0000000000	0.0000000000	1.0000000000
10	 59	 60	
0.8438564040	0.1634686200	-0.5110620120	1.1697761400
-0.1536255160	0.9861958440	0.0617815413	-0.3998728740
0.5141065760	0.0263774159	0.8573206290	0.6879854750
0.0000000000	0.0000000000	0.0000000000	1.0000000000
11	 12	 60	
0.9413666960	-0.0179504600	-0.3369072940	0.1798070150
0.0449061352	0.9963651270	0.0723876511	0.0723750163
0.3343832880	-0.0832725284	0.9387510340	0.4031291560
0.0000000000	0.0000000000	0.0000000000	1.0000000000
11	 45	 60	
-0.0145806774	-0.9648354230	-0.2624500170	0.2863132320
0.7786340770	-0.1756283410	0.6023982570	-1.2679677000
-0.6273088380	-0.1955691520	0.7538145190	-0.4079548620
0.0000000000	0.0000000000	0.0000000000	1.0000000000
12	 57	 60	
0.9442180620	0.0678030761	-0.3222654090	0.3753581920
0.0669517188	0.9186165410	0.3894369240	-0.5689241140
0.3224433570	-0.3892896000	0.8628347980	0.3265264850
0.0000000000	0.0000000000	0.0000000000	1.0000000000
13	 14	 60	
0.9082925360	0.0640698220	-0.4134002030	0.0463097732
-0.0412263101	0.9971009470	0.0639538401	-0.1088386370
0.4162992450	-0.0410458306	0.9083007090	0.4495680150
0.0000000000	0.0000000000	0.0000000000	1.0000000000
13	 15	 60	
0.8977480940	0.1826332840	-0.4008658670	-0.0034284738
-0.0820918426	0.9634267670	0.2550878180	-0.0680414145
0.4327924320	-0.1960967840	0.8799072460	0.5494863230
0.0000000000	0.0000000000	0.0000000000	1.0000000000
13	 16	 60	
0.8682120870	0.1662845910	-0.4675010230	-0.1721742860
-0.0639560642	0.9718183280	0.2268893120	-0.1578884030
0.4920542580	-0.1670885180	0.8543793270	0.9733931110
0.0000000000	0.0000000000	0.0000000000	1.0000000000
13	 18	 60	
0.9921590250	0.0281631500	-0.1217674250	-0.7484210710
-0.0003383791	0.9748824100	0.2227199420	-0.2579772270
0.1249814160	-0.2209323970	0.9672479110	1.7478469700
0.0000000000	0.0000000000	0.0000000000	1.0000000000
13	 19	 60	
0.9976880660	-0.0431064598	-0.0525390944	-1.0380962800
0.0545715417	0.9689078560	0.2413286440	-0.3402973680
0.0405027178	-0.2436378470	0.9690201900	1.9579111600
0.0000000000	0.0000000000	0.0000000000	1.0000000000
13	 54	 60	
0.9733415240	-0.1455688610	0.1772455460	-1.8391205400
0.0516518353	0.8920481080	0.4489791310	-0.1152781640
-0.2234689350	-0.4278549740	0.8757863640	0.3525811620
0.0000000000	0.0000000000	0.0000000000	1.0000000000
13	 55	 60	
0.9580893810	-0.1021770710	0.2676276950	-1.8846486400
0.0757364240	0.9913326760	0.1073476550	-0.1264975220
-0.2762765490	-0.0825794842	0.9575238370	0.2731065700
0.0000000000	0.0000000000	0.0000000000	1.0000000000
13	 56	 60	
0.9959252150	0.0001254799	0.0901828712	-1.5506958100
0.0109240619	0.9924675650	-0.1220196610	-0.2219178930
-0.0895188856	0.1225076210	0.9884221020	0.1479480540
0.0000000000	0.0000000000	0.0000000000	1.0000000000
13	 57	 60	
0.9675700730	-0.1221063720	0.2211293450	-2.3565004600
0.1361875760	0.9894439040	-0.0495348892	-0.4134628970
-0.2127465570	0.0780435459	0.9739856810	-0.0444737135
0.0000000000	0.0000000000	0.0000000000	1.0000000000
14	 15	 60	
0.9992968550	0.0360473278	-0.0103143919	-0.0017994007
-0.0334053753	0.9808947610	0.1916495440	0.0317413093
0.0170257869	-0.1911702310	0.9814092240	0.1215675340
0.0000000000	0.0000000000	0.0000000000	1.0000000000
14	 16	 60	
0.9995985710	0.0157727677	-0.0235354471	-0.0980464397
-0.0122573683	0.9896945790	0.1426688370	-0.0551200749
0.0255431868	-0.1423230830	0.9894906190	0.5561907030
0.0000000000	0.0000000000	0.0000000000	1.0000000000
14	 24	 60	
0.9757551450	0.1029451800	-0.1931429180	-0.3544477230
0.0303948842	0.8101863430	0.5853838400	-0.3004309300
0.2167441990	-0.5770618500	0.7874144860	1.9560719700
0.0000000000	0.0000000000	0.0000000000	1.0000000000
15	 16	 60	
0.9994315080	-0.0312108739	-0.0127491653	-0.0811560906
0.0305724109	0.9984018520	-0.0475296667	-0.1685032170
0.0142122327	0.0471128737	0.9987884610	0.4052364320
0.0000000000	0.0000000000	0.0000000000	1.0000000000
15	 24	 60	
0.9698922170	0.0596676830	-0.2361119560	-0.2584810030
0.0417803778	0.9143796780	0.4026961680	-0.6657998220
0.2399239220	-0.4004367260	0.8843567950	1.7511192000
0.0000000000	0.0000000000	0.0000000000	1.0000000000
15	 51	 60	
0.9921084080	-0.0265776357	-0.1225338160	-0.0728966435
0.0409188573	0.9923999050	0.1160520400	-0.2190497670
0.1185181580	-0.1201501480	0.9856558160	-0.4324051390
0.0000000000	0.0000000000	0.0000000000	1.0000000000
16	 17	 60	
0.9030884300	-0.1760938030	0.3916915360	0.0501852033
0.1611038540	0.9843727650	0.0711042099	-0.1553757410
-0.3980914910	-0.0011103732	0.9173450450	0.5019172020
0.0000000000	0.0000000000	0.0000000000	1.0000000000
16	 18	 60	
0.9278371960	-0.1154775240	0.3546591020	-0.0942198691
0.1138487180	0.9931699270	0.0255336162	-0.3179722270
-0.3551853140	0.0166864452	0.9346469680	0.9066306380
0.0000000000	0.0000000000	0.0000000000	1.0000000000
16	 19	 60	
0.8908121310	-0.1718588860	0.4206165360	-0.2636531290
0.1669727710	0.9847564260	0.0487326836	-0.4755350010
-0.4225799810	0.0268198429	0.9059287250	1.2178402800
0.0000000000	0.0000000000	0.0000000000	1.0000000000
16	 24	 60	
0.9854401010	0.0889833764	-0.1448784540	-0.2228757260
-0.0087761159	0.8775963090	0.4793200370	-0.4588614980
0.1697963120	-0.4710697160	0.8655995240	1.3634434000
0.0000000000	0.0000000000	0.0000000000	1.0000000000
16	 35	 60	
0.5857991230	-0.3382826860	-0.7364809650	0.8811737040
0.4710182290	0.8816032320	-0.0302914061	-0.0869511093
0.6595310580	-0.3291512810	0.6757797110	0.3302670670
0.0000000000	0.0000000000	0.0000000000	1.0000000000
16	 54	 60	
0.6948097650	-0.3714902370	0.6158200990	-1.8451111800
0.1741812000	0.9176934960	0.3570708000	-0.1950260260
-0.6977824160	-0.1408319950	0.7023290180	0.3549432070
0.0000000000	0.0000000000	0.0000000000	1.0000000000
16	 55	 60	
0.7335669170	-0.1837465770	0.6543063300	-1.7560561100
0.1683706770	0.9818794820	0.0869712434	-0.3523111730
-0.6584306290	0.0463667729	0.7512118400	0.1333044620
0.0000000000	0.0000000000	0.0000000000	1.0000000000
17	 18	 60	
0.9964291080	0.0497131736	-0.0682468540	-0.3035279730
-0.0499113171	0.9987529320	-0.0012002198	-0.1653468600
0.0681020788	0.0046022243	0.9976677430	0.3008256500
0.0000000000	0.0000000000	0.0000000000	1.0000000000
17	 19	 60	
0.9997564380	0.0116233509	0.0187606704	-0.6092880650
-0.0113024310	0.9997895180	-0.0171223243	-0.2585603760
-0.0189557404	0.0169061128	0.9996773800	0.5001160670
0.0000000000	0.0000000000	0.0000000000	1.0000000000
17	 20	 60	
0.8683949160	-0.2011827870	0.4532281510	-0.5690299950
0.1479580230	0.9774899050	0.1504058120	-0.1892248910
-0.4732850030	-0.0635529012	0.8786138710	0.4875765490
0.0000000000	0.0000000000	0.0000000000	1.0000000000
17	 21	 60	
0.8024443020	-0.3413293750	0.4894664440	-0.5252925330
0.2129953180	0.9300550740	0.2993836240	-0.2204644570
-0.5574191750	-0.1359846230	0.8190189530	0.5092265570
0.0000000000	0.0000000000	0.0000000000	1.0000000000
17	 22	 60	
0.7958236570	-0.3634872620	0.4842950730	-0.6100982760
0.1710823590	0.9021750800	0.3959936250	-0.3080912960
-0.5808575850	-0.2322867510	0.7801585300	0.6520740510
0.0000000000	0.0000000000	0.0000000000	1.0000000000
17	 30	 60	
0.4134694230	0.6147498730	-0.6716588640	0.6868899740
-0.4993043070	0.7699455780	0.3973399240	-1.2743918000
0.7614054410	0.1710742540	0.6252962130	-1.1461106500
0.0000000000	0.0000000000	0.0000000000	1.0000000000
17	 36	 60	
0.6212848980	-0.2825415820	0.7308729910	-1.6856678200
0.1577604520	0.9587329440	0.2365222660	-1.0668696900
-0.7675393900	-0.0316448584	0.6402201870	0.0581896211
0.0000000000	0.0000000000	0.0000000000	1.0000000000
17	 39	 60	
0.8410780350	0.1170316340	0.5281016340	-1.4737298800
-0.0906171905	0.9930017770	-0.0757363529	0.1866001120
-0.5332694100	0.0158450965	0.8457970620	-1.4234170300
0.0000000000	0.0000000000	0.0000000000	1.0000000000
17	 41	 60	
0.0030319627	-0.8082299050	0.5888592600	-2.0824050100
0.3526707560	0.5518899740	0.7556724120	-1.7381734100
-0.9357425640	0.2053822700	0.2867123610	0.6557022690
0.0000000000	0.0000000000	0.0000000000	1.0000000000
17	 42	 60	
-0.7314052290	-0.5925932140	0.3374606260	-1.8646231700
0.2684114920	0.2047474940	0.9412936500	-2.0123012100
-0.6268984460	0.7790454070	0.0093054414	0.5683305860
0.0000000000	0.0000000000	0.0000000000	1.0000000000
17	 44	 60	
0.2851394660	0.3599046990	-0.8883490830	2.2242138400
0.2705433850	0.8589172400	0.4348188730	-1.3779270800
0.9195116980	-0.3643209890	0.1475413670	2.2889193300
0.0000000000	0.0000000000	0.0000000000	1.0000000000
17	 45	 60	
-0.5982648910	0.6160043200	0.5124624840	-1.8989227900
-0.7939324150	-0.3691760710	-0.4830945540	0.7755597970
-0.1083994460	-0.6958790890	0.7099308800	-1.1874658600
0.0000000000	0.0000000000	0.0000000000	1.0000000000
17	 47	 60	
0.3842263170	-0.1194853020	0.9154744120	-2.0480039600
-0.0358961891	0.9889067250	0.1441351910	-0.1033665200
-0.9225408400	-0.0882425762	0.3756749220	-0.3766885490
0.0000000000	0.0000000000	0.0000000000	1.0000000000
17	 48	 60	
0.6782567260	-0.4192878060	0.6034613070	-1.2240642700
0.2874000230	0.9071789410	0.3072907370	-0.0626093764
-0.6762906480	-0.0349872159	0.7358035440	-0.3249473140
0.0000000000	0.0000000000	0.0000000000	1.0000000000
17	 50	 60	
0.6899795990	0.6903250920	0.2176681430	-1.4142847400
-0.2070671090	-0.0999026248	0.9732125550	-3.0084352500
0.6935786650	-0.7165687220	0.0740128482	-0.3904805020
0.0000000000	0.0000000000	0.0000000000	1.0000000000
17	 54	 60	
0.5567844220	-0.6291186820	0.5424027940	-2.4969797700
0.3376864320	0.7680187360	0.5441645840	-0.5888366460
-0.7589196140	-0.1198202990	0.6400657110	-0.1280892810
0.0000000000	0.0000000000	0.0000000000	1.0000000000
17	 55	 60	
0.9276775420	0.0082239071	0.3732917690	-1.5810488300
0.0485470113	0.9886142740	-0.1424254390	0.4136968540
-0.3702128650	0.1502470810	0.9167160140	-0.9980623260
0.0000000000	0.0000000000	0.0000000000	1.0000000000
17	 56	 60	
0.9767427400	0.0976733156	0.1908757280	-1.3108974400
-0.0167949821	0.9223347360	-0.3860266340	0.4005653950
-0.2137558160	0.3738429580	0.9025241790	-1.1518038600
0.0000000000	0.0000000000	0.0000000000	1.0000000000
17	 58	 60	
0.8191399310	0.0421756939	0.5720410690	-2.3660719000
0.1842184880	0.9251156640	-0.3320008380	0.6139908840
-0.5432065190	0.3773356840	0.7500296390	-1.3097892800
0.0000000000	0.0000000000	0.0000000000	1.0000000000
17	 59	 60	
0.9619770520	-0.0157433256	0.2726761800	-0.0349956570
0.0207017500	0.9996683630	-0.0153167170	-0.6681868490
-0.2723446140	0.0203792043	0.9619839390	-1.1323577000
0.0000000000	0.0000000000	0.0000000000	1.0000000000
18	 19	 60	
0.9947335730	-0.0398794451	0.0944179459	-0.2903552770
0.0410012552	0.9991093460	-0.0099705499	-0.1102395570
-0.0939362322	0.0137892950	0.9954827170	0.2248182780
0.0000000000	0.0000000000	0.0000000000	1.0000000000
18	 20	 60	
0.8268739130	-0.2743885940	0.4909077630	-0.2320356440
0.2085216600	0.9602643660	0.1855021950	-0.0378618025
-0.5223009190	-0.0510220241	0.8512335190	0.1988670510
0.0000000000	0.0000000000	0.0000000000	1.0000000000
18	 21	 60	
0.7328978210	-0.4372222510	0.5212460900	-0.2008990580
0.2437237640	0.8840372190	0.3988444840	-0.1131239770
-0.6351846270	-0.1652721940	0.7544704040	0.2334664050
0.0000000000	0.0000000000	0.0000000000	1.0000000000
18	 22	 60	
0.7520795300	-0.4355495480	0.4946442880	-0.2605805060
0.2291898740	0.8765097950	0.4233232590	-0.1533769380
-0.6179388170	-0.2050052960	0.7590286210	0.3702848830
0.0000000000	0.0000000000	0.0000000000	1.0000000000
18	 23	 60	
0.9808222810	-0.1378215760	0.1378146060	-0.3428507280
0.0835000304	0.9360461850	0.3418263960	-0.2178544280
-0.1761118890	-0.3237634210	0.9296030600	0.4774502700
0.0000000000	0.0000000000	0.0000000000	1.0000000000
18	 40	 60	
0.6075458630	-0.6204083070	0.4959652780	-1.5073792700
0.7711283730	0.6103879780	-0.1810733220	0.9877234440
-0.1903918500	0.4924632460	0.8492531400	-1.1068445100
0.0000000000	0.0000000000	0.0000000000	1.0000000000
18	 45	 60	
-0.4937130920	-0.7602365810	0.4222413100	-1.3880175500
0.3423547250	0.2764185140	0.8979900040	-2.4121646900
-0.7994001660	0.5879057290	0.1237991460	-0.2163184380
0.0000000000	0.0000000000	0.0000000000	1.0000000000
18	 46	 60	
-0.6506108640	-0.3237654110	0.6869362870	-2.7342706400
0.7593447490	-0.2893295370	0.5828241340	-1.2589618900
0.0100526628	0.9008131760	0.4340905040	-0.3204314050
0.0000000000	0.0000000000	0.0000000000	1.0000000000
18	 50	 60	
0.8700343130	-0.4459850170	0.2100896460	-1.9474471200
0.3776591120	0.8768655790	0.2974564690	-0.9122343460
-0.3168815070	-0.1794550660	0.9313334470	-1.7927205000
0.0000000000	0.0000000000	0.0000000000	1.0000000000
18	 52	 60	
0.9364294040	0.3377911300	-0.0948531729	0.9129036020
-0.2368192480	0.8080039430	0.5394870450	-1.4547481300
0.2588756760	-0.4827284740	0.8366340920	-0.8664426590
0.0000000000	0.0000000000	0.0000000000	1.0000000000
18	 53	 60	
0.9424490920	0.3337839060	0.0194425851	-0.2536770530
-0.3297514670	0.9183041130	0.2190468580	-0.1619948180
0.0552601101	-0.2128517330	0.9755206100	0.1663473050
0.0000000000	0.0000000000	0.0000000000	1.0000000000
18	 54	 60	
0.8971286190	-0.2561648860	0.3599163680	-1.4485265000
0.1558197740	0.9458406500	0.2847905600	0.3273721160
-0.4133768730	-0.1994116740	0.8884562710	-1.0940585200
0.0000000000	0.0000000000	0.0000000000	1.0000000000
18	 55	 60	
0.9031625640	-0.1225846790	0.4114248150	-1.3608383700
0.1479547860	0.9885311830	-0.0302569161	0.2651172030
-0.4029972250	0.0881991845	0.9109413490	-1.2648143600
0.0000000000	0.0000000000	0.0000000000	1.0000000000
18	 56	 60	
0.9496998780	-0.0265238138	0.3120362610	-1.2258885500
0.1196073720	0.9515899000	-0.2831443790	0.2407734490
-0.2894204860	0.3062240200	0.9068972560	-1.4208692800
0.0000000000	0.0000000000	0.0000000000	1.0000000000
18	 57	 60	
0.9359869240	-0.0521912596	0.3481444390	-1.8698127000
0.1441277240	0.9590791770	-0.2437095220	0.1967500340
-0.3211785750	0.2782861910	0.9052077760	-1.5505135300
0.0000000000	0.0000000000	0.0000000000	1.0000000000
18	 58	 60	
0.8397017750	-0.0047784397	0.5430267900	-1.8028292800
0.1463728900	0.9649435950	-0.2178504870	0.3483590730
-0.5229492380	0.2624138410	0.8109642840	-1.7668740000
0.0000000000	0.0000000000	0.0000000000	1.0000000000
18	 59	 60	
0.8470219540	0.4046236210	0.3447224030	-0.4006936370
-0.4717189860	0.8711047340	0.1365933440	-0.9282571700
-0.2450204240	-0.2783096630	0.9287134780	-0.9492994190
0.0000000000	0.0000000000	0.0000000000	1.0000000000
19	 20	 60	
0.8774652490	-0.2265544910	0.4227621080	0.0650686459
0.1694859420	0.9710078070	0.1685774430	0.0738073034
-0.4486972840	-0.0762686140	0.8904234080	-0.0218713216
0.0000000000	0.0000000000	0.0000000000	1.0000000000
19	 21	 60	
0.7781966740	-0.4087127440	0.4768268340	0.0805896230
0.1928611100	0.8780922790	0.4379024340	-0.0563035812
-0.5976742670	-0.2488128650	0.7621532840	0.0514795350
0.0000000000	0.0000000000	0.0000000000	1.0000000000
19	 22	 60	
0.8030156550	-0.3831367900	0.4564778840	0.0006241959
0.1761426500	0.8843210560	0.4323771920	-0.0589738284
-0.5693326140	-0.2668004300	0.7776103810	0.1561595700
0.0000000000	0.0000000000	0.0000000000	1.0000000000
19	 23	 60	
0.9935810920	-0.0837861425	0.0760032575	-0.0823645266
0.0584556549	0.9554953850	0.2891565400	-0.0625436481
-0.0968480729	-0.2828576510	0.9542599230	0.2425556400
0.0000000000	0.0000000000	0.0000000000	1.0000000000
19	 42	 60	
-0.6515999470	0.4840087170	-0.5840831030	2.7078897700
-0.4414763220	0.3841812750	0.8108658370	-2.1608669000
0.6168599240	0.7862189960	-0.0366541105	0.4616514440
0.0000000000	0.0000000000	0.0000000000	1.0000000000
19	 44	 60	
0.4413816290	0.2011733730	0.8744778620	-1.9302471300
-0.0061338898	0.9751982710	-0.2212480700	-0.1797790180
-0.8972985200	0.0922908828	0.4316685760	-1.3959777000
0.0000000000	0.0000000000	0.0000000000	1.0000000000
19	 50	 60	
0.8697684490	-0.4842254260	0.0950188523	-0.2618456080
0.2891208780	0.6561089160	0.6970869450	-1.8764045500
-0.3998899390	-0.5788322970	0.7106625140	-1.9116688100
0.0000000000	0.0000000000	0.0000000000	1.0000000000
19	 51	 60	
-0.4243334340	-0.6921246600	0.5838703560	-1.5237255100
0.7595341390	0.0790047932	0.6456517120	-1.9332893000
-0.4930000280	0.7174410770	0.4921679320	-0.6492723350
0.0000000000	0.0000000000	0.0000000000	1.0000000000
19	 53	 60	
0.8387744690	0.4302867180	-0.3336326290	0.3234045480
-0.4460316460	0.8944375910	0.0322050582	0.1551329160
0.3122709740	0.1217979300	0.9421529090	-0.0624145936
0.0000000000	0.0000000000	0.0000000000	1.0000000000
19	 54	 60	
0.9536112360	-0.1698148430	0.2485729860	-0.9161755590
0.1014971480	0.9587294040	0.2655866330	0.5205081200
-0.2834147830	-0.2280369480	0.9314908540	-1.4618402400
0.0000000000	0.0000000000	0.0000000000	1.0000000000
19	 55	 60	
0.9363266570	-0.0700610013	0.3440695390	-0.9555585610
0.0924683944	0.9945027200	-0.0491318305	0.4333206150
-0.3387358670	0.0778190005	0.9376578350	-1.5602014700
0.0000000000	0.0000000000	0.0000000000	1.0000000000
19	 56	 60	
0.9782190510	-0.0014450514	0.2075702290	-0.7464924830
0.0521074170	0.9696655960	-0.2388167690	0.2504483890
-0.2009286070	0.2444310620	0.9486206570	-1.7456955700
0.0000000000	0.0000000000	0.0000000000	1.0000000000
19	 57	 60	
0.9845160590	-0.0112565343	0.1749326130	-1.1636257400
0.0516760248	0.9722253240	-0.2282706910	0.3324915120
-0.1675043800	0.2337759840	0.9577531370	-2.0122187700
0.0000000000	0.0000000000	0.0000000000	1.0000000000
19	 58	 60	
0.8398731200	0.0170273664	0.5425156330	-1.6317309500
0.1478552800	0.9545328340	-0.2588549480	0.6180643330
-0.5222566030	0.2976191140	0.7991688830	-1.9592789100
0.0000000000	0.0000000000	0.0000000000	1.0000000000
19	 59	 60	
0.9712549160	-0.1434940180	-0.1899298690	-0.7282358760
0.1648706050	0.9810345390	0.1019260330	-0.0821770169
0.1717019850	-0.1303100130	0.9764925650	-1.9826323300
0.0000000000	0.0000000000	0.0000000000	1.0000000000
20	 21	 60	
0.9884568840	-0.0873787543	0.1237656710	-0.0181077936
0.0592560004	0.9748201500	0.2149753530	-0.0977737313
-0.1394335490	-0.2051600090	0.9687454030	0.0446295972
0.0000000000	0.0000000000	0.0000000000	1.0000000000
20	 22	 60	
0.9947404800	-0.0260274251	0.0990653867	-0.1448003420
0.0008286294	0.9691896060	0.2463144750	-0.1252104910
-0.1024240750	-0.2449368900	0.9641137010	0.1099495700
0.0000000000	0.0000000000	0.0000000000	1.0000000000
20	 23	 60	
0.9345253340	0.3153064410	-0.1650583190	-0.3717172540
-0.2718213440	0.9317217740	0.2408478630	-0.1246499400
0.2297293120	-0.1802120550	0.9564246220	0.1436215080
0.0000000000	0.0000000000	0.0000000000	1.0000000000
20	 24	 60	
0.5659454380	0.0200761808	0.8241982210	-0.7781578530
-0.1545318590	0.9845683320	0.0821285787	-0.3006488860
-0.8098306400	-0.1738451770	0.5603143660	0.0420182731
0.0000000000	0.0000000000	0.0000000000	1.0000000000
20	 31	 60	
-0.7348960900	-0.6765293860	-0.0472834626	0.0086464028
0.6287125110	-0.7057735710	0.3265030560	0.6484847120
-0.2542603300	0.2102181150	0.9440127270	-1.8625477900
0.0000000000	0.0000000000	0.0000000000	1.0000000000
20	 32	 60	
0.9554814270	-0.0962908825	0.2788965930	0.3013209780
0.1958302000	0.9139938180	-0.3553390410	0.0185559669
-0.2206938520	0.3941362300	0.8921607790	-2.2788210900
0.0000000000	0.0000000000	0.0000000000	1.0000000000
20	 33	 60	
0.9453536250	-0.2069332690	0.2519625870	-0.9514438830
0.2733439410	0.9242652720	-0.2664897690	-0.2986187760
-0.1777346700	0.3207995160	0.9303214810	-1.9193074700
0.0000000000	0.0000000000	0.0000000000	1.0000000000
20	 36	 60	
0.9257433520	-0.3716842540	-0.0696423830	1.0459765600
0.3777586550	0.9005592790	0.2151543250	-0.4997984070
-0.0172523807	-0.2254856990	0.9740937090	-1.0112412100
0.0000000000	0.0000000000	0.0000000000	1.0000000000
20	 37	 60	
0.9782662890	0.0327362638	-0.2047520570	-0.6304348060
-0.0790084107	0.9718150030	-0.2221109430	0.6151064290
0.1917100380	0.2334607830	0.9532802970	-1.3269393000
0.0000000000	0.0000000000	0.0000000000	1.0000000000
20	 38	 60	
-0.6628527640	0.7179677490	0.2124818240	1.2410867300
-0.2244094060	-0.4612342670	0.8584307600	-2.6066776400
0.7143294980	0.5213302820	0.4668491250	-0.6394382970
0.0000000000	0.0000000000	0.0000000000	1.0000000000
20	 39	 60	
0.5118425090	-0.8234535020	0.2448296870	-0.4427520810
0.8026848410	0.5599647000	0.2052719650	0.4620041750
-0.3061279010	0.0914541607	0.9475873810	-2.2790252000
0.0000000000	0.0000000000	0.0000000000	1.0000000000
20	 40	 60	
0.8150532980	0.5167046840	0.2621152240	-0.1843617710
-0.5035688740	0.8554995580	-0.1205773430	0.6161022110
-0.2865423360	-0.0337161075	0.9574741320	-1.7714449100
0.0000000000	0.0000000000	0.0000000000	1.0000000000
20	 41	 60	
-0.5324678830	-0.4243610230	0.7323903850	-1.6952941400
-0.0623993923	0.8825740860	0.4660142690	-0.8873200770
-0.8441470660	0.2024369160	-0.4964222250	2.2792082900
0.0000000000	0.0000000000	0.0000000000	1.0000000000
20	 42	 60	
0.2360568090	-0.4976022950	0.8346670830	-1.8217773200
0.4200315530	0.8268042500	0.3741232770	-0.0491324362
-0.8762708930	0.2622721640	0.4041814380	-1.1375278700
0.0000000000	0.0000000000	0.0000000000	1.0000000000
20	 44	 60	
0.4514704740	0.1720605620	0.8755395900	-1.3612705800
0.2690631240	0.9093063030	-0.3174383120	0.2111348080
-0.8507522820	0.3788894430	0.3642297960	-1.4785125800
0.0000000000	0.0000000000	0.0000000000	1.0000000000
20	 45	 60	
0.9639348290	0.0140888578	0.2657652160	-0.1828689910
0.0444055149	0.9760853090	-0.2128041830	0.0057754341
-0.2624076900	0.2169308050	0.9402570020	-2.1339164200
0.0000000000	0.0000000000	0.0000000000	1.0000000000
20	 46	 60	
0.9738626940	-0.1349670780	0.1826891910	0.1789949050
0.0845607655	0.9619298180	0.2598855560	-0.5017846410
-0.2108101740	-0.2376445100	0.9482004840	-2.6300587000
0.0000000000	0.0000000000	0.0000000000	1.0000000000
20	 47	 60	
0.6106427450	-0.6086286710	0.5066424560	-1.5572012900
0.4255715790	0.7917513490	0.4381993080	-0.7307397960
-0.6678355100	-0.0519705985	0.7424922820	-1.1029630900
0.0000000000	0.0000000000	0.0000000000	1.0000000000
20	 51	 60	
0.6688562670	-0.2827315850	0.6875275600	-1.9961324300
0.3724712850	0.9278450600	0.0192011956	-0.0107184218
-0.6433478350	0.2432414340	0.7259043800	-1.7415276300
0.0000000000	0.0000000000	0.0000000000	1.0000000000
20	 53	 60	
0.7540252930	-0.2028738460	0.6247303890	-0.2088987250
0.2117083270	0.9754129640	0.0612301676	0.2577156180
-0.6217921210	0.0860915305	0.7784361290	-0.5754832540
0.0000000000	0.0000000000	0.0000000000	1.0000000000
20	 54	 60	
0.8833142930	0.1410666460	-0.4470526380	0.6420390790
-0.1515738620	0.9883682930	0.0123887895	1.0550414400
0.4436002970	0.0568183000	0.8944218560	-1.3279763700
0.0000000000	0.0000000000	0.0000000000	1.0000000000
20	 55	 60	
0.9740095120	0.0243225229	-0.2251974370	0.0977394817
-0.0485075769	0.9935502870	-0.1024931370	0.4311491340
0.2212520860	0.1107530720	0.9689072560	-1.7768224000
0.0000000000	0.0000000000	0.0000000000	1.0000000000
20	 56	 60	
0.9256806620	-0.0341034903	-0.3767655290	0.4048304840
-0.1046600800	0.9339703710	-0.3416805730	0.4333034400
0.3635403410	0.3557194100	0.8609890370	-1.7808604300
0.0000000000	0.0000000000	0.0000000000	1.0000000000
20	 57	 60	
0.9108196250	-0.0536076346	-0.4093089690	0.2048958530
-0.2141740550	0.7862730660	-0.5795723760	1.5331490900
0.3528981220	0.6155492560	0.7046715750	-1.8831805800
0.0000000000	0.0000000000	0.0000000000	1.0000000000
20	 58	 60	
0.9896696610	0.0783453895	-0.1200664870	0.5460639890
-0.1026390330	0.9718997280	-0.2118399090	-0.3542469200
0.1000959060	0.2219750390	0.9699009700	-0.9529825820
0.0000000000	0.0000000000	0.0000000000	1.0000000000
20	 59	 60	
0.6720553800	0.4722612600	-0.5703602970	1.2521209200
-0.5234870060	0.8477698360	0.0851331911	-0.9743256640
0.5237393630	0.2413619850	0.8169709120	-0.8162694330
0.0000000000	0.0000000000	0.0000000000	1.0000000000
21	 22	 60	
0.9996199350	0.0245520067	-0.0125373345	-0.1379772770
-0.0240360014	0.9989197020	0.0397705852	-0.0279098059
0.0135002381	-0.0394541224	0.9991301800	0.0424718807
0.0000000000	0.0000000000	0.0000000000	1.0000000000
21	 24	 60	
0.5747320330	-0.6926894260	0.4357343780	-0.1240377910
0.5774786540	0.7205674750	0.3837980160	-0.6428976360
-0.5798288490	0.0310462884	0.8141465680	-0.5649542650
0.0000000000	0.0000000000	0.0000000000	1.0000000000
21	 25	 60	
0.1798424030	0.9042207940	0.3873518620	-0.3209944690
-0.6474504010	0.4052606600	-0.6454237180	0.2396992020
-0.7405840180	-0.1347165660	0.6583211670	0.1716901630
0.0000000000	0.0000000000	0.0000000000	1.0000000000
21	 27	 60	
0.9569491180	-0.2108515960	0.1994742860	-0.0278303980
0.2515330330	0.9453636250	-0.2074096200	1.5136018400
-0.1448430840	0.2486548250	0.9577010280	-2.2073641300
0.0000000000	0.0000000000	0.0000000000	1.0000000000
21	 28	 60	
-0.9036853780	-0.1382770210	0.4052557260	-0.9361515150
0.2359974140	0.6288690650	0.7408298860	-1.9845014600
-0.3572925390	0.7651164380	-0.5356667590	2.4767044700
0.0000000000	0.0000000000	0.0000000000	1.0000000000
21	 30	 60	
0.8959291190	0.0677574060	0.4389988020	-2.1611592800
