1	 2	 60	
 5.00000000e+03	  0.00000000e+00	  0.00000000e+00	  0.00000000e+00	  1.50635537e+04	  2.52069962e+02	
 0.00000000e+00	  5.00000000e+03	  0.00000000e+00	 -1.50635537e+04	  0.00000000e+00	  3.19562939e+03	
 0.00000000e+00	  0.00000000e+00	  5.00000000e+03	 -2.52069962e+02	 -3.19562939e+03	  0.00000000e+00	
 0.00000000e+00	 -1.50635537e+04	 -2.52069962e+02	  4.85548906e+04	  8.00895508e+02	 -9.58402246e+03	
 1.50635537e+04	  0.00000000e+00	 -3.19562939e+03	  8.00895508e+02	  4.93974297e+04	  1.29499048e+03	
 2.52069962e+02	  3.19562939e+03	  0.00000000e+00	 -9.58402246e+03	  1.29499048e+03	  4.62990820e+03	
2	 3	 60	
 5.00000000e+03	  0.00000000e+00	  0.00000000e+00	  0.00000000e+00	  1.01982949e+04	  3.15046570e+02	
 0.00000000e+00	  5.00000000e+03	  0.00000000e+00	 -1.01982949e+04	  0.00000000e+00	  2.12017163e+03	
 0.00000000e+00	  0.00000000e+00	  5.00000000e+03	 -3.15046570e+02	 -2.12017163e+03	  0.00000000e+00	
 0.00000000e+00	 -1.01982949e+04	 -3.15046570e+02	  2.37831465e+04	  6.02293457e+02	 -4.84410205e+03	
 1.01982949e+04	  0.00000000e+00	 -2.12017163e+03	  6.02293457e+02	  2.44217129e+04	  1.81365076e+03	
 3.15046570e+02	  2.12017163e+03	  0.00000000e+00	 -4.84410205e+03	  1.81365076e+03	  3.33963892e+03	
2	 5	 60	
 5.00000000e+03	  0.00000000e+00	  0.00000000e+00	  0.00000000e+00	  1.03780234e+04	  2.50637604e+02	
 0.00000000e+00	  5.00000000e+03	  0.00000000e+00	 -1.03780234e+04	  0.00000000e+00	  2.04362683e+03	
 0.00000000e+00	  0.00000000e+00	  5.00000000e+03	 -2.50637604e+02	 -2.04362683e+03	  0.00000000e+00	
 0.00000000e+00	 -1.03780234e+04	 -2.50637604e+02	  2.43819219e+04	  7.04714172e+02	 -4.68481250e+03	
 1.03780234e+04	  0.00000000e+00	 -2.04362683e+03	  7.04714172e+02	  2.51198047e+04	  1.55829053e+03	
 2.50637604e+02	  2.04362683e+03	  0.00000000e+00	 -4.68481250e+03	  1.55829053e+03	  3.19718018e+03	
2	 7	 60	
 5.00000000e+03	  0.00000000e+00	  0.00000000e+00	  0.00000000e+00	  1.15697549e+04	  8.42398010e+02	
 0.00000000e+00	  5.00000000e+03	  0.00000000e+00	 -1.15697549e+04	  0.00000000e+00	  2.31652612e+03	
 0.00000000e+00	  0.00000000e+00	  5.00000000e+03	 -8.42398010e+02	 -2.31652612e+03	  0.00000000e+00	
 0.00000000e+00	 -1.15697549e+04	 -8.42398010e+02	  2.92559668e+04	  5.32889221e+02	 -5.13477100e+03	
 1.15697549e+04	  0.00000000e+00	 -2.31652612e+03	  5.32889221e+02	  3.05567695e+04	  2.67967725e+03	
 8.42398010e+02	  2.31652612e+03	  0.00000000e+00	 -5.13477100e+03	  2.67967725e+03	  3.98091724e+03	
3	 4	 60	
 5.00000000e+03	  0.00000000e+00	  0.00000000e+00	  0.00000000e+00	  1.11528076e+04	  5.71314819e+02	
 0.00000000e+00	  5.00000000e+03	  0.00000000e+00	 -1.11528076e+04	  0.00000000e+00	  4.42676666e+02	
 0.00000000e+00	  0.00000000e+00	  5.00000000e+03	 -5.71314819e+02	 -4.42676666e+02	  0.00000000e+00	
 0.00000000e+00	 -1.11528076e+04	 -5.71314819e+02	  2.74623223e+04	  2.77885406e+02	 -5.75311829e+02	
 1.11528076e+04	  0.00000000e+00	 -4.42676666e+02	  2.77885406e+02	  2.84766523e+04	  2.03432068e+03	
 5.71314819e+02	  4.42676666e+02	  0.00000000e+00	 -5.75311829e+02	  2.03432068e+03	  2.95823975e+03	
3	 5	 60	
 5.00000000e+03	  0.00000000e+00	  0.00000000e+00	  0.00000000e+00	  1.15361855e+04	  7.70012512e+02	
 0.00000000e+00	  5.00000000e+03	  0.00000000e+00	 -1.15361855e+04	  0.00000000e+00	 -3.93450806e+02	
 0.00000000e+00	  0.00000000e+00	  5.00000000e+03	 -7.70012512e+02	  3.93450806e+02	  0.00000000e+00	
 0.00000000e+00	 -1.15361855e+04	 -7.70012512e+02	  2.93562598e+04	  2.38461838e+02	  1.20053052e+03	
 1.15361855e+04	  0.00000000e+00	  3.93450806e+02	  2.38461838e+02	  3.02702520e+04	  2.55956958e+03	
 7.70012512e+02	 -3.93450806e+02	  0.00000000e+00	  1.20053052e+03	  2.55956958e+03	  3.51585498e+03	
3	 6	 60	
 5.00000000e+03	  0.00000000e+00	  0.00000000e+00	  0.00000000e+00	  1.25064053e+04	  1.82683411e+03	
 0.00000000e+00	  5.00000000e+03	  0.00000000e+00	 -1.25064053e+04	  0.00000000e+00	  5.62456299e+02	
 0.00000000e+00	  0.00000000e+00	  5.00000000e+03	 -1.82683411e+03	 -5.62456299e+02	  0.00000000e+00	
 0.00000000e+00	 -1.25064053e+04	 -1.82683411e+03	  3.31688359e+04	  5.74711487e+02	 -1.21243066e+03	
 1.25064053e+04	  0.00000000e+00	 -5.62456299e+02	  5.74711487e+02	  3.42866875e+04	  4.82266895e+03	
 1.82683411e+03	  5.62456299e+02	  0.00000000e+00	 -1.21243066e+03	  4.82266895e+03	  3.92425244e+03	
3	 7	 60	
 5.00000000e+03	  0.00000000e+00	  0.00000000e+00	  0.00000000e+00	  1.14947676e+04	  5.83979675e+02	
 0.00000000e+00	  5.00000000e+03	  0.00000000e+00	 -1.14947676e+04	  0.00000000e+00	 -1.50167480e+03	
 0.00000000e+00	  0.00000000e+00	  5.00000000e+03	 -5.83979675e+02	  1.50167480e+03	  0.00000000e+00	
 0.00000000e+00	 -1.14947676e+04	 -5.83979675e+02	  2.90897676e+04	 -2.66920433e+01	  3.35896094e+03	
 1.14947676e+04	  0.00000000e+00	  1.50167480e+03	 -2.66920433e+01	  2.94797500e+04	  2.19330811e+03	
 5.83979675e+02	 -1.50167480e+03	  0.00000000e+00	  3.35896094e+03	  2.19330811e+03	  3.01312500e+03	
3	 38	 60	
 5.00000000e+03	  0.00000000e+00	  0.00000000e+00	  0.00000000e+00	  1.15123008e+04	  5.48004944e+02	
 0.00000000e+00	  5.00000000e+03	  0.00000000e+00	 -1.15123008e+04	  0.00000000e+00	 -4.33173401e+02	
 0.00000000e+00	  0.00000000e+00	  5.00000000e+03	 -5.48004944e+02	  4.33173401e+02	  0.00000000e+00	
 0.00000000e+00	 -1.15123008e+04	 -5.48004944e+02	  2.81965898e+04	 -2.78684845e+01	  1.52033777e+03	
 1.15123008e+04	  0.00000000e+00	  4.33173401e+02	 -2.78684845e+01	  3.00756992e+04	  1.69849854e+03	
 5.48004944e+02	 -4.33173401e+02	  0.00000000e+00	  1.52033777e+03	  1.69849854e+03	  3.60767969e+03	
3	 39	 60	
 5.00000000e+03	  0.00000000e+00	  0.00000000e+00	  0.00000000e+00	  1.08380391e+04	  4.57308289e+02	
 0.00000000e+00	  5.00000000e+03	  0.00000000e+00	 -1.08380391e+04	  0.00000000e+00	  1.37011914e+03	
 0.00000000e+00	  0.00000000e+00	  5.00000000e+03	 -4.57308289e+02	 -1.37011914e+03	  0.00000000e+00	
 0.00000000e+00	 -1.08380391e+04	 -4.57308289e+02	  2.57164004e+04	  4.87774353e+02	 -3.16509766e+03	
 1.08380391e+04	  0.00000000e+00	 -1.37011914e+03	  4.87774353e+02	  2.64216328e+04	  1.80265149e+03	
 4.57308289e+02	  1.37011914e+03	  0.00000000e+00	 -3.16509766e+03	  1.80265149e+03	  2.64848096e+03	
3	 40	 60	
 5.00000000e+03	  0.00000000e+00	  0.00000000e+00	  0.00000000e+00	  1.06383672e+04	 -1.17999191e+02	
 0.00000000e+00	  5.00000000e+03	  0.00000000e+00	 -1.06383672e+04	  0.00000000e+00	  1.04907617e+03	
 0.00000000e+00	  0.00000000e+00	  5.00000000e+03	  1.17999191e+02	 -1.04907617e+03	  0.00000000e+00	
 0.00000000e+00	 -1.06383672e+04	  1.17999191e+02	  2.43172012e+04	  2.30555191e+02	 -2.27448389e+03	
 1.06383672e+04	  0.00000000e+00	 -1.04907617e+03	  2.30555191e+02	  2.53027168e+04	  3.03429504e+02	
-1.17999191e+02	  1.04907617e+03	  0.00000000e+00	 -2.27448389e+03	  3.03429504e+02	  2.12407397e+03	
3	 41	 60	
 5.00000000e+03	  0.00000000e+00	  0.00000000e+00	  0.00000000e+00	  9.07173145e+03	 -7.61058533e+02	
 0.00000000e+00	  5.00000000e+03	  0.00000000e+00	 -9.07173145e+03	  0.00000000e+00	  1.38607898e+03	
 0.00000000e+00	  0.00000000e+00	  5.00000000e+03	  7.61058533e+02	 -1.38607898e+03	  0.00000000e+00	
 0.00000000e+00	 -9.07173145e+03	  7.61058533e+02	  1.78515332e+04	  1.79417114e+02	 -2.71903516e+03	
 9.07173145e+03	  0.00000000e+00	 -1.38607898e+03	  1.79417114e+02	  1.89852695e+04	 -1.08277234e+03	
-7.61058533e+02	  1.38607898e+03	  0.00000000e+00	 -2.71903516e+03	 -1.08277234e+03	  2.15004517e+03	
3	 45	 60	
 5.00000000e+03	  0.00000000e+00	  0.00000000e+00	  0.00000000e+00	  9.78325781e+03	 -2.98751190e+02	
 0.00000000e+00	  5.00000000e+03	  0.00000000e+00	 -9.78325781e+03	  0.00000000e+00	  2.20778711e+03	
 0.00000000e+00	  0.00000000e+00	  5.00000000e+03	  2.98751190e+02	 -2.20778711e+03	  0.00000000e+00	
 0.00000000e+00	 -9.78325781e+03	  2.98751190e+02	  2.08693281e+04	  1.32285721e+02	 -4.51310596e+03	
 9.78325781e+03	  0.00000000e+00	 -2.20778711e+03	  1.32285721e+02	  2.18066426e+04	 -2.46169243e+01	
-2.98751190e+02	  2.20778711e+03	  0.00000000e+00	 -4.51310596e+03	 -2.46169243e+01	  1.96847937e+03	
3	 46	 60	
 5.00000000e+03	  0.00000000e+00	  0.00000000e+00	  0.00000000e+00	  1.14148965e+04	  1.19903003e+03	
 0.00000000e+00	  5.00000000e+03	  0.00000000e+00	 -1.14148965e+04	  0.00000000e+00	  5.28627258e+02	
 0.00000000e+00	  0.00000000e+00	  5.00000000e+03	 -1.19903003e+03	 -5.28627258e+02	  0.00000000e+00	
 0.00000000e+00	 -1.14148965e+04	 -1.19903003e+03	  2.85228418e+04	 -2.90413265e+01	 -9.55644531e+02	
 1.14148965e+04	  0.00000000e+00	 -5.28627258e+02	 -2.90413265e+01	  2.93045703e+04	  3.54705591e+03	
 1.19903003e+03	  5.28627258e+02	  0.00000000e+00	 -9.55644531e+02	  3.54705591e+03	  3.51683252e+03	
3	 47	 60	
 5.00000000e+03	  0.00000000e+00	  0.00000000e+00	  0.00000000e+00	  9.37970215e+03	 -6.15122375e+02	
 0.00000000e+00	  5.00000000e+03	  0.00000000e+00	 -9.37970215e+03	  0.00000000e+00	  1.74225818e+03	
 0.00000000e+00	  0.00000000e+00	  5.00000000e+03	  6.15122375e+02	 -1.74225818e+03	  0.00000000e+00	
 0.00000000e+00	 -9.37970215e+03	  6.15122375e+02	  1.90099375e+04	  1.83454239e+02	 -3.43384351e+03	
 9.37970215e+03	  0.00000000e+00	 -1.74225818e+03	  1.83454239e+02	  2.02460781e+04	 -8.25573792e+02	
-6.15122375e+02	  1.74225818e+03	  0.00000000e+00	 -3.43384351e+03	 -8.25573792e+02	  2.24359351e+03	
4	 5	 60	
 5.00000000e+03	  0.00000000e+00	  0.00000000e+00	  0.00000000e+00	  1.26514287e+04	  1.72443616e+03	
 0.00000000e+00	  5.00000000e+03	  0.00000000e+00	 -1.26514287e+04	  0.00000000e+00	 -2.58797461e+03	
 0.00000000e+00	  0.00000000e+00	  5.00000000e+03	 -1.72443616e+03	  2.58797461e+03	  0.00000000e+00	
 0.00000000e+00	 -1.26514287e+04	 -1.72443616e+03	  3.50916172e+04	 -6.27250610e+02	  6.56118652e+03	
 1.26514287e+04	  0.00000000e+00	  2.58797461e+03	 -6.27250610e+02	  3.64087852e+04	  5.29527686e+03	
 1.72443616e+03	 -2.58797461e+03	  0.00000000e+00	  6.56118652e+03	  5.29527686e+03	  5.21655908e+03	
4	 6	 60	
 5.00000000e+03	  0.00000000e+00	  0.00000000e+00	  0.00000000e+00	  1.41384180e+04	  3.06294360e+03	
 0.00000000e+00	  5.00000000e+03	  0.00000000e+00	 -1.41384180e+04	  0.00000000e+00	 -1.85764014e+03	
 0.00000000e+00	  0.00000000e+00	  5.00000000e+03	 -3.06294360e+03	  1.85764014e+03	  0.00000000e+00	
 0.00000000e+00	 -1.41384180e+04	 -3.06294360e+03	  4.29394609e+04	 -7.47350647e+02	  4.96842432e+03	
 1.41384180e+04	  0.00000000e+00	  1.85764014e+03	 -7.47350647e+02	  4.29774648e+04	  8.95640332e+03	
 3.06294360e+03	 -1.85764014e+03	  0.00000000e+00	  4.96842432e+03	  8.95640332e+03	  5.15833105e+03	
4	 7	 60	
 5.00000000e+03	  0.00000000e+00	  0.00000000e+00	  0.00000000e+00	  1.25601797e+04	  1.73046521e+03	
 0.00000000e+00	  5.00000000e+03	  0.00000000e+00	 -1.25601797e+04	  0.00000000e+00	 -3.17179980e+03	
 0.00000000e+00	  0.00000000e+00	  5.00000000e+03	 -1.73046521e+03	  3.17179980e+03	  0.00000000e+00	
 0.00000000e+00	 -1.25601797e+04	 -1.73046521e+03	  3.44694727e+04	 -1.31527661e+03	  8.10369287e+03	
 1.25601797e+04	  0.00000000e+00	  3.17179980e+03	 -1.31527661e+03	  3.56878047e+04	  5.20788867e+03	
 1.73046521e+03	 -3.17179980e+03	  0.00000000e+00	  8.10369287e+03	  5.20788867e+03	  4.71503076e+03	
4	 38	 60	
 5.00000000e+03	  0.00000000e+00	  0.00000000e+00	  0.00000000e+00	  1.28365146e+04	  1.51567859e+03	
 0.00000000e+00	  5.00000000e+03	  0.00000000e+00	 -1.28365146e+04	  0.00000000e+00	 -1.43456714e+03	
 0.00000000e+00	  0.00000000e+00	  5.00000000e+03	 -1.51567859e+03	  1.43456714e+03	  0.00000000e+00	
 0.00000000e+00	 -1.28365146e+04	 -1.51567859e+03	  3.50895352e+04	 -1.87461197e+02	  3.48468335e+03	
 1.28365146e+04	  0.00000000e+00	  1.43456714e+03	 -1.87461197e+02	  3.63003672e+04	  4.47036475e+03	
 1.51567859e+03	 -1.43456714e+03	  0.00000000e+00	  3.48468335e+03	  4.47036475e+03	  3.82405151e+03	
4	 39	 60	
 5.00000000e+03	  0.00000000e+00	  0.00000000e+00	  0.00000000e+00	  1.24713887e+04	  1.52436377e+03	
 0.00000000e+00	  5.00000000e+03	  0.00000000e+00	 -1.24713887e+04	  0.00000000e+00	 -5.87965942e+02	
 0.00000000e+00	  0.00000000e+00	  5.00000000e+03	 -1.52436377e+03	  5.87965942e+02	  0.00000000e+00	
 0.00000000e+00	 -1.24713887e+04	 -1.52436377e+03	  3.41384258e+04	  1.86739197e+02	  1.17203503e+03	
 1.24713887e+04	  0.00000000e+00	  5.87965942e+02	  1.86739197e+02	  3.38104297e+04	  4.85315332e+03	
 1.52436377e+03	 -5.87965942e+02	  0.00000000e+00	  1.17203503e+03	  4.85315332e+03	  2.93748047e+03	
4	 40	 60	
 5.00000000e+03	  0.00000000e+00	  0.00000000e+00	  0.00000000e+00	  1.21386055e+04	  9.27217102e+02	
 0.00000000e+00	  5.00000000e+03	  0.00000000e+00	 -1.21386055e+04	  0.00000000e+00	 -9.10181213e+02	
 0.00000000e+00	  0.00000000e+00	  5.00000000e+03	 -9.27217102e+02	  9.10181213e+02	  0.00000000e+00	
 0.00000000e+00	 -1.21386055e+04	 -9.27217102e+02	  3.15850859e+04	  1.79177109e+02	  2.03921118e+03	
 1.21386055e+04	  0.00000000e+00	  9.10181213e+02	  1.79177109e+02	  3.23787246e+04	  2.99971045e+03	
 9.27217102e+02	 -9.10181213e+02	  0.00000000e+00	  2.03921118e+03	  2.99971045e+03	  2.74775562e+03	
4	 41	 60	
 5.00000000e+03	  0.00000000e+00	  0.00000000e+00	  0.00000000e+00	  1.09398193e+04	  1.07455582e+02	
 0.00000000e+00	  5.00000000e+03	  0.00000000e+00	 -1.09398193e+04	  0.00000000e+00	 -5.87201538e+02	
 0.00000000e+00	  0.00000000e+00	  5.00000000e+03	 -1.07455582e+02	  5.87201538e+02	  0.00000000e+00	
 0.00000000e+00	 -1.09398193e+04	 -1.07455582e+02	  2.57875508e+04	  5.16525513e+02	  8.32283936e+02	
 1.09398193e+04	  0.00000000e+00	  5.87201538e+02	  5.16525513e+02	  2.63218711e+04	  9.42351624e+02	
 1.07455582e+02	 -5.87201538e+02	  0.00000000e+00	  8.32283936e+02	  9.42351624e+02	  2.01488489e+03	
4	 46	 60	
 5.00000000e+03	  0.00000000e+00	  0.00000000e+00	  0.00000000e+00	  1.27712041e+04	  1.92910962e+03	
 0.00000000e+00	  5.00000000e+03	  0.00000000e+00	 -1.27712041e+04	  0.00000000e+00	 -8.42376099e+02	
 0.00000000e+00	  0.00000000e+00	  5.00000000e+03	 -1.92910962e+03	  8.42376099e+02	  0.00000000e+00	
 0.00000000e+00	 -1.27712041e+04	 -1.92910962e+03	  3.54694570e+04	 -3.08845184e+02	  2.06817798e+03	
 1.27712041e+04	  0.00000000e+00	  8.42376099e+02	 -3.08845184e+02	  3.54200508e+04	  5.71941553e+03	
 1.92910962e+03	 -8.42376099e+02	  0.00000000e+00	  2.06817798e+03	  5.71941553e+03	  3.56499731e+03	
4	 47	 60	
 5.00000000e+03	  0.00000000e+00	  0.00000000e+00	  0.00000000e+00	  1.09777051e+04	  1.25830894e+02	
 0.00000000e+00	  5.00000000e+03	  0.00000000e+00	 -1.09777051e+04	  0.00000000e+00	 -2.95208710e+02	
 0.00000000e+00	  0.00000000e+00	  5.00000000e+03	 -1.25830894e+02	  2.95208710e+02	  0.00000000e+00	
 0.00000000e+00	 -1.09777051e+04	 -1.25830894e+02	  2.58464805e+04	  4.76967499e+02	  3.04752869e+02	
 1.09777051e+04	  0.00000000e+00	  2.95208710e+02	  4.76967499e+02	  2.63694375e+04	  9.46852051e+02	
 1.25830894e+02	 -2.95208710e+02	  0.00000000e+00	  3.04752869e+02	  9.46852051e+02	  1.91187720e+03	
5	 6	 60	
 5.00000000e+03	  0.00000000e+00	  0.00000000e+00	  0.00000000e+00	  1.39369727e+04	  2.66578101e+03	
 0.00000000e+00	  5.00000000e+03	  0.00000000e+00	 -1.39369727e+04	  0.00000000e+00	 -4.41061981e+02	
 0.00000000e+00	  0.00000000e+00	  5.00000000e+03	 -2.66578101e+03	  4.41061981e+02	  0.00000000e+00	
 0.00000000e+00	 -1.39369727e+04	 -2.66578101e+03	  4.16330781e+04	  1.65746918e+02	  8.01564331e+02	
 1.39369727e+04	  0.00000000e+00	  4.41061981e+02	  1.65746918e+02	  4.17996875e+04	  7.70618213e+03	
 2.66578101e+03	 -4.41061981e+02	  0.00000000e+00	  8.01564331e+02	  7.70618213e+03	  4.74816943e+03	
5	 7	 60	
 5.00000000e+03	  0.00000000e+00	  0.00000000e+00	  0.00000000e+00	  1.24353428e+04	  1.29580127e+03	
 0.00000000e+00	  5.00000000e+03	  0.00000000e+00	 -1.24353428e+04	  0.00000000e+00	 -1.73848962e+03	
 0.00000000e+00	  0.00000000e+00	  5.00000000e+03	 -1.29580127e+03	  1.73848962e+03	  0.00000000e+00	
 0.00000000e+00	 -1.24353428e+04	 -1.29580127e+03	  3.39993516e+04	 -3.60311493e+02	  4.15453174e+03	
 1.24353428e+04	  0.00000000e+00	  1.73848962e+03	 -3.60311493e+02	  3.39397109e+04	  4.14602295e+03	
 1.29580127e+03	 -1.73848962e+03	  0.00000000e+00	  4.15453174e+03	  4.14602295e+03	  3.51858545e+03	
5	 38	 60	
 5.00000000e+03	  0.00000000e+00	  0.00000000e+00	  0.00000000e+00	  1.23649473e+04	  7.06854492e+02	
 0.00000000e+00	  5.00000000e+03	  0.00000000e+00	 -1.23649473e+04	  0.00000000e+00	 -9.76994995e+02	
 0.00000000e+00	  0.00000000e+00	  5.00000000e+03	 -7.06854492e+02	  9.76994995e+02	  0.00000000e+00	
 0.00000000e+00	 -1.23649473e+04	 -7.06854492e+02	  3.25533164e+04	 -1.45289249e+01	  2.12899805e+03	
 1.23649473e+04	  0.00000000e+00	  9.76994995e+02	 -1.45289249e+01	  3.46106445e+04	  2.35426392e+03	
 7.06854492e+02	 -9.76994995e+02	  0.00000000e+00	  2.12899805e+03	  2.35426392e+03	  4.06610693e+03	
5	 39	 60	
 5.00000000e+03	  0.00000000e+00	  0.00000000e+00	  0.00000000e+00	  1.20763350e+04	  7.49546570e+02	
 0.00000000e+00	  5.00000000e+03	  0.00000000e+00	 -1.20763350e+04	  0.00000000e+00	  7.37023132e+02	
 0.00000000e+00	  0.00000000e+00	  5.00000000e+03	 -7.49546570e+02	 -7.37023132e+02	  0.00000000e+00	
 0.00000000e+00	 -1.20763350e+04	 -7.49546570e+02	  3.18612793e+04	  4.13931396e+02	 -2.14000220e+03	
 1.20763350e+04	  0.00000000e+00	 -7.37023132e+02	  4.13931396e+02	  3.17453574e+04	  2.78719287e+03	
 7.49546570e+02	  7.37023132e+02	  0.00000000e+00	 -2.14000220e+03	  2.78719287e+03	  2.41971143e+03	
5	 40	 60	
 5.00000000e+03	  0.00000000e+00	  0.00000000e+00	  0.00000000e+00	  1.16789697e+04	 -1.15833298e+02	
 0.00000000e+00	  5.00000000e+03	  0.00000000e+00	 -1.16789697e+04	  0.00000000e+00	  1.83804291e+02	
 0.00000000e+00	  0.00000000e+00	  5.00000000e+03	  1.15833298e+02	 -1.83804291e+02	  0.00000000e+00	
 0.00000000e+00	 -1.16789697e+04	  1.15833298e+02	  2.89975352e+04	  1.89721695e+02	 -6.71490967e+02	
 1.16789697e+04	  0.00000000e+00	 -1.83804291e+02	  1.89721695e+02	  2.96644688e+04	  3.61394745e+02	
-1.15833298e+02	  1.83804291e+02	  0.00000000e+00	 -6.71490967e+02	  3.61394745e+02	  1.69441052e+03	
5	 45	 60	
 5.00000000e+03	  0.00000000e+00	  0.00000000e+00	  0.00000000e+00	  1.23234355e+04	  9.68414429e+02	
 0.00000000e+00	  5.00000000e+03	  0.00000000e+00	 -1.23234355e+04	  0.00000000e+00	  2.02918872e+03	
 0.00000000e+00	  0.00000000e+00	  5.00000000e+03	 -9.68414429e+02	 -2.02918872e+03	  0.00000000e+00	
 0.00000000e+00	 -1.23234355e+04	 -9.68414429e+02	  3.31484805e+04	  7.67406006e+02	 -5.26214746e+03	
 1.23234355e+04	  0.00000000e+00	 -2.02918872e+03	  7.67406006e+02	  3.28841992e+04	  3.39540894e+03	
 9.68414429e+02	  2.02918872e+03	  0.00000000e+00	 -5.26214746e+03	  3.39540894e+03	  2.68809863e+03	
5	 46	 60	
 5.00000000e+03	  0.00000000e+00	  0.00000000e+00	  0.00000000e+00	  1.28573584e+04	  1.89842090e+03	
 0.00000000e+00	  5.00000000e+03	  0.00000000e+00	 -1.28573584e+04	  0.00000000e+00	  1.63747070e+02	
 0.00000000e+00	  0.00000000e+00	  5.00000000e+03	 -1.89842090e+03	 -1.63747070e+02	  0.00000000e+00	
 0.00000000e+00	 -1.28573584e+04	 -1.89842090e+03	  3.61101523e+04	  4.63976059e+01	 -7.68570312e+02	
 1.28573584e+04	  0.00000000e+00	 -1.63747070e+02	  4.63976059e+01	  3.60388047e+04	  5.64077393e+03	
 1.89842090e+03	  1.63747070e+02	  0.00000000e+00	 -7.68570312e+02	  5.64077393e+03	  4.04378711e+03	
6	 7	 60	
 5.00000000e+03	  0.00000000e+00	  0.00000000e+00	  0.00000000e+00	  1.31858545e+04	 -1.01435657e+03	
 0.00000000e+00	  5.00000000e+03	  0.00000000e+00	 -1.31858545e+04	  0.00000000e+00	 -1.68973047e+03	
 0.00000000e+00	  0.00000000e+00	  5.00000000e+03	  1.01435657e+03	  1.68973047e+03	  0.00000000e+00	
 0.00000000e+00	 -1.31858545e+04	  1.01435657e+03	  3.62429453e+04	  6.73817368e+01	  3.96645850e+03	
 1.31858545e+04	  0.00000000e+00	  1.68973047e+03	  6.73817368e+01	  3.74322344e+04	 -2.57572144e+03	
-1.01435657e+03	 -1.68973047e+03	  0.00000000e+00	  3.96645850e+03	 -2.57572144e+03	  3.20833667e+03	
6	 46	 60	
 5.00000000e+03	  0.00000000e+00	  0.00000000e+00	  0.00000000e+00	  1.31423916e+04	 -1.12182886e+03	
 0.00000000e+00	  5.00000000e+03	  0.00000000e+00	 -1.31423916e+04	  0.00000000e+00	  1.90320471e+03	
 0.00000000e+00	  0.00000000e+00	  5.00000000e+03	  1.12182886e+03	 -1.90320471e+03	  0.00000000e+00	
 0.00000000e+00	 -1.31423916e+04	  1.12182886e+03	  3.65222500e+04	  3.42532463e+01	 -5.31981104e+03	
 1.31423916e+04	  0.00000000e+00	 -1.90320471e+03	  3.42532463e+01	  3.75115859e+04	 -2.37640918e+03	
-1.12182886e+03	  1.90320471e+03	  0.00000000e+00	 -5.31981104e+03	 -2.37640918e+03	  3.58428198e+03	
7	 38	 60	
 5.00000000e+03	  0.00000000e+00	  0.00000000e+00	  0.00000000e+00	  1.15629316e+04	 -1.33556726e+03	
 0.00000000e+00	  5.00000000e+03	  0.00000000e+00	 -1.15629316e+04	  0.00000000e+00	 -5.30150513e+02	
 0.00000000e+00	  0.00000000e+00	  5.00000000e+03	  1.33556726e+03	  5.30150513e+02	  0.00000000e+00	
 0.00000000e+00	 -1.15629316e+04	  1.33556726e+03	  2.86203770e+04	  5.72462646e+02	  1.09175891e+03	
 1.15629316e+04	  0.00000000e+00	  5.30150513e+02	  5.72462646e+02	  2.98091348e+04	 -2.58172803e+03	
-1.33556726e+03	 -5.30150513e+02	  0.00000000e+00	  1.09175891e+03	 -2.58172803e+03	  3.71406885e+03	
7	 46	 60	
 5.00000000e+03	  0.00000000e+00	  0.00000000e+00	  0.00000000e+00	  1.23910400e+04	  7.06250977e+02	
 0.00000000e+00	  5.00000000e+03	  0.00000000e+00	 -1.23910400e+04	  0.00000000e+00	  2.89480713e+03	
 0.00000000e+00	  0.00000000e+00	  5.00000000e+03	 -7.06250977e+02	 -2.89480713e+03	  0.00000000e+00	
 0.00000000e+00	 -1.23910400e+04	 -7.06250977e+02	  3.32411953e+04	  8.29233032e+02	 -7.57738135e+03	
 1.23910400e+04	  0.00000000e+00	 -2.89480713e+03	  8.29233032e+02	  3.43123438e+04	  2.64609863e+03	
 7.06250977e+02	  2.89480713e+03	  0.00000000e+00	 -7.57738135e+03	  2.64609863e+03	  3.80337158e+03	
8	 9	 60	
 5.00000000e+03	  0.00000000e+00	  0.00000000e+00	  0.00000000e+00	  1.10194170e+04	  1.20782739e+03	
 0.00000000e+00	  5.00000000e+03	  0.00000000e+00	 -1.10194170e+04	  0.00000000e+00	 -5.39563721e+03	
 0.00000000e+00	  0.00000000e+00	  5.00000000e+03	 -1.20782739e+03	  5.39563721e+03	  0.00000000e+00	
 0.00000000e+00	 -1.10194170e+04	 -1.20782739e+03	  2.55787070e+04	 -9.63188171e+02	  1.20344609e+04	
 1.10194170e+04	  0.00000000e+00	  5.39563721e+03	 -9.63188171e+02	  3.08028848e+04	  2.60773535e+03	
 1.20782739e+03	 -5.39563721e+03	  0.00000000e+00	  1.20344609e+04	  2.60773535e+03	  7.51797021e+03	
8	 35	 60	
 5.00000000e+03	  0.00000000e+00	  0.00000000e+00	  0.00000000e+00	  1.12370908e+04	  5.98976685e+02	
 0.00000000e+00	  5.00000000e+03	  0.00000000e+00	 -1.12370908e+04	  0.00000000e+00	 -5.74489453e+03	
 0.00000000e+00	  0.00000000e+00	  5.00000000e+03	 -5.98976685e+02	  5.74489453e+03	  0.00000000e+00	
 0.00000000e+00	 -1.12370908e+04	 -5.98976685e+02	  2.62665820e+04	 -5.72722107e+02	  1.29348018e+04	
 1.12370908e+04	  0.00000000e+00	  5.74489453e+03	 -5.72722107e+02	  3.22081387e+04	  1.33882593e+03	
 5.98976685e+02	 -5.74489453e+03	  0.00000000e+00	  1.29348018e+04	  1.33882593e+03	  7.68442432e+03	
8	 36	 60	
 5.00000000e+03	  0.00000000e+00	  0.00000000e+00	  0.00000000e+00	  1.13097422e+04	  8.95530884e+02	
 0.00000000e+00	  5.00000000e+03	  0.00000000e+00	 -1.13097422e+04	  0.00000000e+00	 -5.19777100e+03	
 0.00000000e+00	  0.00000000e+00	  5.00000000e+03	 -8.95530884e+02	  5.19777100e+03	  0.00000000e+00	
 0.00000000e+00	 -1.13097422e+04	 -8.95530884e+02	  2.66471094e+04	 -7.61158447e+02	  1.18646152e+04	
 1.13097422e+04	  0.00000000e+00	  5.19777100e+03	 -7.61158447e+02	  3.14705156e+04	  1.87020605e+03	
 8.95530884e+02	 -5.19777100e+03	  0.00000000e+00	  1.18646152e+04	  1.87020605e+03	  6.74698291e+03	
8	 37	 60	
 5.00000000e+03	  0.00000000e+00	  0.00000000e+00	  0.00000000e+00	  1.08369248e+04	  5.33471802e+02	
 0.00000000e+00	  5.00000000e+03	  0.00000000e+00	 -1.08369248e+04	  0.00000000e+00	 -2.67087964e+03	
 0.00000000e+00	  0.00000000e+00	  5.00000000e+03	 -5.33471802e+02	  2.67087964e+03	  0.00000000e+00	
 0.00000000e+00	 -1.08369248e+04	 -5.33471802e+02	  2.44155938e+04	 -6.34296997e+02	  6.21342627e+03	
 1.08369248e+04	  0.00000000e+00	  2.67087964e+03	 -6.34296997e+02	  2.69184961e+04	  1.13078674e+03	
 5.33471802e+02	 -2.67087964e+03	  0.00000000e+00	  6.21342627e+03	  1.13078674e+03	  4.03008325e+03	
8	 38	 60	
 5.00000000e+03	  0.00000000e+00	  0.00000000e+00	  0.00000000e+00	  9.30682617e+03	 -7.23392517e+02	
 0.00000000e+00	  5.00000000e+03	  0.00000000e+00	 -9.30682617e+03	  0.00000000e+00	  1.64686536e+03	
 0.00000000e+00	  0.00000000e+00	  5.00000000e+03	  7.23392517e+02	 -1.64686536e+03	  0.00000000e+00	
 0.00000000e+00	 -9.30682617e+03	  7.23392517e+02	  1.83407969e+04	  7.34371643e+01	 -2.95023389e+03	
 9.30682617e+03	  0.00000000e+00	 -1.64686536e+03	  7.34371643e+01	  1.84140410e+04	 -1.38769678e+03	
-7.23392517e+02	  1.64686536e+03	  0.00000000e+00	 -2.95023389e+03	 -1.38769678e+03	  1.58507727e+03	
9	 10	 60	
 5.00000000e+03	  0.00000000e+00	  0.00000000e+00	  0.00000000e+00	  9.88971582e+03	  1.16835730e+03	
 0.00000000e+00	  5.00000000e+03	  0.00000000e+00	 -9.88971582e+03	  0.00000000e+00	 -3.82297827e+03	
 0.00000000e+00	  0.00000000e+00	  5.00000000e+03	 -1.16835730e+03	  3.82297827e+03	  0.00000000e+00	
 0.00000000e+00	 -9.88971582e+03	 -1.16835730e+03	  2.08138867e+04	 -9.13208984e+02	  7.85506641e+03	
 9.88971582e+03	  0.00000000e+00	  3.82297827e+03	 -9.13208984e+02	  2.42849082e+04	  2.13300220e+03	
 1.16835730e+03	 -3.82297827e+03	  0.00000000e+00	  7.85506641e+03	  2.13300220e+03	  5.14252344e+03	
9	 11	 60	
 5.00000000e+03	  0.00000000e+00	  0.00000000e+00	  0.00000000e+00	  9.56596289e+03	  2.42017334e+03	
 0.00000000e+00	  5.00000000e+03	  0.00000000e+00	 -9.56596289e+03	  0.00000000e+00	 -3.74440771e+03	
 0.00000000e+00	  0.00000000e+00	  5.00000000e+03	 -2.42017334e+03	  3.74440771e+03	  0.00000000e+00	
 0.00000000e+00	 -9.56596289e+03	 -2.42017334e+03	  2.00285059e+04	 -1.81339575e+03	  7.55642578e+03	
 9.56596289e+03	  0.00000000e+00	  3.74440771e+03	 -1.81339575e+03	  2.29998438e+04	  4.63092236e+03	
 2.42017334e+03	 -3.74440771e+03	  0.00000000e+00	  7.55642578e+03	  4.63092236e+03	  5.69111865e+03	
9	 32	 60	
 5.00000000e+03	  0.00000000e+00	  0.00000000e+00	  0.00000000e+00	  9.57400293e+03	  3.53267151e+02	
 0.00000000e+00	  5.00000000e+03	  0.00000000e+00	 -9.57400293e+03	  0.00000000e+00	 -1.03425110e+03	
 0.00000000e+00	  0.00000000e+00	  5.00000000e+03	 -3.53267151e+02	  1.03425110e+03	  0.00000000e+00	
 0.00000000e+00	 -9.57400293e+03	 -3.53267151e+02	  1.91703125e+04	  6.28347683e+00	  2.24578271e+03	
 9.57400293e+03	  0.00000000e+00	  1.03425110e+03	  6.28347683e+00	  1.91232168e+04	  4.50684235e+02	
 3.53267151e+02	 -1.03425110e+03	  0.00000000e+00	  2.24578271e+03	  4.50684235e+02	  9.57691223e+02	
9	 33	 60	
 5.00000000e+03	  0.00000000e+00	  0.00000000e+00	  0.00000000e+00	  9.79957422e+03	  7.67934189e+01	
 0.00000000e+00	  5.00000000e+03	  0.00000000e+00	 -9.79957422e+03	  0.00000000e+00	 -2.59877783e+03	
 0.00000000e+00	  0.00000000e+00	  5.00000000e+03	 -7.67934189e+01	  2.59877783e+03	  0.00000000e+00	
 0.00000000e+00	 -9.79957422e+03	 -7.67934189e+01	  2.03453242e+04	  2.96173065e+02	  5.09828076e+03	
 9.79957422e+03	  0.00000000e+00	  2.59877783e+03	  2.96173065e+02	  2.11321523e+04	  1.34383041e+02	
 7.67934189e+01	 -2.59877783e+03	  0.00000000e+00	  5.09828076e+03	  1.34383041e+02	  2.70763428e+03	
9	 35	 60	
 5.00000000e+03	  0.00000000e+00	  0.00000000e+00	  0.00000000e+00	  9.43707715e+03	 -2.48200684e+02	
 0.00000000e+00	  5.00000000e+03	  0.00000000e+00	 -9.43707715e+03	  0.00000000e+00	 -1.89911145e+03	
 0.00000000e+00	  0.00000000e+00	  5.00000000e+03	  2.48200684e+02	  1.89911145e+03	  0.00000000e+00	
 0.00000000e+00	 -9.43707715e+03	  2.48200684e+02	  1.90311680e+04	  3.03809418e+02	  3.81017993e+03	
 9.43707715e+03	  0.00000000e+00	  1.89911145e+03	  3.03809418e+02	  1.94012754e+04	 -4.89832336e+02	
-2.48200684e+02	 -1.89911145e+03	  0.00000000e+00	  3.81017993e+03	 -4.89832336e+02	  2.19793286e+03	
9	 36	 60	
 5.00000000e+03	  0.00000000e+00	  0.00000000e+00	  0.00000000e+00	  8.92842773e+03	  4.13412781e+02	
 0.00000000e+00	  5.00000000e+03	  0.00000000e+00	 -8.92842773e+03	  0.00000000e+00	 -6.31255188e+02	
 0.00000000e+00	  0.00000000e+00	  5.00000000e+03	 -4.13412781e+02	  6.31255188e+02	  0.00000000e+00	
 0.00000000e+00	 -8.92842773e+03	 -4.13412781e+02	  1.73023555e+04	 -1.97697266e+02	  1.67875439e+03	
 8.92842773e+03	  0.00000000e+00	  6.31255188e+02	 -1.97697266e+02	  1.72157598e+04	  7.63251892e+02	
 4.13412781e+02	 -6.31255188e+02	  0.00000000e+00	  1.67875439e+03	  7.63251892e+02	  1.56172705e+03	
9	 37	 60	
 5.00000000e+03	  0.00000000e+00	  0.00000000e+00	  0.00000000e+00	  8.48952539e+03	  1.00867249e+02	
 0.00000000e+00	  5.00000000e+03	  0.00000000e+00	 -8.48952539e+03	  0.00000000e+00	  7.74718702e-01	
 0.00000000e+00	  0.00000000e+00	  5.00000000e+03	 -1.00867249e+02	 -7.74718702e-01	  0.00000000e+00	
 0.00000000e+00	 -8.48952539e+03	 -1.00867249e+02	  1.52700488e+04	  7.41013031e+01	  3.23413788e+02	
 8.48952539e+03	  0.00000000e+00	 -7.74718702e-01	  7.41013031e+01	  1.51066787e+04	  1.44595766e+01	
 1.00867249e+02	  7.74718702e-01	  0.00000000e+00	  3.23413788e+02	  1.44595766e+01	  8.35807434e+02	
10	 11	 60	
 5.00000000e+03	  0.00000000e+00	  0.00000000e+00	  0.00000000e+00	  9.12286133e+03	  2.08852637e+03	
 0.00000000e+00	  5.00000000e+03	  0.00000000e+00	 -9.12286133e+03	  0.00000000e+00	 -6.77295959e+02	
 0.00000000e+00	  0.00000000e+00	  5.00000000e+03	 -2.08852637e+03	  6.77295959e+02	  0.00000000e+00	
 0.00000000e+00	 -9.12286133e+03	 -2.08852637e+03	  1.90737422e+04	 -2.44781433e+02	  1.71579993e+03	
 9.12286133e+03	  0.00000000e+00	  6.77295959e+02	 -2.44781433e+02	  1.87504629e+04	  3.71724902e+03	
 2.08852637e+03	 -6.77295959e+02	  0.00000000e+00	  1.71579993e+03	  3.71724902e+03	  2.73852344e+03	
10	 12	 60	
 5.00000000e+03	  0.00000000e+00	  0.00000000e+00	  0.00000000e+00	  1.03353506e+04	  2.36653320e+03	
 0.00000000e+00	  5.00000000e+03	  0.00000000e+00	 -1.03353506e+04	  0.00000000e+00	 -1.17052808e+03	
 0.00000000e+00	  0.00000000e+00	  5.00000000e+03	 -2.36653320e+03	  1.17052808e+03	  0.00000000e+00	
 0.00000000e+00	 -1.03353506e+04	 -2.36653320e+03	  2.33497441e+04	 -4.22057953e+02	  2.38040894e+03	
 1.03353506e+04	  0.00000000e+00	  1.17052808e+03	 -4.22057953e+02	  2.26398730e+04	  4.73333301e+03	
 2.36653320e+03	 -1.17052808e+03	  0.00000000e+00	  2.38040894e+03	  4.73333301e+03	  2.75409448e+03	
10	 32	 60	
 5.00000000e+03	  0.00000000e+00	  0.00000000e+00	  0.00000000e+00	  7.90535498e+03	  3.99287415e+02	
 0.00000000e+00	  5.00000000e+03	  0.00000000e+00	 -7.90535498e+03	  0.00000000e+00	  1.08971289e+03	
 0.00000000e+00	  0.00000000e+00	  5.00000000e+03	 -3.99287415e+02	 -1.08971289e+03	  0.00000000e+00	
 0.00000000e+00	 -7.90535498e+03	 -3.99287415e+02	  1.45002539e+04	  7.97712326e+01	 -1.57703931e+03	
 7.90535498e+03	  0.00000000e+00	 -1.08971289e+03	  7.97712326e+01	  1.38120176e+04	  1.64608566e+02	
 3.99287415e+02	  1.08971289e+03	  0.00000000e+00	 -1.57703931e+03	  1.64608566e+02	  1.99119800e+03	
10	 33	 60	
 5.00000000e+03	  0.00000000e+00	  0.00000000e+00	  0.00000000e+00	  8.27454492e+03	  1.01966528e+03	
 0.00000000e+00	  5.00000000e+03	  0.00000000e+00	 -8.27454492e+03	  0.00000000e+00	  9.50547119e+02	
 0.00000000e+00	  0.00000000e+00	  5.00000000e+03	 -1.01966528e+03	 -9.50547119e+02	  0.00000000e+00	
 0.00000000e+00	 -8.27454492e+03	 -1.01966528e+03	  1.57547393e+04	  6.52048340e+02	 -1.43214819e+03	
 8.27454492e+03	  0.00000000e+00	 -9.50547119e+02	  6.52048340e+02	  1.45602480e+04	  1.40776868e+03	
 1.01966528e+03	  9.50547119e+02	  0.00000000e+00	 -1.43214819e+03	  1.40776868e+03	  2.36401367e+03	
10	 35	 60	
 5.00000000e+03	  0.00000000e+00	  0.00000000e+00	  0.00000000e+00	  7.87409619e+03	 -6.31027466e+02	
 0.00000000e+00	  5.00000000e+03	  0.00000000e+00	 -7.87409619e+03	  0.00000000e+00	  7.36159912e+02	
 0.00000000e+00	  0.00000000e+00	  5.00000000e+03	  6.31027466e+02	 -7.36159912e+02	  0.00000000e+00	
 0.00000000e+00	 -7.87409619e+03	  6.31027466e+02	  1.37946006e+04	  1.88497498e+02	 -8.69550964e+02	
 7.87409619e+03	  0.00000000e+00	 -7.36159912e+02	  1.88497498e+02	  1.37780996e+04	 -1.19943347e+03	
-6.31027466e+02	  7.36159912e+02	  0.00000000e+00	 -8.69550964e+02	 -1.19943347e+03	  1.47466028e+03	
10	 36	 60	
 5.00000000e+03	  0.00000000e+00	  0.00000000e+00	  0.00000000e+00	  8.22465625e+03	 -2.99479858e+02	
 0.00000000e+00	  5.00000000e+03	  0.00000000e+00	 -8.22465625e+03	  0.00000000e+00	  1.26031897e+03	
 0.00000000e+00	  0.00000000e+00	  5.00000000e+03	  2.99479858e+02	 -1.26031897e+03	  0.00000000e+00	
 0.00000000e+00	 -8.22465625e+03	  2.99479858e+02	  1.53635361e+04	  6.72825623e+01	 -1.73638123e+03	
 8.22465625e+03	  0.00000000e+00	 -1.26031897e+03	  6.72825623e+01	  1.51201709e+04	 -8.42988464e+02	
-2.99479858e+02	  1.26031897e+03	  0.00000000e+00	 -1.73638123e+03	 -8.42988464e+02	  1.13632080e+03	
11	 12	 60	
 5.00000000e+03	  0.00000000e+00	  0.00000000e+00	  0.00000000e+00	  1.08337295e+04	 -8.99576904e+02	
 0.00000000e+00	  5.00000000e+03	  0.00000000e+00	 -1.08337295e+04	  0.00000000e+00	 -1.35899036e+03	
 0.00000000e+00	  0.00000000e+00	  5.00000000e+03	  8.99576904e+02	  1.35899036e+03	  0.00000000e+00	
 0.00000000e+00	 -1.08337295e+04	  8.99576904e+02	  2.46402773e+04	  3.76126190e+02	  2.88935034e+03	
 1.08337295e+04	  0.00000000e+00	  1.35899036e+03	  3.76126190e+02	  2.47242598e+04	 -1.77050757e+03	
-8.99576904e+02	 -1.35899036e+03	  0.00000000e+00	  2.88935034e+03	 -1.77050757e+03	  1.94975488e+03	
11	 32	 60	
 4.41900000e+03	  0.00000000e+00	  0.00000000e+00	  0.00000000e+00	  6.74957568e+03	  1.55875977e+02	
 0.00000000e+00	  4.41900000e+03	  0.00000000e+00	 -6.74957568e+03	  0.00000000e+00	  8.97638977e+02	
 0.00000000e+00	  0.00000000e+00	  4.41900000e+03	 -1.55875977e+02	 -8.97638977e+02	  0.00000000e+00	
 0.00000000e+00	 -6.74957568e+03	 -1.55875977e+02	  1.15105381e+04	  1.02124939e+02	 -1.24435193e+03	
 6.74957568e+03	  0.00000000e+00	 -8.97638977e+02	  1.02124939e+02	  1.15876104e+04	  4.55187225e+02	
 1.55875977e+02	  8.97638977e+02	  0.00000000e+00	 -1.24435193e+03	  4.55187225e+02	  1.52915100e+03	
11	 33	 60	
 4.59000000e+03	  0.00000000e+00	  0.00000000e+00	  0.00000000e+00	  7.79253613e+03	 -7.20360107e+01	
 0.00000000e+00	  4.59000000e+03	  0.00000000e+00	 -7.79253613e+03	  0.00000000e+00	  1.31337354e+03	
 0.00000000e+00	  0.00000000e+00	  4.59000000e+03	  7.20360107e+01	 -1.31337354e+03	  0.00000000e+00	
 0.00000000e+00	 -7.79253613e+03	  7.20360107e+01	  1.40780547e+04	  1.89103031e+01	 -2.19649707e+03	
 7.79253613e+03	  0.00000000e+00	 -1.31337354e+03	  1.89103031e+01	  1.38279297e+04	 -5.77456627e+01	
-7.20360107e+01	  1.31337354e+03	  0.00000000e+00	 -2.19649707e+03	 -5.77456627e+01	  1.02022131e+03	
13	 14	 60	
 5.00000000e+03	  0.00000000e+00	  0.00000000e+00	  0.00000000e+00	  1.17152754e+04	 -1.68767075e+02	
 0.00000000e+00	  5.00000000e+03	  0.00000000e+00	 -1.17152754e+04	  0.00000000e+00	 -4.89181641e+03	
 0.00000000e+00	  0.00000000e+00	  5.00000000e+03	  1.68767075e+02	  4.89181641e+03	  0.00000000e+00	
 0.00000000e+00	 -1.17152754e+04	  1.68767075e+02	  3.00258242e+04	  6.71305313e+01	  1.26082090e+04	
 1.17152754e+04	  0.00000000e+00	  4.89181641e+03	  6.71305313e+01	  3.47970352e+04	 -5.43168297e+01	
-1.68767075e+02	 -4.89181641e+03	  0.00000000e+00	  1.26082090e+04	 -5.43168297e+01	  6.79459863e+03	
13	 15	 60	
 5.00000000e+03	  0.00000000e+00	  0.00000000e+00	  0.00000000e+00	  1.14660088e+04	 -1.05349219e+03	
 0.00000000e+00	  5.00000000e+03	  0.00000000e+00	 -1.14660088e+04	  0.00000000e+00	 -4.77106592e+03	
 0.00000000e+00	  0.00000000e+00	  5.00000000e+03	  1.05349219e+03	  4.77106592e+03	  0.00000000e+00	
 0.00000000e+00	 -1.14660088e+04	  1.05349219e+03	  2.83437773e+04	  9.55757202e+02	  1.19061777e+04	
 1.14660088e+04	  0.00000000e+00	  4.77106592e+03	  9.55757202e+02	  3.30839297e+04	 -2.18221216e+03	
-1.05349219e+03	 -4.77106592e+03	  0.00000000e+00	  1.19061777e+04	 -2.18221216e+03	  6.14268457e+03	
13	 16	 60	
 5.00000000e+03	  0.00000000e+00	  0.00000000e+00	  0.00000000e+00	  1.25672012e+04	 -7.64675537e+02	
 0.00000000e+00	  5.00000000e+03	  0.00000000e+00	 -1.25672012e+04	  0.00000000e+00	 -5.57137988e+03	
 0.00000000e+00	  0.00000000e+00	  5.00000000e+03	  7.64675537e+02	  5.57137988e+03	  0.00000000e+00	
 0.00000000e+00	 -1.25672012e+04	  7.64675537e+02	  3.29784883e+04	  8.31306030e+02	  1.43823906e+04	
 1.25672012e+04	  0.00000000e+00	  5.57137988e+03	  8.31306030e+02	  3.89063867e+04	 -1.62373901e+03	
-7.64675537e+02	 -5.57137988e+03	  0.00000000e+00	  1.43823906e+04	 -1.62373901e+03	  7.42283203e+03	
14	 15	 60	
 5.00000000e+03	  0.00000000e+00	  0.00000000e+00	  0.00000000e+00	  1.13265908e+04	 -1.63696570e+03	
 0.00000000e+00	  5.00000000e+03	  0.00000000e+00	 -1.13265908e+04	  0.00000000e+00	 -2.21480933e+03	
 0.00000000e+00	  0.00000000e+00	  5.00000000e+03	  1.63696570e+03	  2.21480933e+03	  0.00000000e+00	
 0.00000000e+00	 -1.13265908e+04	  1.63696570e+03	  2.86079902e+04	  8.90928772e+02	  5.49694629e+03	
 1.13265908e+04	  0.00000000e+00	  2.21480933e+03	  8.90928772e+02	  2.90353672e+04	 -3.49166357e+03	
-1.63696570e+03	 -2.21480933e+03	  0.00000000e+00	  5.49694629e+03	 -3.49166357e+03	  3.42184790e+03	
14	 16	 60	
 5.00000000e+03	  0.00000000e+00	  0.00000000e+00	  0.00000000e+00	  1.22532842e+04	 -9.92989563e+02	
 0.00000000e+00	  5.00000000e+03	  0.00000000e+00	 -1.22532842e+04	  0.00000000e+00	 -1.92852209e+03	
 0.00000000e+00	  0.00000000e+00	  5.00000000e+03	  9.92989563e+02	  1.92852209e+03	  0.00000000e+00	
 0.00000000e+00	 -1.22532842e+04	  9.92989563e+02	  3.17544844e+04	  6.43232300e+02	  4.85415771e+03	
 1.22532842e+04	  0.00000000e+00	  1.92852209e+03	  6.43232300e+02	  3.21247988e+04	 -2.27714575e+03	
-9.92989563e+02	 -1.92852209e+03	  0.00000000e+00	  4.85415771e+03	 -2.27714575e+03	  2.67521118e+03	
15	 16	 60	
 5.00000000e+03	  0.00000000e+00	  0.00000000e+00	  0.00000000e+00	  1.17081016e+04	  1.64273303e+03	
 0.00000000e+00	  5.00000000e+03	  0.00000000e+00	 -1.17081016e+04	  0.00000000e+00	 -1.92588379e+03	
 0.00000000e+00	  0.00000000e+00	  5.00000000e+03	 -1.64273303e+03	  1.92588379e+03	  0.00000000e+00	
 0.00000000e+00	 -1.17081016e+04	 -1.64273303e+03	  2.93383086e+04	 -3.99270264e+02	  4.69157520e+03	
 1.17081016e+04	  0.00000000e+00	  1.92588379e+03	 -3.99270264e+02	  2.95323984e+04	  3.95422144e+03	
 1.64273303e+03	 -1.92588379e+03	  0.00000000e+00	  4.69157520e+03	  3.95422144e+03	  3.04969653e+03	
15	 57	 60	
 4.69900000e+03	  0.00000000e+00	  0.00000000e+00	  0.00000000e+00	  1.06709258e+04	  2.82670215e+03	
 0.00000000e+00	  4.69900000e+03	  0.00000000e+00	 -1.06709258e+04	  0.00000000e+00	 -1.45364227e+02	
 0.00000000e+00	  0.00000000e+00	  4.69900000e+03	 -2.82670215e+03	  1.45364227e+02	  0.00000000e+00	
 0.00000000e+00	 -1.06709258e+04	 -2.82670215e+03	  2.65923965e+04	 -1.37215347e+02	  3.97088531e+02	
 1.06709258e+04	  0.00000000e+00	  1.45364227e+02	 -1.37215347e+02	  2.50261797e+04	  6.66453809e+03	
 2.82670215e+03	 -1.45364227e+02	  0.00000000e+00	  3.97088531e+02	  6.66453809e+03	  2.37558081e+03	
16	 24	 60	
 5.00000000e+03	  0.00000000e+00	  0.00000000e+00	  0.00000000e+00	  1.05462246e+04	 -7.10928965e+00	
 0.00000000e+00	  5.00000000e+03	  0.00000000e+00	 -1.05462246e+04	  0.00000000e+00	 -2.72349707e+03	
 0.00000000e+00	  0.00000000e+00	  5.00000000e+03	  7.10928965e+00	  2.72349707e+03	  0.00000000e+00	
 0.00000000e+00	 -1.05462246e+04	  7.10928965e+00	  2.30870156e+04	 -1.22181709e+02	  5.67945068e+03	
 1.05462246e+04	  0.00000000e+00	  2.72349707e+03	 -1.22181709e+02	  2.43492871e+04	 -3.12886108e+02	
-7.10928965e+00	 -2.72349707e+03	  0.00000000e+00	  5.67945068e+03	 -3.12886108e+02	  2.29726318e+03	
16	 55	 60	
 5.00000000e+03	  0.00000000e+00	  0.00000000e+00	  0.00000000e+00	  9.15649902e+03	  1.77927515e+03	
