1	 2	 60	
 8.49563633e-01	 -1.36461836e-01	  5.09529189e-01	 -2.05928624e-01	
 1.05524303e-01	  9.90398723e-01	  8.93024857e-02	 -2.63424263e-02	
-5.16822909e-01	 -2.21022303e-02	  8.55807785e-01	  3.06933292e-01	
 0.00000000e+00	  0.00000000e+00	  0.00000000e+00	  1.00000000e+00	
2	 3	 60	
 8.31221295e-01	 -1.64549894e-01	  5.31032116e-01	 -5.37077551e-01	
 1.71855041e-01	  9.84462157e-01	  3.60508192e-02	  2.74747257e-02	
-5.28712728e-01	  6.12945856e-02	  8.46583631e-01	  1.31570232e-01	
 0.00000000e+00	  0.00000000e+00	  0.00000000e+00	  1.00000000e+00	
2	 5	 60	
 6.95749011e-01	 -1.81119370e-01	  6.95074093e-01	 -1.01830203e+00	
 1.39814037e-01	  9.83325808e-01	  1.16280471e-01	 -1.01060717e-01	
-7.04544805e-01	  1.62796840e-02	  7.09470937e-01	  2.40424467e-01	
 0.00000000e+00	  0.00000000e+00	  0.00000000e+00	  1.00000000e+00	
2	 7	 60	
 8.42530399e-01	 -1.13297752e-01	  5.26597822e-01	 -8.91561114e-01	
 1.24777969e-01	  9.92088797e-01	  1.38094452e-02	 -1.32363849e-01	
-5.23997183e-01	  5.40743140e-02	  8.50001190e-01	  3.33171069e-01	
 0.00000000e+00	  0.00000000e+00	  0.00000000e+00	  1.00000000e+00	
3	 4	 60	
 9.55863496e-01	 -2.44382027e-02	  2.92791090e-01	 -3.85327042e-01	
-5.50966809e-03	  9.94869687e-01	  1.01022538e-01	  3.70112488e-02	
-2.93758345e-01	 -9.81766765e-02	  9.50824217e-01	 -3.54658141e-01	
 0.00000000e+00	  0.00000000e+00	  0.00000000e+00	  1.00000000e+00	
3	 5	 60	
 9.74851070e-01	  9.83181699e-03	  2.22636272e-01	 -4.79645842e-01	
-2.00286828e-02	  9.98848659e-01	  4.35856945e-02	 -4.06805395e-02	
-2.21952066e-01	 -4.69488453e-02	  9.73926226e-01	 -1.68024901e-01	
 0.00000000e+00	  0.00000000e+00	  0.00000000e+00	  1.00000000e+00	
3	 6	 60	
 9.82399835e-01	  3.58604594e-02	  1.83314800e-01	 -5.16979520e-01	
-1.95023904e-03	  9.83313617e-01	 -1.81912464e-01	 -1.95534449e-01	
-1.86780440e-01	  1.78352926e-01	  9.66076329e-01	 -1.22851293e-02	
 0.00000000e+00	  0.00000000e+00	  0.00000000e+00	  1.00000000e+00	
3	 7	 60	
 9.98816766e-01	  4.77299665e-02	 -9.31507369e-03	 -4.28712174e-01	
-4.79175006e-02	  9.98632023e-01	 -2.09566607e-02	 -8.66677179e-02	
 8.30046473e-03	  2.13788905e-02	  9.99736696e-01	 -2.33319945e-02	
 0.00000000e+00	  0.00000000e+00	  0.00000000e+00	  1.00000000e+00	
3	 38	 60	
 4.11175068e-01	 -4.87995980e-01	  7.69930822e-01	 -2.20971982e+00	
 3.13609326e-01	  8.68803632e-01	  3.83180735e-01	 -5.35566232e-01	
-8.55908238e-01	  8.39048706e-02	  5.10269872e-01	  1.47273422e+00	
 0.00000000e+00	  0.00000000e+00	  0.00000000e+00	  1.00000000e+00	
3	 39	 60	
 7.07287722e-02	 -3.19935895e-01	  9.44794108e-01	 -2.16525239e+00	
 2.57220849e-01	  9.20983362e-01	  2.92615038e-01	 -6.45962763e-01	
-9.63757279e-01	  2.22326038e-01	  1.47432698e-01	  1.58964958e+00	
 0.00000000e+00	  0.00000000e+00	  0.00000000e+00	  1.00000000e+00	
3	 40	 60	
 6.76440322e-02	 -4.56585270e-01	  8.87103095e-01	 -1.89343494e+00	
 2.39345967e-01	  8.70601627e-01	  4.29840183e-01	 -6.46624539e-01	
-9.68571481e-01	  1.83250066e-01	  1.68173932e-01	  1.72107886e+00	
 0.00000000e+00	  0.00000000e+00	  0.00000000e+00	  1.00000000e+00	
3	 41	 60	
-1.23579682e-01	 -5.04850523e-01	  8.54312171e-01	 -1.65119907e+00	
 2.21603052e-01	  8.25133130e-01	  5.19660718e-01	 -7.68490942e-01	
-9.67273034e-01	  2.53539096e-01	  9.90653870e-03	  1.71799937e+00	
 0.00000000e+00	  0.00000000e+00	  0.00000000e+00	  1.00000000e+00	
3	 45	 60	
-1.41966090e-01	 -4.49210536e-02	  9.88851266e-01	 -1.98227567e+00	
 2.32113842e-01	  9.69605042e-01	  7.73684943e-02	 -8.02849083e-01	
-9.62269868e-01	  2.40511088e-01	 -1.27224319e-01	  1.62051354e+00	
 0.00000000e+00	  0.00000000e+00	  0.00000000e+00	  1.00000000e+00	
3	 46	 60	
 7.97070751e-02	 -2.34912895e-01	  9.68741668e-01	 -2.39632343e+00	
 2.22129749e-01	  9.51582694e-01	  2.12473291e-01	 -7.58323857e-01	
-9.71750858e-01	  1.98251183e-01	  1.28029388e-01	  1.58094933e+00	
 0.00000000e+00	  0.00000000e+00	  0.00000000e+00	  1.00000000e+00	
3	 47	 60	
-9.89296840e-02	 -4.76959504e-01	  8.73338964e-01	 -1.73112395e+00	
 2.11469396e-01	  8.47521074e-01	  4.86811808e-01	 -6.87325874e-01	
-9.72362018e-01	  2.32845089e-01	  1.70183059e-02	  1.68306761e+00	
 0.00000000e+00	  0.00000000e+00	  0.00000000e+00	  1.00000000e+00	
4	 5	 60	
 9.97135872e-01	  1.76869946e-02	 -7.35284762e-02	 -1.44552961e-01	
-2.19582344e-02	  9.98091687e-01	 -5.76957597e-02	 -9.33112483e-02	
 7.23678781e-02	  5.91446669e-02	  9.95622774e-01	  1.41991139e-01	
 0.00000000e+00	  0.00000000e+00	  0.00000000e+00	  1.00000000e+00	
4	 6	 60	
 9.93919936e-01	 -2.35317314e-02	 -1.07566271e-01	 -2.25135606e-01	
-7.61008337e-03	  9.59880855e-01	 -2.80305085e-01	 -2.61748175e-01	
 1.09846490e-01	  2.79418835e-01	  9.53865500e-01	  2.63497688e-01	
 0.00000000e+00	  0.00000000e+00	  0.00000000e+00	  1.00000000e+00	
4	 7	 60	
 9.52558980e-01	  3.38418713e-02	 -3.02468973e-01	 -1.38118622e-01	
-7.28950816e-02	  9.90241819e-01	 -1.18772574e-01	 -1.54512624e-01	
 2.95497330e-01	  1.35186789e-01	  9.45730239e-01	  2.89836027e-01	
 0.00000000e+00	  0.00000000e+00	  0.00000000e+00	  1.00000000e+00	
4	 38	 60	
 6.42729708e-01	 -4.95891756e-01	  5.83942784e-01	 -2.27752859e+00	
 3.85982284e-01	  8.68032882e-01	  3.12302370e-01	 -7.04463289e-01	
-6.61748568e-01	  2.46660868e-02	  7.49316996e-01	  1.14551928e+00	
 0.00000000e+00	  0.00000000e+00	  0.00000000e+00	  1.00000000e+00	
4	 39	 60	
 3.49301365e-01	 -3.76198861e-01	  8.58173532e-01	 -2.26876040e+00	
 3.48791129e-01	  9.02248096e-01	  2.53550474e-01	 -8.26858341e-01	
-8.69670670e-01	  2.10758412e-01	  4.46371758e-01	  1.25855253e+00	
 0.00000000e+00	  0.00000000e+00	  0.00000000e+00	  1.00000000e+00	
4	 40	 60	
 3.47865451e-01	 -4.95060711e-01	  7.96179901e-01	 -2.04754452e+00	
 3.31556006e-01	  8.59300643e-01	  3.89444905e-01	 -8.47062583e-01	
-8.76957086e-01	  1.28504439e-01	  4.63064382e-01	  1.46303796e+00	
 0.00000000e+00	  0.00000000e+00	  0.00000000e+00	  1.00000000e+00	
4	 41	 60	
 1.64797834e-01	 -5.61593220e-01	  8.10833705e-01	 -1.81442392e+00	
 3.18449697e-01	  8.08344206e-01	  4.95144027e-01	 -9.73920879e-01	
-9.33503739e-01	  1.76611981e-01	  3.12052739e-01	  1.51872344e+00	
 0.00000000e+00	  0.00000000e+00	  0.00000000e+00	  1.00000000e+00	
4	 46	 60	
 3.60424892e-01	 -2.88024796e-01	  8.87205512e-01	 -2.48645822e+00	
 3.14445491e-01	  9.32976243e-01	  1.75139747e-01	 -9.32141848e-01	
-8.78187377e-01	  2.15852729e-01	  4.26838149e-01	  1.17127331e+00	
 0.00000000e+00	  0.00000000e+00	  0.00000000e+00	  1.00000000e+00	
4	 47	 60	
 1.89910642e-01	 -5.28977494e-01	  8.27112560e-01	 -1.88100692e+00	
 3.08265283e-01	  8.31967345e-01	  4.61300516e-01	 -8.87789687e-01	
-9.32148872e-01	  1.67363559e-01	  3.21067205e-01	  1.47030756e+00	
 0.00000000e+00	  0.00000000e+00	  0.00000000e+00	  1.00000000e+00	
5	 6	 60	
 9.99190455e-01	 -2.43208957e-02	 -3.20740648e-02	 -6.78601380e-02	
 1.64805981e-02	  9.74161129e-01	 -2.25256732e-01	 -1.62354568e-01	
 3.67232032e-02	  2.24545337e-01	  9.73771786e-01	  1.36617857e-01	
 0.00000000e+00	  0.00000000e+00	  0.00000000e+00	  1.00000000e+00	
5	 7	 60	
 9.72816628e-01	  2.17839917e-02	 -2.30554423e-01	  1.84590108e-02	
-3.84311458e-02	  9.96948347e-01	 -6.79605169e-02	 -5.22265973e-02	
 2.28369276e-01	  7.49743299e-02	  9.70683376e-01	  1.50255676e-01	
 0.00000000e+00	  0.00000000e+00	  0.00000000e+00	  1.00000000e+00	
5	 38	 60	
 5.84524500e-01	 -5.11747450e-01	  6.29639510e-01	 -2.04082512e+00	
 3.57475124e-01	  8.59066305e-01	  3.66353598e-01	 -5.88358759e-01	
-7.28380399e-01	  1.09388552e-02	  6.85082219e-01	  1.19123089e+00	
 0.00000000e+00	  0.00000000e+00	  0.00000000e+00	  1.00000000e+00	
5	 39	 60	
 2.77706137e-01	 -3.79681497e-01	  8.82451659e-01	 -2.02121446e+00	
 3.02867466e-01	  9.06339742e-01	  2.94646228e-01	 -7.03680043e-01	
-9.11671261e-01	  1.85441715e-01	  3.66688931e-01	  1.31018629e+00	
 0.00000000e+00	  0.00000000e+00	  0.00000000e+00	  1.00000000e+00	
5	 40	 60	
 2.76125489e-01	 -5.03212485e-01	  8.18859518e-01	 -1.78539019e+00	
 2.85208845e-01	  8.56506946e-01	  4.30172424e-01	 -7.07838841e-01	
-9.17825815e-01	  1.14765395e-01	  3.80026312e-01	  1.49867666e+00	
 0.00000000e+00	  0.00000000e+00	  0.00000000e+00	  1.00000000e+00	
5	 45	 60	
 7.05326832e-02	 -1.16592531e-01	  9.90672468e-01	 -1.84654730e+00	
 2.75628190e-01	  9.56755795e-01	  9.29753967e-02	 -8.60035708e-01	
-9.58670732e-01	  2.66500386e-01	  9.96200401e-02	  1.37414491e+00	
 0.00000000e+00	  0.00000000e+00	  0.00000000e+00	  1.00000000e+00	
5	 46	 60	
 2.88935654e-01	 -2.92065982e-01	  9.11708681e-01	 -2.24229329e+00	
 2.68280318e-01	  9.38870136e-01	  2.15743139e-01	 -8.17775376e-01	
-9.18987001e-01	  1.82257545e-01	  3.49630080e-01	  1.24537050e+00	
 0.00000000e+00	  0.00000000e+00	  0.00000000e+00	  1.00000000e+00	
6	 7	 60	
 9.79780524e-01	  4.09502382e-02	 -1.95840361e-01	  8.85649516e-02	
-9.81813441e-03	  9.87491624e-01	  1.57365178e-01	  1.08245152e-01	
 1.99834515e-01	 -1.52259632e-01	  9.67926632e-01	 -1.42954585e-02	
 0.00000000e+00	  0.00000000e+00	  0.00000000e+00	  1.00000000e+00	
6	 46	 60	
 2.59374153e-01	 -2.69662444e-01	  9.27364315e-01	 -2.14275341e+00	
 4.79664952e-02	  9.62637112e-01	  2.66502765e-01	 -3.36635827e-01	
-9.64581966e-01	 -2.46415651e-02	  2.62620403e-01	  1.29705074e+00	
 0.00000000e+00	  0.00000000e+00	  0.00000000e+00	  1.00000000e+00	
7	 38	 60	
 3.88555718e-01	 -5.28352098e-01	  7.54895506e-01	 -1.74497040e+00	
 3.14507929e-01	  8.46115361e-01	  4.30314276e-01	 -5.01309826e-01	
-8.66085305e-01	  7.02199201e-02	  4.94934565e-01	  1.52166839e+00	
 0.00000000e+00	  0.00000000e+00	  0.00000000e+00	  1.00000000e+00	
7	 46	 60	
 6.09015426e-02	 -2.78585615e-01	  9.58477457e-01	 -1.91978105e+00	
 2.04855817e-01	  9.43305497e-01	  2.61158360e-01	 -7.30355783e-01	
-9.76893179e-01	  1.80444259e-01	  1.14520457e-01	  1.63626143e+00	
 0.00000000e+00	  0.00000000e+00	  0.00000000e+00	  1.00000000e+00	
8	 9	 60	
 8.64643561e-01	  1.61509514e-01	 -4.75715776e-01	 -1.05990317e-01	
-1.70311981e-01	  9.85076930e-01	  2.48891259e-02	 -2.94981348e-01	
 4.72636242e-01	  5.95002670e-02	  8.79246649e-01	  7.51324969e-01	
 0.00000000e+00	  0.00000000e+00	  0.00000000e+00	  1.00000000e+00	
8	 35	 60	
 9.96431827e-01	 -8.34155984e-02	  1.26746954e-02	 -1.79298416e+00	
 8.13697802e-02	  9.89785191e-01	  1.17063759e-01	 -3.81834939e-01	
-2.23111229e-02	 -1.15612820e-01	  9.93041910e-01	 -1.05032324e-02	
 0.00000000e+00	  0.00000000e+00	  0.00000000e+00	  1.00000000e+00	
8	 36	 60	
 8.93440129e-01	 -2.99755736e-01	  3.34530944e-01	 -1.68267898e+00	
 2.82639691e-01	  9.54001334e-01	  9.99785017e-02	 -6.17088682e-01	
-3.49112856e-01	  5.23036117e-03	  9.37064828e-01	  4.70735257e-01	
 0.00000000e+00	  0.00000000e+00	  0.00000000e+00	  1.00000000e+00	
8	 37	 60	
 7.90809469e-01	 -4.49727110e-01	  4.15167377e-01	 -1.41737187e+00	
 3.21390309e-01	  8.82387589e-01	  3.43656539e-01	 -6.66265778e-01	
-5.20891067e-01	 -1.38332975e-01	  8.42336585e-01	  1.02112638e+00	
 0.00000000e+00	  0.00000000e+00	  0.00000000e+00	  1.00000000e+00	
8	 38	 60	
-1.06195877e-01	 -5.73042843e-01	  8.12613969e-01	 -9.75785841e-01	
 4.42641118e-01	  7.04551140e-01	  5.54684937e-01	 -7.82960813e-01	
-8.90384684e-01	  4.18604281e-01	  1.78831425e-01	  1.40744928e+00	
 0.00000000e+00	  0.00000000e+00	  0.00000000e+00	  1.00000000e+00	
9	 10	 60	
 8.46618370e-01	  1.49871864e-01	 -5.10659524e-01	  2.98558797e-01	
-2.20802099e-01	  9.71964777e-01	 -8.08083633e-02	 -1.49585464e-01	
 4.84232489e-01	  1.81170192e-01	  8.55976829e-01	  3.98525505e-01	
 0.00000000e+00	  0.00000000e+00	  0.00000000e+00	  1.00000000e+00	
9	 11	 60	
 8.26247097e-01	 -7.42308829e-02	 -5.58394149e-01	  3.66269737e-01	
-2.00336946e-01	  8.87747723e-01	 -4.14449263e-01	 -1.95139496e-01	
 5.26477581e-01	  4.54305752e-01	  7.18627556e-01	  4.12193412e-01	
 0.00000000e+00	  0.00000000e+00	  0.00000000e+00	  1.00000000e+00	
9	 32	 60	
 6.20412795e-01	 -1.32843558e-01	  7.72940850e-01	 -2.07761105e+00	
 3.46298442e-01	  9.30671624e-01	 -1.18010330e-01	 -3.15177600e-01	
-7.03678553e-01	  3.40885160e-01	  6.23403461e-01	 -3.40047506e-01	
 0.00000000e+00	  0.00000000e+00	  0.00000000e+00	  1.00000000e+00	
9	 33	 60	
 9.15128456e-01	 -1.44454220e-01	  3.76391294e-01	 -2.09884906e+00	
 2.23287502e-01	  9.58943072e-01	 -1.74852058e-01	 -3.67647231e-01	
-3.35681067e-01	  2.44056128e-01	  9.09809686e-01	 -1.71694918e-01	
 0.00000000e+00	  0.00000000e+00	  0.00000000e+00	  1.00000000e+00	
9	 35	 60	
 8.37155568e-01	 -2.95339681e-01	  4.60369235e-01	 -1.80392451e+00	
 2.39761135e-01	  9.54661027e-01	  1.76449462e-01	 -4.03351666e-01	
-4.91610672e-01	 -3.73355634e-02	  8.70012909e-01	  1.30533829e-01	
 0.00000000e+00	  0.00000000e+00	  0.00000000e+00	  1.00000000e+00	
9	 36	 60	
 5.59367468e-01	 -4.19187627e-01	  7.15113353e-01	 -1.44103262e+00	
 4.01948243e-01	  8.91660388e-01	  2.08271461e-01	 -5.88645230e-01	
-7.24945865e-01	  1.70941334e-01	  6.67257741e-01	  4.95332086e-01	
 0.00000000e+00	  0.00000000e+00	  0.00000000e+00	  1.00000000e+00	
9	 37	 60	
 3.82840206e-01	 -6.04516035e-01	  6.98561932e-01	 -9.43126243e-01	
 4.13323884e-01	  7.88351683e-01	  4.55699787e-01	 -5.61490516e-01	
-8.26193771e-01	  1.14275189e-01	  5.51673003e-01	  8.51826830e-01	
 0.00000000e+00	  0.00000000e+00	  0.00000000e+00	  1.00000000e+00	
10	 11	 60	
 9.98690946e-01	 -3.88733849e-02	 -3.32530992e-02	  7.40024357e-02	
 2.44918362e-02	  9.34040940e-01	 -3.56324862e-01	 -3.16527870e-02	
 4.49098465e-02	  3.55043643e-01	  9.33769705e-01	 -1.91967067e-02	
 0.00000000e+00	  0.00000000e+00	  0.00000000e+00	  1.00000000e+00	
10	 12	 60	
 9.49361659e-01	 -5.62869631e-02	 -3.09100890e-01	  1.15915219e-01	
-2.97668523e-02	  9.63281732e-01	 -2.66834796e-01	 -1.31665645e-01	
 3.12770189e-01	  2.62523687e-01	  9.12828356e-01	  3.48884767e-01	
 0.00000000e+00	  0.00000000e+00	  0.00000000e+00	  1.00000000e+00	
10	 32	 60	
 1.08046120e-01	 -1.52895840e-01	  9.82317470e-01	 -2.33279305e+00	
 3.02087762e-01	  9.46428824e-01	  1.14081304e-01	 -6.50876862e-01	
-9.47136961e-01	  2.84420785e-01	  1.48444784e-01	  5.94596304e-01	
 0.00000000e+00	  0.00000000e+00	  0.00000000e+00	  1.00000000e+00	
10	 33	 60	
 5.62916320e-01	 -2.15855917e-01	  7.97828545e-01	 -2.25766624e+00	
 2.93364615e-01	  9.54625176e-01	  5.12894451e-02	 -6.74558256e-01	
-7.72698908e-01	  2.05181897e-01	  6.00697411e-01	  7.53787654e-01	
 0.00000000e+00	  0.00000000e+00	  0.00000000e+00	  1.00000000e+00	
10	 35	 60	
 4.17759150e-01	 -4.78912349e-01	  7.72086501e-01	 -1.85374416e+00	
 2.69440898e-01	  8.76870306e-01	  3.98118319e-01	 -6.10306448e-01	
-8.67684567e-01	  4.17144397e-02	  4.95359634e-01	  8.64767344e-01	
 0.00000000e+00	  0.00000000e+00	  0.00000000e+00	  1.00000000e+00	
10	 36	 60	
 3.37778672e-02	 -4.68999293e-01	  8.82551031e-01	 -1.32895149e+00	
 3.43175498e-01	  8.34807853e-01	  4.30494213e-01	 -6.69928058e-01	
-9.38664867e-01	  2.88329919e-01	  1.89146638e-01	  1.00668503e+00	
 0.00000000e+00	  0.00000000e+00	  0.00000000e+00	  1.00000000e+00	
11	 12	 60	
 9.61436343e-01	 -2.08297897e-02	 -2.74235240e-01	  5.59393633e-02	
 4.63399405e-02	  9.95140339e-01	  8.68751299e-02	  3.56398030e-02	
 2.71094177e-01	 -9.62326163e-02	  9.57730531e-01	  3.77947108e-01	
 0.00000000e+00	  0.00000000e+00	  0.00000000e+00	  1.00000000e+00	
11	 32	 60	
 7.27663370e-02	 -1.16741500e-01	  9.90492127e-01	 -2.39124390e+00	
-5.83130259e-02	  9.90928869e-01	  1.21076204e-01	 -2.66899626e-01	
-9.95642943e-01	 -6.65681995e-02	  6.52993961e-02	  8.73817621e-01	
 0.00000000e+00	  0.00000000e+00	  0.00000000e+00	  1.00000000e+00	
11	 33	 60	
 5.34661484e-01	 -1.82977107e-01	  8.25018126e-01	 -2.30964598e+00	
-2.22094201e-02	  9.72898695e-01	  2.30167175e-01	 -2.35419412e-01	
-8.44774847e-01	 -1.41386174e-01	  5.16108607e-01	  1.02840601e+00	
 0.00000000e+00	  0.00000000e+00	  0.00000000e+00	  1.00000000e+00	
13	 14	 60	
 9.10185129e-01	  9.48600301e-02	 -4.03196430e-01	  3.42967208e-02	
-7.40651239e-02	  9.95007667e-01	  6.68965258e-02	 -1.07044829e-01	
 4.07528665e-01	 -3.10263095e-02	  9.12664355e-01	  4.16361820e-01	
 0.00000000e+00	  0.00000000e+00	  0.00000000e+00	  1.00000000e+00	
13	 15	 60	
 8.97653518e-01	  2.04527585e-01	 -3.90366286e-01	 -5.20944371e-03	
-1.09011010e-01	  9.61307874e-01	  2.52990979e-01	 -6.27075271e-02	
 4.27005028e-01	 -1.84544659e-01	  8.85215535e-01	  5.25251122e-01	
 0.00000000e+00	  0.00000000e+00	  0.00000000e+00	  1.00000000e+00	
13	 16	 60	
 8.99293159e-01	  1.59805007e-01	 -4.07105292e-01	 -2.79405530e-01	
-7.97729222e-02	  9.75173084e-01	  2.06578530e-01	 -1.11180207e-01	
 4.30010296e-01	 -1.53299309e-01	  8.89712242e-01	  8.77058258e-01	
 0.00000000e+00	  0.00000000e+00	  0.00000000e+00	  1.00000000e+00	
14	 15	 60	
 9.99119415e-01	  3.97503280e-02	 -1.32916080e-02	  5.13384597e-03	
-3.65643786e-02	  9.81634381e-01	  1.87233852e-01	  3.69900652e-02	
 2.04903031e-02	 -1.86582903e-01	  9.82224644e-01	  1.18274344e-01	
 0.00000000e+00	  0.00000000e+00	  0.00000000e+00	  1.00000000e+00	
14	 16	 60	
 9.99670985e-01	  1.07510661e-02	 -2.32570563e-02	 -9.74729202e-02	
-7.40999642e-03	  9.90218627e-01	  1.39325810e-01	 -4.81654176e-02	
 2.45279755e-02	 -1.39106832e-01	  9.89972841e-01	  5.46668717e-01	
 0.00000000e+00	  0.00000000e+00	  0.00000000e+00	  1.00000000e+00	
15	 16	 60	
 9.99567822e-01	 -2.83149110e-02	 -8.04624352e-03	 -9.06252969e-02	
 2.78875220e-02	  9.98415593e-01	 -4.88700294e-02	 -1.67601650e-01	
 9.41725777e-03	  4.86249548e-02	  9.98772943e-01	  4.06200060e-01	
 0.00000000e+00	  0.00000000e+00	  0.00000000e+00	  1.00000000e+00	
15	 57	 60	
 7.68769050e-01	 -6.28224352e-02	  6.36433478e-01	 -2.40842217e+00	
 2.55241998e-01	  9.42607021e-01	 -2.15269676e-01	 -5.31714541e-01	
-5.86378766e-01	  3.27937568e-01	  7.40685914e-01	  4.24704130e-01	
 0.00000000e+00	  0.00000000e+00	  0.00000000e+00	  1.00000000e+00	
16	 24	 60	
 9.87802777e-01	  9.49339436e-02	 -1.23416069e-01	 -2.44575989e-01	
-2.33759078e-02	  8.74068250e-01	  4.85239910e-01	 -4.64677317e-01	
 1.53939555e-01	 -4.76436525e-01	  8.65626195e-01	  1.34383525e+00	
 0.00000000e+00	  0.00000000e+00	  0.00000000e+00	  1.00000000e+00	
16	 55	 60	
 6.63332100e-01	 -1.82073650e-01	  7.25835109e-01	 -1.86595369e+00	
 2.12699420e-01	  9.75815779e-01	  5.04001127e-02	 -2.63937298e-01	
-7.17456519e-01	  1.20952649e-01	  6.86021980e-01	  2.67657430e-01	
 0.00000000e+00	  0.00000000e+00	  0.00000000e+00	  1.00000000e+00	
16	 56	 60	
 7.46071198e-01	 -8.38851400e-03	  6.65813814e-01	 -1.80213722e+00	
 1.82138490e-01	  9.64355885e-01	 -1.91939380e-01	 -3.32699895e-01	
-6.40468106e-01	  2.64471529e-01	  7.21009353e-01	  9.82286220e-02	
 0.00000000e+00	  0.00000000e+00	  0.00000000e+00	  1.00000000e+00	
16	 57	 60	
 7.70031410e-01	 -3.34186191e-02	  6.37128563e-01	 -2.32677036e+00	
 2.04558769e-01	  9.58838291e-01	 -1.96932855e-01	 -2.97011411e-01	
-6.04318544e-01	  2.81974811e-01	  7.45176134e-01	  5.49254293e-02	
 0.00000000e+00	  0.00000000e+00	  0.00000000e+00	  1.00000000e+00	
16	 58	 60	
 4.49928415e-01	 -4.42412301e-02	  8.91968123e-01	 -2.68753373e+00	
 2.40964639e-01	  9.67741866e-01	 -7.35456547e-02	 -4.14098985e-01	
-8.59939243e-01	  2.48023472e-01	  4.46080031e-01	  3.05318677e-01	
 0.00000000e+00	  0.00000000e+00	  0.00000000e+00	  1.00000000e+00	
17	 18	 60	
 9.96915047e-01	  4.65593786e-02	 -6.31819371e-02	 -3.06545471e-01	
-4.68352548e-02	  9.98898629e-01	 -2.90816395e-03	 -1.63061470e-01	
 6.29755046e-02	  5.85737430e-03	  9.97998536e-01	  3.02154786e-01	
 0.00000000e+00	  0.00000000e+00	  0.00000000e+00	  1.00000000e+00	
17	 19	 60	
 9.99193083e-01	 -1.40290228e-03	  4.01187720e-02	 -6.20877109e-01	
 2.14703298e-03	  9.99825674e-01	 -1.85207054e-02	 -2.59748160e-01	
-4.00854927e-02	  1.85923941e-02	  9.99022882e-01	  5.05608084e-01	
 0.00000000e+00	  0.00000000e+00	  0.00000000e+00	  1.00000000e+00	
17	 20	 60	
 8.56102985e-01	 -2.15226288e-01	  4.69857639e-01	 -5.69883401e-01	
 1.59833503e-01	  9.74847410e-01	  1.55321984e-01	 -1.93850117e-01	
-4.91469419e-01	 -5.78728003e-02	  8.68969555e-01	  4.80511829e-01	
 0.00000000e+00	  0.00000000e+00	  0.00000000e+00	  1.00000000e+00	
17	 21	 60	
 7.74534707e-01	 -3.96082560e-01	  4.93167647e-01	 -5.26335928e-01	
 1.96983487e-01	  8.91942115e-01	  4.06985375e-01	 -3.01766390e-01	
-6.01076282e-01	 -2.18078403e-01	  7.68861947e-01	  5.27334049e-01	
 0.00000000e+00	  0.00000000e+00	  0.00000000e+00	  1.00000000e+00	
17	 22	 60	
 8.01004818e-01	 -3.94087217e-01	  4.50652189e-01	 -5.85295890e-01	
 1.86445597e-01	  8.79549468e-01	  4.37756080e-01	 -3.28716684e-01	
-5.68885165e-01	 -2.66621548e-01	  7.78000142e-01	  6.42370008e-01	
 0.00000000e+00	  0.00000000e+00	  0.00000000e+00	  1.00000000e+00	
17	 54	 60	
 9.45642067e-01	 -1.31918641e-01	  2.97246627e-01	 -1.56806977e+00	
 6.41094439e-02	  9.71711993e-01	  2.27295146e-01	  3.51786449e-01	
-3.18822355e-01	 -1.95885208e-01	  9.27353489e-01	 -8.94999950e-01	
 0.00000000e+00	  0.00000000e+00	  0.00000000e+00	  1.00000000e+00	
17	 55	 60	
 9.21742901e-01	 -4.59204590e-02	  3.85065630e-01	 -1.64526004e+00	
 8.27138253e-02	  9.93393798e-01	 -7.95256739e-02	  2.35665374e-01	
-3.78870286e-01	  1.05153236e-01	  9.19457899e-01	 -9.79565279e-01	
 0.00000000e+00	  0.00000000e+00	  0.00000000e+00	  1.00000000e+00	
17	 56	 60	
 9.59929705e-01	  5.05197947e-02	  2.75644712e-01	 -1.53137553e+00	
 3.79536266e-02	  9.51115725e-01	 -3.06488520e-01	  1.55290116e-01	
-2.77651510e-01	  3.04671057e-01	  9.11091756e-01	 -1.11401645e+00	
 0.00000000e+00	  0.00000000e+00	  0.00000000e+00	  1.00000000e+00	
17	 57	 60	
 9.70745065e-01	  2.00204488e-02	  2.39264376e-01	 -1.97963945e+00	
 5.58156863e-02	  9.50400398e-01	 -3.05975428e-01	  2.86490063e-01	
-2.33520737e-01	  3.10380071e-01	  9.21484997e-01	 -1.35944414e+00	
 0.00000000e+00	  0.00000000e+00	  0.00000000e+00	  1.00000000e+00	
17	 58	 60	
 7.92035079e-01	  2.54796712e-02	  6.09940474e-01	 -2.42488287e+00	
 1.48814757e-01	  9.60928329e-01	 -2.33383169e-01	  2.39246790e-01	
-5.92055480e-01	  2.75617219e-01	  7.57303280e-01	 -1.28145202e+00	
 0.00000000e+00	  0.00000000e+00	  0.00000000e+00	  1.00000000e+00	
18	 19	 60	
 9.93486399e-01	 -4.70557650e-02	  1.03777857e-01	 -2.96020889e-01	
 4.84306111e-02	  9.98767585e-01	 -1.07798270e-02	 -1.10023017e-01	
-1.03140909e-01	  1.57370963e-02	  9.94541099e-01	  2.23186509e-01	
 0.00000000e+00	  0.00000000e+00	  0.00000000e+00	  1.00000000e+00	
18	 20	 60	
 8.15025405e-01	 -2.63865340e-01	  5.15858848e-01	 -2.49851355e-01	
 1.96636934e-01	  9.63413622e-01	  1.82117343e-01	 -4.19704249e-02	
-5.45038707e-01	 -4.69928761e-02	  8.37091763e-01	  1.94727133e-01	
 0.00000000e+00	  0.00000000e+00	  0.00000000e+00	  1.00000000e+00	
18	 21	 60	
 7.25066028e-01	 -4.50370106e-01	  5.21005528e-01	 -1.98435077e-01	
 2.29306186e-01	  8.71240772e-01	  4.34002242e-01	 -1.47465989e-01	
-6.49380525e-01	 -1.95210007e-01	  7.34980284e-01	  2.39017961e-01	
 0.00000000e+00	  0.00000000e+00	  0.00000000e+00	  1.00000000e+00	
18	 22	 60	
 7.53975354e-01	 -4.50857589e-01	  4.77755505e-01	 -2.48706337e-01	
 2.20200897e-01	  8.58670299e-01	  4.62813127e-01	 -1.76457746e-01	
-6.18895640e-01	 -2.43745966e-01	  7.46696865e-01	  3.57626985e-01	
 0.00000000e+00	  0.00000000e+00	  0.00000000e+00	  1.00000000e+00	
18	 23	 60	
 9.73450643e-01	 -1.78753202e-01	  1.42978740e-01	 -3.46813632e-01	
 1.12941028e-01	  9.18384533e-01	  3.79227639e-01	 -2.38972960e-01	
-1.99095555e-01	 -3.53009450e-01	  9.14191378e-01	  4.94932688e-01	
 0.00000000e+00	  0.00000000e+00	  0.00000000e+00	  1.00000000e+00	
18	 54	 60	
 9.19644470e-01	 -1.89359372e-01	  3.44086081e-01	 -1.35714022e+00	
 1.06198567e-01	  9.63351804e-01	  2.46316749e-01	  4.48532802e-01	
-3.78116260e-01	 -1.89983162e-01	  9.06055162e-01	 -1.11655011e+00	
 0.00000000e+00	  0.00000000e+00	  0.00000000e+00	  1.00000000e+00	
18	 55	 60	
 8.91166020e-01	 -8.56834432e-02	  4.45507333e-01	 -1.43397941e+00	
 1.23317962e-01	  9.90777234e-01	 -5.61235377e-02	  3.28450415e-01	
-4.36588050e-01	  1.04955907e-01	  8.93518933e-01	 -1.19573156e+00	
 0.00000000e+00	  0.00000000e+00	  0.00000000e+00	  1.00000000e+00	
18	 56	 60	
 9.37705895e-01	  2.50045367e-02	  3.46527100e-01	 -1.32514898e+00	
 8.09779715e-02	  9.54204686e-01	 -2.87979766e-01	  2.52678337e-01	
-3.37854534e-01	  2.98103894e-01	  8.92742635e-01	 -1.33687505e+00	
 0.00000000e+00	  0.00000000e+00	  0.00000000e+00	  1.00000000e+00	
18	 57	 60	
 9.50430527e-01	 -5.00770521e-03	  3.10889469e-01	 -1.79363158e+00	
 9.95824273e-02	  9.52103594e-01	 -2.89100160e-01	  3.61425493e-01	
-2.94547396e-01	  3.05730516e-01	  9.05412094e-01	 -1.55387110e+00	
 0.00000000e+00	  0.00000000e+00	  0.00000000e+00	  1.00000000e+00	
18	 58	 60	
 7.45336571e-01	 -2.24766578e-03	  6.66682739e-01	 -2.23037740e+00	
 1.82058167e-01	  9.62670445e-01	 -2.00291654e-01	  2.93961382e-01	
-6.41343435e-01	  2.70661766e-01	  7.17928690e-01	 -1.44776716e+00	
 0.00000000e+00	  0.00000000e+00	  0.00000000e+00	  1.00000000e+00	
19	 20	 60	
 8.75457857e-01	 -2.10639680e-01	  4.34979456e-01	  5.21001640e-02	
 1.49467726e-01	  9.73904323e-01	  1.70791893e-01	  6.53485131e-02	
-4.59604311e-01	 -8.45061812e-02	  8.84094355e-01	 -2.42464721e-02	
 0.00000000e+00	  0.00000000e+00	  0.00000000e+00	  1.00000000e+00	
19	 22	 60	
 8.23564479e-01	 -3.81193362e-01	  4.20042568e-01	  2.99222429e-02	
 1.74713175e-01	  8.74992715e-01	  4.51512671e-01	 -6.64638038e-02	
-5.39647813e-01	 -2.98461714e-01	  7.87212253e-01	  1.39333238e-01	
 0.00000000e+00	  0.00000000e+00	  0.00000000e+00	  1.00000000e+00	
19	 23	 60	
 9.93116154e-01	 -9.66992555e-02	  6.61219929e-02	 -8.47359721e-02	
 6.38638715e-02	  9.20110375e-01	  3.86418463e-01	 -1.22125080e-01	
-9.82057792e-02	 -3.79534808e-01	  9.19952083e-01	  2.66382484e-01	
 0.00000000e+00	  0.00000000e+00	  0.00000000e+00	  1.00000000e+00	
19	 54	 60	
 9.57798573e-01	 -1.21873499e-01	  2.60321618e-01	 -8.88972156e-01	
 5.68445210e-02	  9.68086691e-01	  2.44080141e-01	  5.86717063e-01	
-2.81760716e-01	 -2.18983589e-01	  9.34163364e-01	 -1.44856682e+00	
 0.00000000e+00	  0.00000000e+00	  0.00000000e+00	  1.00000000e+00	
19	 55	 60	
 9.36365675e-01	 -4.79653892e-02	  3.47727532e-01	 -9.62959764e-01	
 7.43627898e-02	  9.95241008e-01	 -6.29574573e-02	  4.69152144e-01	
-3.43053392e-01	  8.48094760e-02	  9.35481334e-01	 -1.53399564e+00	
 0.00000000e+00	  0.00000000e+00	  0.00000000e+00	  1.00000000e+00	
19	 56	 60	
 9.70368169e-01	  4.03085763e-02	  2.38242695e-01	 -8.43949964e-01	
 3.14386442e-02	  9.56544425e-01	 -2.89883039e-01	  3.86131386e-01	
-2.39572435e-01	  2.88784572e-01	  9.26937179e-01	 -1.66225801e+00	
 0.00000000e+00	  0.00000000e+00	  0.00000000e+00	  1.00000000e+00	
19	 57	 60	
 9.79444158e-01	  9.60340177e-03	  2.01476132e-01	 -1.28173302e+00	
 5.01029151e-02	  9.55978139e-01	 -2.89125781e-01	  5.13374319e-01	
-1.95381679e-01	  2.93277673e-01	  9.35851245e-01	 -1.92785973e+00	
 0.00000000e+00	  0.00000000e+00	  0.00000000e+00	  1.00000000e+00	
19	 58	 60	
 8.15449955e-01	  1.64743355e-02	  5.78591014e-01	 -1.72984576e+00	
 1.36670658e-01	  9.65850281e-01	 -2.20118443e-01	  4.68213724e-01	
-5.62458390e-01	  2.58572788e-01	  7.85356301e-01	 -1.86693126e+00	
 0.00000000e+00	  0.00000000e+00	  0.00000000e+00	  1.00000000e+00	
20	 21	 60	
 9.89975420e-01	 -8.93463151e-02	  1.09379678e-01	 -2.97919575e-03	
 6.01144928e-02	  9.67376496e-01	  2.46110190e-01	 -1.17284292e-01	
-1.27800384e-01	 -2.37067681e-01	  9.63050771e-01	  4.43864416e-02	
 0.00000000e+00	  0.00000000e+00	  0.00000000e+00	  1.00000000e+00	
20	 22	 60	
 9.95131291e-01	 -6.57614033e-02	  7.34091556e-02	 -1.14299083e-01	
 4.22815936e-02	  9.57675414e-01	  2.84728562e-01	 -1.37524428e-01	
-8.90268396e-02	 -2.80237561e-01	  9.55794747e-01	  1.12460501e-01	
 0.00000000e+00	  0.00000000e+00	  0.00000000e+00	  1.00000000e+00	
20	 23	 60	
 9.24109685e-01	  2.27305418e-01	 -3.07169440e-01	 -2.81388937e-01	
-1.38693696e-01	  9.48541005e-01	  2.84665585e-01	 -1.78317956e-01	
 3.56068941e-01	 -2.20459139e-01	  9.08083714e-01	  1.65403633e-01	
 0.00000000e+00	  0.00000000e+00	  0.00000000e+00	  1.00000000e+00	
20	 54	 60	
 9.76504016e-01	  1.38647503e-01	 -1.64962799e-01	 -9.13169826e-02	
-1.22579161e-01	  9.87000573e-01	  1.03934548e-01	  8.26353532e-01	
 1.77227737e-01	 -8.12729428e-02	  9.80810313e-01	 -1.57953507e+00	
 0.00000000e+00	  0.00000000e+00	  0.00000000e+00	  1.00000000e+00	
20	 55	 60	
 9.88529189e-01	  6.77851162e-02	 -1.34940490e-01	 -1.34398477e-01	
-9.58238450e-02	  9.72206067e-01	 -2.13613248e-01	  7.34660509e-01	
 1.16708331e-01	  2.24095119e-01	  9.67555622e-01	 -1.70732447e+00	
 0.00000000e+00	  0.00000000e+00	  0.00000000e+00	  1.00000000e+00	
20	 56	 60	
 9.64320929e-01	  4.55335351e-02	 -2.60780425e-01	  1.63302097e-02	
-1.53534858e-01	  8.98688239e-01	 -4.10833142e-01	  6.39576904e-01	
 2.15654557e-01	  4.36216666e-01	  8.73621042e-01	 -1.78313310e+00	
 0.00000000e+00	  0.00000000e+00	  0.00000000e+00	  1.00000000e+00	
20	 57	 60	
 9.54746021e-01	  1.65028529e-02	 -2.96951644e-01	 -2.25839153e-01	
-1.41003776e-01	  9.04224775e-01	 -4.03104427e-01	  8.78158773e-01	
 2.61858947e-01	  4.26736169e-01	  8.65638571e-01	 -2.18664450e+00	
 0.00000000e+00	  0.00000000e+00	  0.00000000e+00	  1.00000000e+00	
20	 58	 60	
 9.92825117e-01	  3.99440793e-02	  1.12677713e-01	 -6.52894605e-01	
 8.86868588e-03	  9.15324760e-01	 -4.02615677e-01	  9.23418321e-01	
-1.19220564e-01	  4.00728562e-01	  9.08409771e-01	 -2.33541068e+00	
 0.00000000e+00	  0.00000000e+00	  0.00000000e+00	  1.00000000e+00	
21	 22	 60	
 9.99076904e-01	  2.82824792e-02	 -3.23611520e-02	 -1.20120792e-01	
-2.69037203e-02	  9.98742374e-01	  4.22924615e-02	 -2.57719521e-02	
 3.35159588e-02	 -4.13825645e-02	  9.98581990e-01	  4.84012688e-02	
 0.00000000e+00	  0.00000000e+00	  0.00000000e+00	  1.00000000e+00	
21	 54	 60	
 9.36698345e-01	  2.06977800e-01	 -2.82409370e-01	  1.76811801e-01	
-2.47842033e-01	  9.61679543e-01	 -1.17235941e-01	  1.30572397e+00	
 2.47321135e-01	  1.79805722e-01	  9.52104980e-01	 -1.34134148e+00	
 0.00000000e+00	  0.00000000e+00	  0.00000000e+00	  1.00000000e+00	
21	 55	 60	
 9.57945783e-01	  9.69101223e-02	 -2.70083281e-01	  1.44981533e-01	
-2.08686808e-01	  8.81306083e-01	 -4.23963962e-01	  1.25116632e+00	
 1.96937979e-01	  4.62498419e-01	  8.64472307e-01	 -1.49168784e+00	
 0.00000000e+00	  0.00000000e+00	  0.00000000e+00	  1.00000000e+00	
21	 56	 60	
 9.17865512e-01	  4.33528507e-02	 -3.94512905e-01	  2.98171980e-01	
-2.85809057e-01	  7.61887674e-01	 -5.81237432e-01	  1.16368951e+00	
 2.75377000e-01	  6.46254736e-01	  7.11706539e-01	 -1.57160963e+00	
 0.00000000e+00	  0.00000000e+00	  0.00000000e+00	  1.00000000e+00	
21	 57	 60	
 9.03234933e-01	  1.61575689e-02	 -4.28836824e-01	  1.24340951e-01	
-2.83784884e-01	  7.72084886e-01	 -5.68636714e-01	  1.51178419e+00	
 3.21910852e-01	  6.35311766e-01	  7.01964728e-01	 -1.92798242e+00	
 0.00000000e+00	  0.00000000e+00	  0.00000000e+00	  1.00000000e+00	
21	 58	 60	
 9.98644007e-01	  4.33549069e-02	 -2.87498073e-02	 -2.76701167e-01	
-5.18625369e-02	  7.86893915e-01	 -6.14902440e-01	  1.62899063e+00	
-4.03759343e-03	  6.15560954e-01	  7.88081025e-01	 -2.10682414e+00	
 0.00000000e+00	  0.00000000e+00	  0.00000000e+00	  1.00000000e+00	
22	 23	 60	
 8.82046923e-01	  2.85931963e-01	 -3.74480889e-01	 -1.72714552e-01	
-2.93377938e-01	  9.55227663e-01	  3.83373384e-02	 -4.29156591e-02	
 3.68676721e-01	  7.60489123e-02	  9.26442031e-01	  2.67215548e-02	
 0.00000000e+00	  0.00000000e+00	  0.00000000e+00	  1.00000000e+00	
22	 54	 60	
 9.50789084e-01	  1.86940622e-01	 -2.47082882e-01	  2.14257141e-01	
-2.31272825e-01	  9.58884399e-01	 -1.64476742e-01	  1.39573255e+00	
 2.06176224e-01	  2.13524102e-01	  9.54933836e-01	 -1.34106643e+00	
 0.00000000e+00	  0.00000000e+00	  0.00000000e+00	  1.00000000e+00	
22	 55	 60	
 9.69274801e-01	  8.86119283e-02	 -2.29453387e-01	  1.78884994e-01	
-1.89480859e-01	  8.63800277e-01	 -4.66844294e-01	  1.34656493e+00	
 1.56832992e-01	  4.95978078e-01	  8.54054500e-01	 -1.49247665e+00	
 0.00000000e+00	  0.00000000e+00	  0.00000000e+00	  1.00000000e+00	
22	 56	 60	
 9.33935437e-01	  4.44758008e-02	 -3.54656956e-01	  3.31608456e-01	
-2.70885824e-01	  7.35412805e-01	 -6.21117546e-01	  1.26683810e+00	
 2.33195982e-01	  6.76156150e-01	  6.98880790e-01	 -1.58094186e+00	
 0.00000000e+00	  0.00000000e+00	  0.00000000e+00	  1.00000000e+00	
22	 57	 60	
 9.20823588e-01	  1.66645640e-02	 -3.89614640e-01	  1.36628971e-01	
-2.71203689e-01	  7.45280891e-01	 -6.09100300e-01	  1.62432665e+00	
 2.80222821e-01	  6.66540032e-01	  6.90796460e-01	 -1.91646170e+00	
 0.00000000e+00	  0.00000000e+00	  0.00000000e+00	  1.00000000e+00	
22	 58	 60	
 9.98980309e-01	  4.27763587e-02	  1.42333546e-02	 -2.73189606e-01	
-2.33856334e-02	  7.61657879e-01	 -6.47555962e-01	  1.73744412e+00	
-3.85417864e-02	  6.46563453e-01	  7.61886817e-01	 -2.07711467e+00	
 0.00000000e+00	  0.00000000e+00	  0.00000000e+00	  1.00000000e+00	
23	 24	 60	
 7.26242918e-01	  5.24575010e-01	 -4.44286102e-01	  6.73005529e-02	
-4.71966016e-01	  8.50386412e-01	  2.32573467e-01	  1.69091604e-01	
 4.99816067e-01	  4.07834200e-02	  8.65168252e-01	 -7.34129481e-02	
 0.00000000e+00	  0.00000000e+00	  0.00000000e+00	  1.00000000e+00	
23	 54	 60	
 9.82503478e-01	 -3.77040053e-02	  1.82376517e-01	 -5.85011533e-01	
 6.66220468e-02	  9.85643121e-01	 -1.55139658e-01	  1.38086451e+00	
-1.73908852e-01	  1.64573280e-01	  9.70912407e-01	 -1.35693444e+00	
 0.00000000e+00	  0.00000000e+00	  0.00000000e+00	  1.00000000e+00	
23	 55	 60	
 9.68356228e-01	  7.59511423e-03	  2.49442777e-01	 -6.57608075e-01	
 1.08076018e-01	  8.88181248e-01	 -4.46600355e-01	  1.31226964e+00	
-2.24942807e-01	  4.59427254e-01	  8.59259619e-01	 -1.48584590e+00	
 0.00000000e+00	  0.00000000e+00	  0.00000000e+00	  1.00000000e+00	
23	 56	 60	
 9.89220896e-01	  7.27584144e-02	  1.27058865e-01	 -5.32123692e-01	
 2.60184646e-02	  7.66624487e-01	 -6.41566855e-01	  1.27305316e+00	
-1.44083931e-01	  6.37957734e-01	  7.56472161e-01	 -1.62805233e+00	
 0.00000000e+00	  0.00000000e+00	  0.00000000e+00	  1.00000000e+00	
23	 57	 60	
 9.95086559e-01	  4.17872772e-02	  8.97184422e-02	 -9.32682298e-01	
 2.55420859e-02	  7.67367343e-01	 -6.40697966e-01	  1.53326922e+00	
-9.56183691e-02	  6.39842067e-01	  7.62534211e-01	 -1.85217035e+00	
 0.00000000e+00	  0.00000000e+00	  0.00000000e+00	  1.00000000e+00	
23	 58	 60	
 8.73799146e-01	  5.26495719e-02	  4.83422796e-01	 -1.38657674e+00	
 2.60370391e-01	  7.88958078e-01	 -5.56552600e-01	  1.51192453e+00	
-4.10702518e-01	  6.12184421e-01	  6.75687507e-01	 -1.84319992e+00	
 0.00000000e+00	  0.00000000e+00	  0.00000000e+00	  1.00000000e+00	
24	 25	 60	
 9.13959439e-01	  1.51688222e-01	 -3.76393607e-01	 -1.20600254e-01	
-2.50270941e-01	  9.40812151e-01	 -2.28555662e-01	 -1.58683445e-02	
 3.19446181e-01	  3.03089719e-01	  8.97826974e-01	 -1.15395563e-01	
 0.00000000e+00	  0.00000000e+00	  0.00000000e+00	  1.00000000e+00	
25	 26	 60	
 9.25338617e-01	  2.18982198e-01	 -3.09504967e-01	 -7.36124656e-02	
-2.20520651e-01	  9.74906553e-01	  3.04706806e-02	  5.76157469e-02	
 3.08412488e-01	  4.00558442e-02	  9.50409037e-01	 -1.66898870e-01	
 0.00000000e+00	  0.00000000e+00	  0.00000000e+00	  1.00000000e+00	
26	 27	 60	
 9.75609003e-01	  6.54459358e-02	 -2.09534731e-01	 -1.11899584e-01	
-7.19716692e-02	  9.97125830e-01	 -2.36630443e-02	  7.32255100e-02	
 2.07383620e-01	  3.81662706e-02	  9.77514022e-01	 -1.11228561e-01	
 0.00000000e+00	  0.00000000e+00	  0.00000000e+00	  1.00000000e+00	
26	 28	 60	
 9.07752348e-01	  7.19223591e-02	 -4.13297461e-01	 -1.55149708e-01	
-1.33080762e-01	  9.83675583e-01	 -1.21112520e-01	  1.10619417e-01	
 3.97839380e-01	  1.64941524e-01	  9.02506683e-01	 -2.52204988e-01	
 0.00000000e+00	  0.00000000e+00	  0.00000000e+00	  1.00000000e+00	
26	 50	 60	
 9.86285865e-01	 -1.50841138e-01	  6.69870541e-02	 -2.12146190e+00	
 1.49113859e-01	  9.88359562e-01	  3.01349729e-02	  2.37624998e-01	
-7.07557610e-02	 -1.97321312e-02	  9.97296378e-01	 -3.41495533e-01	
 0.00000000e+00	  0.00000000e+00	  0.00000000e+00	  1.00000000e+00	
26	 51	 60	
 8.21345502e-01	 -2.00516267e-01	  5.34028610e-01	 -1.99465329e+00	
 2.49639630e-01	  9.68121680e-01	 -2.04355518e-02	  2.71213870e-01	
-5.12907811e-01	  1.50100381e-01	  8.45216855e-01	 -3.40379781e-01	
 0.00000000e+00	  0.00000000e+00	  0.00000000e+00	  1.00000000e+00	
27	 28	 60	
 9.77694079e-01	  3.35776385e-02	 -2.07334303e-01	 -7.41227159e-02	
-5.81053949e-02	  9.91850827e-01	 -1.13367637e-01	  2.90753194e-02	
 2.01837829e-01	  1.22886038e-01	  9.71680425e-01	 -1.29629124e-01	
 0.00000000e+00	  0.00000000e+00	  0.00000000e+00	  1.00000000e+00	
27	 50	 60	
 9.36822930e-01	 -2.22387700e-01	  2.70007515e-01	 -2.02013105e+00	
 2.10533304e-01	  9.74894020e-01	  7.24956783e-02	  2.36206801e-02	
-2.79354318e-01	 -1.10695433e-02	  9.60123672e-01	  1.92093004e-01	
 0.00000000e+00	  0.00000000e+00	  0.00000000e+00	  1.00000000e+00	
27	 51	 60	
 6.76975544e-01	 -2.34174071e-01	  6.97757830e-01	 -1.89860159e+00	
 2.83100100e-01	  9.57945167e-01	  4.68321645e-02	  6.54547222e-02	
-6.79382914e-01	  1.65831947e-01	  7.14798852e-01	  1.65818070e-01	
 0.00000000e+00	  0.00000000e+00	  0.00000000e+00	  1.00000000e+00	
28	 50	 60	
 8.47308303e-01	 -2.76307727e-01	  4.53561795e-01	 -1.83734707e+00	
 2.05946242e-01	  9.58125228e-01	  1.98957355e-01	 -3.12180954e-02	
-4.89544805e-01	 -7.51691628e-02	  8.68730748e-01	  7.16701215e-01	
 0.00000000e+00	  0.00000000e+00	  0.00000000e+00	  1.00000000e+00	
28	 51	 60	
 5.08299653e-01	 -2.51140903e-01	  8.23745804e-01	 -1.72626257e+00	
 2.20038806e-01	  9.62657413e-01	  1.57718871e-01	  1.11270720e-02	
-8.32595459e-01	  1.01087275e-01	  5.44576515e-01	  6.61230695e-01	
 0.00000000e+00	  0.00000000e+00	  0.00000000e+00	  1.00000000e+00	
29	 41	 60	
 9.36273462e-01	  9.75708895e-03	  3.51132178e-01	 -1.76855384e+00	
-1.28515146e-01	  9.39825280e-01	  3.16564511e-01	  1.99702127e-01	
-3.26915430e-01	 -3.41516953e-01	  8.81187380e-01	  8.33591065e-01	
 0.00000000e+00	  0.00000000e+00	  0.00000000e+00	  1.00000000e+00	
29	 42	 60	
 6.34686307e-01	 -1.41021623e-01	  7.59790284e-01	 -1.75062574e+00	
 4.88019383e-02	  9.88559573e-01	  1.42716311e-01	  1.87551355e-01	
-7.71226932e-01	 -5.35006827e-02	  6.34307846e-01	  9.26729440e-01	
 0.00000000e+00	  0.00000000e+00	  0.00000000e+00	  1.00000000e+00	
29	 43	 60	
 6.24859699e-01	  3.70584587e-02	  7.79851911e-01	 -1.86719011e+00	
 4.05786653e-02	  9.95979759e-01	 -7.98417395e-02	  5.48488848e-02	
-7.79680779e-01	  8.15350533e-02	  6.20847569e-01	  9.25668068e-01	
 0.00000000e+00	  0.00000000e+00	  0.00000000e+00	  1.00000000e+00	
29	 45	 60	
 9.32657974e-01	  1.61465449e-01	  3.22602071e-01	 -1.75389986e+00	
-1.13645411e-01	  9.80215139e-01	 -1.62053213e-01	  1.95020986e-01	
-3.42387594e-01	  1.14477552e-01	  9.32559926e-01	  4.87094993e-01	
 0.00000000e+00	  0.00000000e+00	  0.00000000e+00	  1.00000000e+00	
29	 47	 60	
 9.41239616e-01	  4.22877625e-02	  3.35072291e-01	 -1.71915674e+00	
-1.44250960e-01	  9.47416172e-01	  2.85643702e-01	  2.75946483e-01	
-3.05376315e-01	 -3.17196048e-01	  8.97849659e-01	  7.56501970e-01	
 0.00000000e+00	  0.00000000e+00	  0.00000000e+00	  1.00000000e+00	
29	 48	 60	
 8.36690721e-01	 -1.49005714e-01	  5.27009685e-01	 -1.49408755e+00	
-1.48479219e-01	  8.64521342e-01	  4.80162777e-01	  1.83721029e-01	
-5.27161393e-01	 -4.80001278e-01	  7.01213396e-01	  1.25428726e+00	
 0.00000000e+00	  0.00000000e+00	  0.00000000e+00	  1.00000000e+00	
29	 49	 60	
 8.99229375e-01	 -2.85157214e-01	  3.31758577e-01	 -1.41640949e+00	
 3.75851903e-02	  8.05915019e-01	  5.90835835e-01	  7.31981471e-02	
-4.35854424e-01	 -5.18830543e-01	  7.35422256e-01	  1.37389168e+00	
 0.00000000e+00	  0.00000000e+00	  0.00000000e+00	  1.00000000e+00	
29	 50	 60	
 5.86365240e-01	 -2.88986080e-01	  7.56740453e-01	 -1.46184118e+00	
 1.50806880e-01	  9.56809963e-01	  2.48536195e-01	  1.27329653e-01	
-7.95886121e-01	 -3.16132374e-02	  6.04622897e-01	  1.19816407e+00	
 0.00000000e+00	  0.00000000e+00	  0.00000000e+00	  1.00000000e+00	
31	 32	 60	
