0	 1	 47	
0.9502980390	-0.1227704570	0.2861137040	0.1776483880
0.1077081690	0.9918636440	0.0678635508	-0.8102812990
-0.2921174200	-0.0336738162	0.9557894570	0.2985260700
0.0000000000	0.0000000000	0.0000000000	1.0000000000
0	 2	 47	
0.9543483960	-0.1320369670	0.2679279360	0.5668715580
0.0907350045	0.9827558270	0.1611153090	-0.8665346590
-0.2845809170	-0.1294496950	0.9498718220	0.1789543160
0.0000000000	0.0000000000	0.0000000000	1.0000000000
0	 3	 47	
0.9856555660	-0.0345892666	0.1651868250	1.1155923500
0.0064771860	0.9858042890	0.1677735070	-0.6042016080
-0.1686450430	-0.1642969450	0.9718875260	-0.1912555290
0.0000000000	0.0000000000	0.0000000000	1.0000000000
0	 4	 47	
0.9982542930	-0.0077175703	0.0585560014	1.7324732400
0.0011455469	0.9937696250	0.1114478390	-0.5438386280
-0.0590512821	-0.1111862060	0.9920436350	-0.4600081730
0.0000000000	0.0000000000	0.0000000000	1.0000000000
0	 6	 47	
-0.9885496470	-0.0151790385	-0.1501305860	3.7170463300
-0.0848065106	0.8788161700	0.4695636210	-1.1723732600
0.1248096620	0.4769190030	-0.8700406960	1.8081786100
0.0000000000	0.0000000000	0.0000000000	1.0000000000
0	 7	 47	
0.7493638520	0.2766912550	-0.6015777310	0.9792799980
-0.2105332340	0.9609253920	0.1797168540	-0.5737035820
0.6277973990	-0.0080212086	0.7783354580	-0.7276974370
0.0000000000	0.0000000000	0.0000000000	1.0000000000
0	 8	 47	
0.9957274490	-0.0497380942	0.0778008366	0.4289000900
0.0306664178	0.9728365050	0.2294530560	-0.8850086950
-0.0871000517	-0.2260868340	0.9702053000	0.5339664810
0.0000000000	0.0000000000	0.0000000000	1.0000000000
0	 9	 47	
0.8687686000	-0.2817471760	0.4072587000	0.8121062120
0.1591797730	0.9376161630	0.3090917830	-0.9000420890
-0.4689380770	-0.2037018890	0.8594199330	0.8556567660
0.0000000000	0.0000000000	0.0000000000	1.0000000000
0	 10	 47	
0.9592738210	-0.1327409780	0.2493462850	1.3298390400
0.0722827046	0.9686711470	0.2375950750	-0.7390653900
-0.2730731540	-0.2098953110	0.9388157490	0.3718428830
0.0000000000	0.0000000000	0.0000000000	1.0000000000
0	 14	 47	
0.9982119100	-0.0218268821	0.0556468340	-0.0024383153
0.0021465466	0.9434361350	0.3315473600	-1.0834320300
-0.0597358791	-0.3308350750	0.9417960380	0.5179475240
0.0000000000	0.0000000000	0.0000000000	1.0000000000
0	 15	 47	
0.9925884560	0.0074426654	0.1212961790	0.4676976310
-0.0487961456	0.9385342730	0.3417197020	-0.7646433220
-0.1112973160	-0.3451058180	0.9319414580	0.7391233470
0.0000000000	0.0000000000	0.0000000000	1.0000000000
0	 16	 47	
0.9874273250	-0.0440002878	0.1518263930	0.7111490100
0.0179104269	0.9854357340	0.1691024240	-0.1675247740
-0.1570557080	-0.1642570790	0.9738342350	0.8367146660
0.0000000000	0.0000000000	0.0000000000	1.0000000000
0	 17	 47	
0.9536408540	0.1822886600	-0.2394576510	1.0617966900
-0.1539858480	0.9791935130	0.1321681620	0.0003998950
0.2585681350	-0.0891678690	0.9618688120	-0.0266326519
0.0000000000	0.0000000000	0.0000000000	1.0000000000
0	 18	 47	
0.9924593300	0.0301300092	-0.1188135560	0.7041015230
-0.0227003880	0.9977301880	0.0633968729	-0.2507470780
0.1204540200	-0.0602217041	0.9908905970	0.4215313590
0.0000000000	0.0000000000	0.0000000000	1.0000000000
0	 23	 47	
-0.8538965680	0.4288930640	-0.2948073780	2.5110644700
-0.5176282660	-0.6410536420	0.5666667500	2.0931380400
0.0540520953	0.6364754250	0.7694006780	-0.5891328680
0.0000000000	0.0000000000	0.0000000000	1.0000000000
0	 24	 47	
0.9645705050	0.1948101710	-0.1779121630	0.3122788550
-0.1368605340	0.9460030330	0.2938493740	-0.6687796470
0.2255502930	-0.2590892860	0.9391484480	0.5015076950
0.0000000000	0.0000000000	0.0000000000	1.0000000000
0	 25	 47	
0.9544100070	-0.2809523510	0.1008331080	0.6614015100
0.2635437270	0.9517330270	0.1573179870	-1.3648063800
-0.1401650580	-0.1235719280	0.9823867540	0.4431614070
0.0000000000	0.0000000000	0.0000000000	1.0000000000
0	 26	 47	
0.9796349280	0.1022912030	0.1727770760	0.1283622650
-0.0771837416	0.9862301920	-0.1462623650	0.1487052150
-0.1853593220	0.1299481400	0.9740407600	0.6031014740
0.0000000000	0.0000000000	0.0000000000	1.0000000000
0	 30	 47	
0.5296902620	0.0767210005	-0.8447142210	1.4629734300
-0.2905154800	0.9520726030	-0.0957001269	0.6561847960
0.7968870570	0.2960939830	0.5265922250	-1.0725583000
0.0000000000	0.0000000000	0.0000000000	1.0000000000
0	 31	 47	
0.9607468800	0.0400375262	-0.2745221830	0.3675927230
-0.0946101674	0.9774965840	-0.1885453390	0.2101438140
0.2607956070	0.2071169360	0.9429147500	-0.5040188050
0.0000000000	0.0000000000	0.0000000000	1.0000000000
0	 32	 47	
0.9083256960	-0.0794459165	0.4106492130	0.2120380150
0.1362256820	0.9844550070	-0.1108643480	-0.2502623660
-0.3954579540	0.1566419050	0.9050283530	0.1382986020
0.0000000000	0.0000000000	0.0000000000	1.0000000000
1	 2	 47	
0.9995822130	0.0261904761	-0.0122253550	0.4003993390
-0.0249826502	0.9956067570	0.0902388640	-0.0789871186
0.0145350449	-0.0898957416	0.9958451130	-0.0248937877
0.0000000000	0.0000000000	0.0000000000	1.0000000000
1	 3	 47	
0.9850920260	0.1047084650	-0.1364911650	1.1453041300
-0.0904138281	0.9901355360	0.1070371890	0.0974847530
0.1463524520	-0.0931007931	0.9848417140	-0.2123295870
0.0000000000	0.0000000000	0.0000000000	1.0000000000
1	 4	 47	
0.9553261970	0.1603020200	-0.2483044890	1.7574717200
-0.1472110050	0.9865860340	0.0705472728	0.1221730490
0.2562826110	-0.0308425045	0.9661097060	-0.2851904400
0.0000000000	0.0000000000	0.0000000000	1.0000000000
1	 5	 47	
0.8886201880	0.2563047710	-0.3803446150	2.5191553100
-0.2298058520	0.9664911140	0.1143861730	0.1693450900
0.3969174120	-0.0142404442	0.9177438520	-0.4218950690
0.0000000000	0.0000000000	0.0000000000	1.0000000000
1	 7	 47	
0.4808040870	0.3886206760	-0.7860034350	1.1345211600
-0.3547193300	0.9059965910	0.2309640080	0.2651487830
0.8018738220	0.1677621730	0.5734581300	-0.7818220510
0.0000000000	0.0000000000	0.0000000000	1.0000000000
1	 8	 47	
0.9766493950	0.1225591730	-0.1764517150	0.1462228330
-0.0913186640	0.9802501590	0.1754152990	-0.0844146410
0.1944655750	-0.1552059110	0.9685526650	0.2971542440
0.0000000000	0.0000000000	0.0000000000	1.0000000000
1	 9	 47	
0.9710622010	-0.1082254740	0.2128977440	0.3576543820
0.0604110551	0.9737502560	0.2194560170	-0.1659679830
-0.2310599640	-0.2002440650	0.9521100820	0.7639918620
0.0000000000	0.0000000000	0.0000000000	1.0000000000
1	 10	 47	
0.9983508200	0.0552280651	0.0156684912	1.0085833100
-0.0570701580	0.9843520380	0.1667155110	-0.0371165908
-0.0062159362	-0.1673347710	0.9858805390	0.4165465560
0.0000000000	0.0000000000	0.0000000000	1.0000000000
1	 12	 47	
0.8911699840	0.2812866970	-0.3559408000	0.2465458160
-0.2348915700	0.9573171810	0.1684332650	0.3303534690
0.3881262800	-0.0664951770	0.9192042110	-0.4745056300
0.0000000000	0.0000000000	0.0000000000	1.0000000000
1	 14	 47	
0.9310481680	0.2410147710	-0.2739729720	-0.1445107730
-0.1549613480	0.9409127040	0.3011150340	-0.2119400130
0.3303578210	-0.2378973790	0.9133830230	0.0100319797
0.0000000000	0.0000000000	0.0000000000	1.0000000000
1	 15	 47	
0.9959498770	0.0605351000	-0.0664781554	0.1888272260
-0.0412600922	0.9646533500	0.2602720110	-0.0526282379
0.0798839676	-0.2564749830	0.9632440680	0.5580230080
0.0000000000	0.0000000000	0.0000000000	1.0000000000
1	 16	 47	
0.9667256510	0.0889368909	-0.2398577620	0.7507833050
-0.0674249264	0.9930502370	0.0964629810	0.5662634300
0.2467699250	-0.0770808461	0.9660037000	0.6259353930
0.0000000000	0.0000000000	0.0000000000	1.0000000000
1	 17	 47	
0.6961347970	0.2148391880	-0.6850112900	1.7483023500
-0.2163914380	0.9725884300	0.0851263321	0.7443696120
0.6845225270	0.0889711761	0.7235420100	0.0638679900
0.0000000000	0.0000000000	0.0000000000	1.0000000000
1	 18	 47	
0.8855646740	0.1037884260	-0.4527727580	0.7598875720
-0.1012646920	0.9944105040	0.0298866642	0.4473767740
0.4533438760	0.0193833198	0.8911249160	0.2870419530
0.0000000000	0.0000000000	0.0000000000	1.0000000000
1	 20	 47	
-0.5476022670	-0.8047733430	-0.2290668550	3.4407462600
0.7310617430	-0.3269908840	-0.5988536470	2.0092284700
0.4070386780	-0.4953956290	0.7673999520	0.4852246040
0.0000000000	0.0000000000	0.0000000000	1.0000000000
1	 24	 47	
0.8414025210	0.3055014750	-0.4457697230	-0.0465468258
-0.2194934340	0.9469656270	0.2346885890	-0.1690836100
0.4938263160	-0.0996240429	0.8638348340	0.0354331485
0.0000000000	0.0000000000	0.0000000000	1.0000000000
1	 25	 47	
0.9334304990	0.3489222830	0.0834310681	-0.2721806570
-0.3518223030	0.9357949850	0.0225568945	0.5278657990
-0.0702037719	-0.0504082039	0.9962582210	0.5880304480
0.0000000000	0.0000000000	0.0000000000	1.0000000000
1	 26	 47	
0.9833095330	0.0307882351	-0.1793166120	0.1901374880
-0.0766464800	0.9639529630	-0.2547940400	0.3339036580
0.1650081210	0.2642853950	0.9502239470	0.0163488242
0.0000000000	0.0000000000	0.0000000000	1.0000000000
1	 28	 47	
0.8775578340	0.3365418300	-0.3415140460	1.4558741100
-0.4354907680	0.8574585570	-0.2740668040	1.0137843500
0.2005991980	0.3892356850	0.8990303350	0.1762511220
0.0000000000	0.0000000000	0.0000000000	1.0000000000
1	 30	 47	
0.1840827840	0.0004316235	-0.9829106480	2.1049265100
-0.3895164110	0.9181579030	-0.0725467436	1.4782349400
0.9024358670	0.3962144350	0.1691851870	-0.7858941350
0.0000000000	0.0000000000	0.0000000000	1.0000000000
1	 31	 47	
0.8155044490	0.0814451323	-0.5729914350	0.5718514970
-0.2209377110	0.9588786790	-0.1781522020	1.0077740100
0.5349196410	0.2718793290	0.7999641290	-0.6644492390
0.0000000000	0.0000000000	0.0000000000	1.0000000000
1	 32	 47	
0.9944240890	-0.0111795769	0.1048606110	0.1487437840
0.0319913788	0.9794859040	-0.1989570680	0.5838687210
-0.1004852350	0.2012023370	0.9743820280	-0.1296996450
0.0000000000	0.0000000000	0.0000000000	1.0000000000
2	 3	 47	
0.9901355180	0.0781250934	-0.1163104670	0.7084223080
-0.0755812254	0.9967972160	0.0261302347	0.1834016870
0.1179793770	-0.0170815858	0.9928691180	-0.1515591690
0.0000000000	0.0000000000	0.0000000000	1.0000000000
2	 4	 47	
0.9651371650	0.1372888750	-0.2228497650	1.3042302800
-0.1445364570	0.9893624930	-0.0164641966	0.2409278440
0.2182188490	0.0481001235	0.9747137590	-0.2359639820
0.0000000000	0.0000000000	0.0000000000	1.0000000000
2	 5	 47	
0.8941081480	0.2213466180	-0.3893280040	2.1394595900
-0.2279721630	0.9732128020	0.0297579251	0.2975745080
0.3854858140	0.0621491441	0.9206183630	-0.3970879770
0.0000000000	0.0000000000	0.0000000000	1.0000000000
2	 6	 47	
-0.1510478140	0.2107310630	-0.9658037980	2.3630326700
-0.4995119830	0.8268313180	0.2585299790	0.5045330000
0.8530371250	0.5214809590	-0.0196283717	-0.5754290110
0.0000000000	0.0000000000	0.0000000000	1.0000000000
2	 7	 47	
0.4742386210	0.3730580790	-0.7974493090	0.7462664390
-0.4219629120	0.8912833390	0.1660159960	0.4549362390
0.7726868910	0.2577628350	0.5800976550	-0.7487950270
0.0000000000	0.0000000000	0.0000000000	1.0000000000
2	 8	 47	
0.9799044290	0.0974924144	-0.1740187900	-0.2464088550
-0.0839105070	0.9929446010	0.0837857166	-0.0423986781
0.1809594900	-0.0674999899	0.9811714500	0.3150393380
0.0000000000	0.0000000000	0.0000000000	1.0000000000
2	 9	 47	
0.9704777210	-0.1345673310	0.2001615010	0.0005136200
0.1072582870	0.9841009740	0.1415660010	-0.1622380290
-0.2160292870	-0.1159176700	0.9694815320	0.7641071300
0.0000000000	0.0000000000	0.0000000000	1.0000000000
2	 10	 47	
0.9991831100	-0.0021838529	0.0403527344	0.6188631550
-0.0013139106	0.9962552850	0.0864504543	-0.0294062338
-0.0403904199	-0.0864328537	0.9954385850	0.4713214340
0.0000000000	0.0000000000	0.0000000000	1.0000000000
2	 11	 47	
0.9888878260	0.1192771810	-0.0887345539	1.2014705000
-0.1142694240	0.9916640060	0.0595398862	0.1127179310
0.0950966130	-0.0487386223	0.9942741980	0.2552774790
0.0000000000	0.0000000000	0.0000000000	1.0000000000
2	 14	 47	
0.9230650560	0.2613391860	-0.2822281580	-0.5494727690
-0.1998566210	0.9527836330	0.2286059480	-0.1160749220
0.3286460620	-0.1546129960	0.9317116440	0.0040512613
0.0000000000	0.0000000000	0.0000000000	1.0000000000
2	 15	 47	
0.9903487110	-0.0859191843	0.1087535030	-0.3000275100
0.0654443686	0.9815751310	0.1795196280	-0.1093509560
-0.1221739140	-0.1706697280	0.9777245920	0.7141199870
0.0000000000	0.0000000000	0.0000000000	1.0000000000
2	 16	 47	
0.9813658740	0.0422990950	-0.1874348090	0.3345228950
-0.0419900084	0.9991022190	0.0056209325	0.5697376300
0.1875042940	0.0023541978	0.9822609620	0.7122437210
0.0000000000	0.0000000000	0.0000000000	1.0000000000
2	 18	 47	
0.8762848520	0.1481719900	-0.4584429290	0.2894249590
-0.1682949220	0.9857318460	-0.0030896788	0.4628475270
0.4514439910	0.0798610558	0.8887184790	0.3940224520
0.0000000000	0.0000000000	0.0000000000	1.0000000000
2	 25	 47	
0.9601545980	0.2782094270	0.0265078003	-0.7434215600
-0.2757922210	0.9585852540	-0.0710841854	0.5090665140
-0.0451862770	0.0609411623	0.9971180350	0.4901335040
0.0000000000	0.0000000000	0.0000000000	1.0000000000
2	 26	 47	
0.9888502500	0.0347753789	-0.1447959120	-0.3157102960
-0.0783494556	0.9483824060	-0.3072981860	0.7856242100
0.1266354850	0.3152165690	0.9405328110	0.3447334700
0.0000000000	0.0000000000	0.0000000000	1.0000000000
2	 27	 47	
0.9980918620	-0.0421940834	0.0450809815	0.4575716380
0.0556652993	0.9308185530	-0.3612176560	0.3352782470
-0.0267209661	0.3630378490	0.9313911690	0.7393526090
0.0000000000	0.0000000000	0.0000000000	1.0000000000
2	 28	 47	
0.9421275570	0.0352413161	-0.3333972350	1.3241533200
-0.1601677290	0.9209427660	-0.3552614820	0.7256574180
0.2945198900	0.3881011100	0.8732900800	0.2321693260
0.0000000000	0.0000000000	0.0000000000	1.0000000000
2	 31	 47	
0.8312789990	0.0752808273	-0.5507340760	0.0853663962
-0.2499770080	0.9355724660	-0.2494306660	1.1293364000
0.4964742900	0.3450173310	0.7965402190	-0.5192662360
0.0000000000	0.0000000000	0.0000000000	1.0000000000
2	 32	 47	
0.9894590250	-0.0292767474	0.1418228130	-0.3265179190
0.0691972780	0.9558942180	-0.2854434820	0.6704161870
-0.1272107500	0.2922483820	0.9478440320	-0.0149174530
0.0000000000	0.0000000000	0.0000000000	1.0000000000
2	 33	 47	
0.5868827620	-0.3293995670	0.7396381200	0.9189701110
0.3704364140	0.9215264340	0.1164727170	0.3055496670
-0.7199621420	0.2056330630	0.6628495740	1.2102387900
0.0000000000	0.0000000000	0.0000000000	1.0000000000
3	 4	 47	
0.9917532340	0.0655285104	-0.1101432530	0.5892754220
-0.0709636229	0.9964098730	-0.0461684920	0.0921844784
0.1067224720	0.0536039155	0.9928428550	-0.1483178390
0.0000000000	0.0000000000	0.0000000000	1.0000000000
3	 5	 47	
0.9496994970	0.1654866950	-0.2658665440	1.3643444100
-0.1767459780	0.9840765270	-0.0188214539	0.2546472050
0.2585183250	0.0648655677	0.9638260910	-0.4000472350
0.0000000000	0.0000000000	0.0000000000	1.0000000000
3	 7	 47	
0.5978368840	0.3287378350	-0.7311104540	-0.0088696651
-0.3768200550	0.9202417400	0.1056493570	0.2077287820
0.7075292970	0.2123359990	0.6740294630	-0.5642954910
0.0000000000	0.0000000000	0.0000000000	1.0000000000
3	 8	 47	
0.9980830940	0.0094052461	-0.0611692693	-0.8669913860
-0.0060979937	0.9985206460	0.0540308571	-0.3157797870
0.0615869518	-0.0535542752	0.9966639290	0.5690237180
0.0000000000	0.0000000000	0.0000000000	1.0000000000
3	 9	 47	
0.9277208520	-0.2278550210	0.2956621570	-0.5403667870
0.1924601940	0.9706592200	0.1441518350	-0.4322260840
-0.3198329180	-0.0768294674	0.9443538200	0.9684748310
0.0000000000	0.0000000000	0.0000000000	1.0000000000
3	 10	 47	
0.9862876300	-0.0872890861	0.1400618690	0.0230110017
0.0780166428	0.9944639780	0.0703903365	-0.2228968630
-0.1454307920	-0.0584979612	0.9876375210	0.5991587780
0.0000000000	0.0000000000	0.0000000000	1.0000000000
3	 11	 47	
0.9996637230	0.0253466602	-0.0054761543	0.6817418750
-0.0251645867	0.9991997640	0.0310897765	-0.0434992921
0.0062597941	-0.0309415166	0.9995015950	0.3042766080
0.0000000000	0.0000000000	0.0000000000	1.0000000000
3	 12	 47	
0.9824536240	0.1059332340	-0.1535025330	1.3314994800
-0.1040637790	0.9943657630	0.0201856223	0.0679471350
0.1547759910	-0.0038573841	0.9879420600	-0.0257985469
0.0000000000	0.0000000000	0.0000000000	1.0000000000
3	 13	 47	
0.9990430880	0.0289641733	0.0327716984	1.4456306400
-0.0324638256	0.9931939830	0.1118562110	-0.4870005510
-0.0293088311	-0.1128130690	0.9931838720	0.3555964890
0.0000000000	0.0000000000	0.0000000000	1.0000000000
3	 20	 47	
0.5500784840	0.8335844560	0.0505036269	0.0602423855
-0.7909978650	0.5394622880	-0.2886222750	1.5412308500
-0.2678358450	0.1188166420	0.9561101220	0.2595138740
0.0000000000	0.0000000000	0.0000000000	1.0000000000
3	 27	 47	
0.9810828400	-0.0313908049	0.1910263820	-0.1897112140
0.1068624910	0.9106192910	-0.3991903240	0.3199833150
-0.1614214030	0.4120523320	0.8967474600	1.0098583400
0.0000000000	0.0000000000	0.0000000000	1.0000000000
3	 28	 47	
0.9574568160	0.2198650910	-0.1869111760	0.3494101690
-0.2738412770	0.8965582050	-0.3481297760	0.7312420310
0.0910351635	0.3845032220	0.9186239010	0.4077930280
0.0000000000	0.0000000000	0.0000000000	1.0000000000
3	 31	 47	
0.9121897030	0.0534765399	-0.4062637140	-0.7861341420
-0.1878200260	0.9357322590	-0.2985444320	0.8791095070
0.3641889400	0.3486336180	0.8636092960	-0.1987438530
0.0000000000	0.0000000000	0.0000000000	1.0000000000
3	 32	 47	
0.9542638580	-0.0717131673	0.2902373370	-1.0444335800
0.1529844550	0.9512045810	-0.2679656730	0.3407543480
-0.2568584170	0.3001117580	0.9186711520	0.3277425460
0.0000000000	0.0000000000	0.0000000000	1.0000000000
3	 33	 47	
0.4865060290	-0.3761370310	0.7885637690	0.2809662330
0.3940293630	0.9000367800	0.1862113220	0.0867825479
-0.7797773690	0.2201243480	0.5860823540	1.3937047700
0.0000000000	0.0000000000	0.0000000000	1.0000000000
4	 5	 47	
0.9840452040	0.0958308246	-0.1499049350	0.7020410200
-0.0946517259	0.9953974730	0.0149973960	0.1924915320
0.1506522060	-0.0005693548	0.9885866620	-0.3303375590
0.0000000000	0.0000000000	0.0000000000	1.0000000000
4	 6	 47	
0.9556121320	-0.0653828602	0.2872812810	1.3481109300
0.1083283720	0.9847373490	-0.1362252430	-0.2187751520
-0.2739898110	0.1612992080	0.9481097770	0.2872498380
0.0000000000	0.0000000000	0.0000000000	1.0000000000
4	 7	 47	
0.7281174050	0.2307833680	-0.6454332510	-0.6637551060
-0.2610576680	0.9640172210	0.0501965292	-0.0119044400
0.6337932930	0.1319463330	0.7621654850	-0.3259113050
0.0000000000	0.0000000000	0.0000000000	1.0000000000
4	 8	 47	
0.9956872090	-0.0830836439	0.0412806277	-1.2929502900
0.0783194961	0.9912739190	0.1060286430	-0.5069106870
-0.0497296556	-0.1023382860	0.9935058310	0.8977549540
0.0000000000	0.0000000000	0.0000000000	1.0000000000
4	 9	 47	
0.8716216960	-0.2977400550	0.3893924480	-0.9819317280
0.2284168260	0.9495763060	0.2147803350	-0.5325418820
-0.4337065510	-0.0982634129	0.8956801490	1.2750523800
0.0000000000	0.0000000000	0.0000000000	1.0000000000
4	 10	 47	
0.9558800480	-0.1688538100	0.2403782960	-0.4544047320
0.1404640490	0.9814046380	0.1308235000	-0.3228111560
-0.2579984210	-0.0912870646	0.9618230020	0.8257784200
0.0000000000	0.0000000000	0.0000000000	1.0000000000
4	 11	 47	
0.9920985360	-0.0573234369	0.1115998100	0.1362360360
0.0492219688	0.9960394560	0.0740445847	-0.0978552627
-0.1154023050	-0.0679663617	0.9909908590	0.4433362000
0.0000000000	0.0000000000	0.0000000000	1.0000000000
4	 12	 47	
0.9993625490	0.0322367686	-0.0153390428	0.6773199790
-0.0312609164	0.9977032680	0.0600911240	0.0427165994
0.0172409568	-0.0595733063	0.9980750330	0.0829868456
0.0000000000	0.0000000000	0.0000000000	1.0000000000
4	 13	 47	
0.9903669290	-0.0465023612	0.1304257500	0.9151718370
0.0249347321	0.9864162060	0.1623617160	-0.4752087690
-0.1362042770	-0.1575455430	0.9780735130	0.4187733670
0.0000000000	0.0000000000	0.0000000000	1.0000000000
4	 27	 47	
0.9415845100	-0.1405295790	0.3060556290	-0.5337869540
0.2364062470	0.9230454790	-0.3034783850	0.0825847648
-0.2398555750	0.3581040090	0.9023473950	1.1705647100
0.0000000000	0.0000000000	0.0000000000	1.0000000000
4	 28	 47	
0.9976408130	0.0522694951	-0.0445051564	-0.0783958155
-0.0645191502	0.9353762260	-0.3477191330	0.5307595610
0.0234539617	0.3497702330	0.9365418810	0.4875237130
0.0000000000	0.0000000000	0.0000000000	1.0000000000
4	 31	 47	
0.9630398880	0.0142870579	-0.2689796550	-1.4590772200
-0.0988648897	0.9476450900	-0.3036355000	0.6942812140
0.2505591920	0.3190057410	0.9140325100	0.0878044564
0.0000000000	0.0000000000	0.0000000000	1.0000000000
4	 32	 47	
0.9102177160	-0.1085600460	0.3996478770	-1.5796175000
0.2021690040	0.9587056810	-0.2000277770	0.1609842020
-0.3614296650	0.2628652400	0.8945783720	0.6305884680
0.0000000000	0.0000000000	0.0000000000	1.0000000000
4	 33	 47	
0.3650673280	-0.4225841570	0.8295471520	-0.1576881150
0.4032879710	0.8748866490	0.2682017230	0.0468632611
-0.8390975270	0.2366347010	0.4898156380	1.5302911100
0.0000000000	0.0000000000	0.0000000000	1.0000000000
5	 6	 47	
0.8572071730	-0.1798335940	0.4825512830	0.7972383640
0.2492479550	0.9648601340	-0.0831888139	-0.4312188180
-0.4506343520	0.1915849680	0.8719081840	0.5587712690
0.0000000000	0.0000000000	0.0000000000	1.0000000000
5	 8	 47	
0.9563276600	-0.1827549490	0.2281184670	-1.1723562600
0.1622877110	0.9810735500	0.1056285370	-0.7498554570
-0.2431051320	-0.0639946679	0.9678866550	1.4349921400
0.0000000000	0.0000000000	0.0000000000	1.0000000000
5	 10	 47	
0.8853681480	-0.2693596540	0.3789045000	-0.9505838610
0.2408421000	0.9628976440	0.1217506050	-0.5915387930
-0.3976409510	-0.0165379519	0.9173920480	1.2481548100
0.0000000000	0.0000000000	0.0000000000	1.0000000000
5	 11	 47	
0.9552850450	-0.1597769520	0.2488007420	-0.4026292290
0.1441193000	0.9863174370	0.0800471185	-0.3354384740
-0.2581861940	-0.0406108265	0.9652412390	0.8280447160
0.0000000000	0.0000000000	0.0000000000	1.0000000000
5	 12	 47	
0.9889086120	-0.0686028183	0.1317323430	0.0512534655
0.0625961677	0.9968248000	0.0492141956	-0.1336623010
-0.1346902990	-0.0404224020	0.9900629030	0.3928582320
0.0000000000	0.0000000000	0.0000000000	1.0000000000
5	 13	 47	
0.9558349500	-0.1500176910	0.2527335380	0.3613449860
0.1082643620	0.9791713090	0.1717625540	-0.6308371210
-0.2732368510	-0.1368146170	0.9521677290	0.6888502810
0.0000000000	0.0000000000	0.0000000000	1.0000000000
5	 22	 47	
0.3481353570	0.3696775590	-0.8614756390	1.4066808100
-0.4237430020	0.8817773890	0.2071485060	-0.5216534130
0.8362078940	0.2929285550	0.4636261650	-0.7691252460
0.0000000000	0.0000000000	0.0000000000	1.0000000000
5	 24	 47	
0.9936385290	0.0312095431	-0.1082055410	0.1395853110
-0.0290903948	0.9993538840	0.0211083558	-0.5633884420
0.1087944100	-0.0178263337	0.9939044210	0.5313831800
0.0000000000	0.0000000000	0.0000000000	1.0000000000
5	 31	 47	
0.9977400490	0.0145562591	-0.0655965735	-2.1979993600
-0.0351477906	0.9451008020	-0.3248832220	0.3700116200
0.0572662899	0.3264545760	0.9434765400	0.8547135480
0.0000000000	0.0000000000	0.0000000000	1.0000000000
5	 32	 47	
0.8019994570	-0.1501648050	0.5781413340	-2.1489178500
0.2965748760	0.9402612710	-0.1671887710	-0.2555784660
-0.5184980360	0.3055474980	0.7986241370	1.4008286800
0.0000000000	0.0000000000	0.0000000000	1.0000000000
5	 33	 47	
0.2015727870	-0.5185600420	0.8309415710	-0.4178889610
0.3954779330	0.8192174850	0.4153070160	-0.3357910410
-0.8960834870	0.2449044630	0.3702110050	2.0589567500
0.0000000000	0.0000000000	0.0000000000	1.0000000000
6	 7	 47	
0.7845801070	-0.2709603270	0.5576867920	0.1425370570
0.2283832690	0.9625087780	0.1463486760	-0.2255555730
-0.5764331170	0.0125440726	0.8170480450	0.6164764460
0.0000000000	0.0000000000	0.0000000000	1.0000000000
6	 11	 47	
0.9794989820	0.0976045417	-0.1762245670	-1.1833175300
-0.0567404494	0.9730385280	0.2235543420	0.2805554240
0.1932932130	-0.2089721890	0.9586283730	-0.2805326070
0.0000000000	0.0000000000	0.0000000000	1.0000000000
6	 12	 47	
0.9592971280	0.1634456950	-0.2302922600	-0.7091750540
-0.1148391130	0.9707960130	0.2106349450	0.3284154220
0.2579941830	-0.1756149380	0.9500517850	-0.3854983660
0.0000000000	0.0000000000	0.0000000000	1.0000000000
6	 13	 47	
0.9890224840	0.0984462880	-0.1101946220	-0.5016137870
-0.0631056727	0.9557184190	0.2874369100	-0.1647496210
0.1336121270	-0.2773276610	0.9514395240	-0.0087298282
0.0000000000	0.0000000000	0.0000000000	1.0000000000
6	 14	 47	
0.7764556270	-0.3344944710	0.5340693850	-0.0948949871
0.1439674920	0.9192417260	0.3664259960	-0.4836666690
-0.6135063330	-0.2076248960	0.7619067410	1.3977914300
0.0000000000	0.0000000000	0.0000000000	1.0000000000
6	 20	 47	
0.8992721680	0.3783431340	-0.2194676330	0.9557075050
-0.4085043560	0.9058224100	-0.1122940480	0.7578377760
0.1563130180	0.1906363960	0.9691357000	-0.6761468120
0.0000000000	0.0000000000	0.0000000000	1.0000000000
6	 22	 47	
0.9977166800	0.0244810192	-0.0629452662	0.2825519010
-0.0276300293	0.9983842310	-0.0496538939	0.1156595940
0.0616279833	0.0512796977	0.9967810110	-0.1117720990
0.0000000000	0.0000000000	0.0000000000	1.0000000000
6	 23	 47	
0.9445025670	-0.1628502060	0.2852975830	0.3730322640
0.0687330658	0.9472186870	0.3131333970	0.0673304979
-0.3212330400	-0.2761459200	0.9058436760	1.5503813100
0.0000000000	0.0000000000	0.0000000000	1.0000000000
6	 26	 47	
0.0762471676	-0.1278835430	0.9888539670	0.7694387850
0.2754018400	0.9558618350	0.1023815360	0.4485823060
-0.9583006810	0.2645259000	0.1081011210	2.4255067100
0.0000000000	0.0000000000	0.0000000000	1.0000000000
6	 30	 47	
0.9509109500	-0.0280746170	0.3081885470	-0.5019958660
0.0941030224	0.9749493950	-0.2015398170	0.7837413630
-0.2948100850	0.2206478930	0.9297319620	0.9540320450
0.0000000000	0.0000000000	0.0000000000	1.0000000000
7	 8	 47	
0.6781230140	-0.3748359140	0.6321765700	0.3968842620
0.2908140520	0.9268123670	0.2375837170	-0.4500949460
-0.6749639730	0.0227348434	0.7375003470	1.3503951800
0.0000000000	0.0000000000	0.0000000000	1.0000000000
7	 9	 47	
0.2807967890	-0.5476066120	0.7882132720	0.9511010250
0.3955587410	0.8142916260	0.4248086990	-0.4206504330
-0.8744635190	0.1924997310	0.4452610560	1.3899803100
0.0000000000	0.0000000000	0.0000000000	1.0000000000
7	 10	 47	
0.4972173710	-0.4350627660	0.7506632240	0.9460377680
0.3069040100	0.8974492120	0.3168514500	-0.1101347940
-0.8115323870	0.0728375084	0.5797498440	0.7785372900
0.0000000000	0.0000000000	0.0000000000	1.0000000000
7	 14	 47	
0.9934334630	-0.0859257046	0.0755428877	0.1645386680
0.0664918038	0.9709248020	0.2299649290	-0.4596322100
-0.0931063618	-0.2234318730	0.9702625440	0.6192429710
0.0000000000	0.0000000000	0.0000000000	1.0000000000
7	 17	 47	
0.9698845480	-0.0925355022	0.2253023410	0.3568052000
0.0990365712	0.9949263490	-0.0177007960	0.1345022930
-0.2225212830	0.0394808998	0.9741280910	0.3543774870
0.0000000000	0.0000000000	0.0000000000	1.0000000000
7	 23	 47	
0.9643071470	0.1618086590	-0.2095940930	0.2643806970
-0.1275643890	0.9775385400	0.1677668880	0.0027866224
0.2320324390	-0.1350420670	0.9632884240	0.3098925040
0.0000000000	0.0000000000	0.0000000000	1.0000000000
7	 24	 47	
0.8520260900	-0.0867732666	0.5162576320	-0.2274217760
-0.1056878680	0.9373480960	0.3319768400	-0.2272593340
-0.5127198230	-0.3374150970	0.7894741510	2.0965868000
0.0000000000	0.0000000000	0.0000000000	1.0000000000
7	 29	 47	
0.8623307700	0.0016032896	0.5063428410	-0.9284189690
0.2027159510	0.9152640630	-0.3481349430	0.3535830110
-0.4639955670	0.4028512440	0.7889353520	1.6612154000
0.0000000000	0.0000000000	0.0000000000	1.0000000000
7	 30	 47	
0.9456286180	0.0233307226	-0.3244105330	0.0549424405
-0.1443892680	0.9238634600	-0.3544404700	1.3922299200
0.2914416850	0.3820104510	0.8770004330	-0.5140325790
0.0000000000	0.0000000000	0.0000000000	1.0000000000
7	 31	 47	
0.8767801080	-0.1385933530	0.4604872690	-0.4116482420
0.2676123680	0.9362190730	-0.2277662560	0.3139363670
-0.3995500750	0.3229330110	0.8579475560	0.7831290600
0.0000000000	0.0000000000	0.0000000000	1.0000000000
8	 9	 47	
0.9038955540	-0.2424395750	0.3524143590	0.3514717950
0.2220499220	0.9701129620	0.0978502609	-0.1418770420
-0.3656045140	-0.0101928349	0.9307144810	0.3735347710
0.0000000000	0.0000000000	0.0000000000	1.0000000000
8	 10	 47	
0.9744415930	-0.0994066241	0.2014495110	0.8834935410
0.0980472637	0.9950409520	0.0167403239	0.0943905237
-0.2021146130	0.0034391055	0.9793558370	-0.0213524502
0.0000000000	0.0000000000	0.0000000000	1.0000000000
8	 11	 47	
0.9980828060	0.0260419991	0.0561473699	1.5069219300
-0.0246282628	0.9993656160	-0.0257257441	0.3112996650
-0.0567817007	0.0242936107	0.9980910070	-0.3463173830
0.0000000000	0.0000000000	0.0000000000	1.0000000000
8	 12	 47	
0.9932441380	0.0748613018	-0.0886671768	1.4022811800
-0.0788787142	0.9959692190	-0.0427020279	0.4155827800
0.0851130495	0.0494074918	0.9951455510	-0.6449524680
0.0000000000	0.0000000000	0.0000000000	1.0000000000
8	 13	 47	
0.9932506520	-0.0336026808	0.1110135220	1.8047358100
0.0266387211	0.9976180090	0.0636292966	-0.1859495360
-0.1128872040	-0.0602425821	0.9917798700	-0.2819639510
0.0000000000	0.0000000000	0.0000000000	1.0000000000
8	 14	 47	
0.7098726200	0.4208778870	-0.5647500930	0.1284078070
-0.3309062080	0.9071145090	0.2600852710	0.0104440244
0.6217571430	0.0022518985	0.7832068590	-0.6888317530
0.0000000000	0.0000000000	0.0000000000	1.0000000000
8	 18	 47	
0.9654184800	0.0757211608	-0.2494663600	0.4064163500
-0.1151080350	0.9823743380	-0.1472779710	0.6299163410
0.2339172910	0.1709004570	0.9571184540	0.0024386559
0.0000000000	0.0000000000	0.0000000000	1.0000000000
8	 19	 47	
0.8979349990	0.2840016120	0.3362377480	-0.7497191210
-0.1403460880	0.9088332300	-0.3928423810	0.5503464130
-0.4171519070	0.3055572700	0.8559316800	0.5165062830
0.0000000000	0.0000000000	0.0000000000	1.0000000000
8	 23	 47	
0.3932247830	0.4854051540	-0.7808688150	0.3702628370
-0.4984264350	0.8262057080	0.2625932530	0.7922212930
0.7726223910	0.2859474850	0.5668233210	-0.6211512790
0.0000000000	0.0000000000	0.0000000000	1.0000000000
8	 24	 47	
0.9154948720	0.3364021720	-0.2206869230	-0.8263162190
-0.3143804780	0.9404393360	0.1293783980	0.2165833630
0.2510658380	-0.0490655999	0.9667256650	0.0010548869
0.0000000000	0.0000000000	0.0000000000	1.0000000000
8	 26	 47	
0.9955450930	-0.0892747897	0.0303311534	-0.1635163290
0.0942663159	0.9357476970	-0.3398383570	0.4788489010
0.0019566910	0.3411836150	0.9399946340	-0.0261906887
0.0000000000	0.0000000000	0.0000000000	1.0000000000
8	 29	 47	
0.9365374280	-0.0018655280	-0.3505626410	-1.0147682400
-0.1745515530	0.8647342550	-0.4709208260	1.2798869500
0.3040220400	0.5022262320	0.8095303640	-0.5135091940
0.0000000000	0.0000000000	0.0000000000	1.0000000000
8	 31	 47	
0.9355012740	0.0879017777	-0.3422143260	-0.0220836784
-0.2228320180	0.8984301520	-0.3783769990	1.3548929500
0.2741956580	0.4302284730	0.8600698820	-0.7059633100
0.0000000000	0.0000000000	0.0000000000	1.0000000000
8	 32	 47	
0.9441324280	-0.0637379468	0.3233441390	-0.1561965940
0.1693586550	0.9354961210	-0.3101042630	0.6677659640
-0.2827217790	0.3475406190	0.8940267970	-0.2401049630
0.0000000000	0.0000000000	0.0000000000	1.0000000000
8	 33	 47	
0.4796133580	-0.3608646760	0.7998423050	0.5052058700
0.4395138030	0.8877313270	0.1369697330	0.4108767170
-0.7594726090	0.2858492190	0.5843728090	0.7227637560
0.0000000000	0.0000000000	0.0000000000	1.0000000000
9	 10	 47	
0.9747792220	0.1384906210	-0.1750023300	0.6691528800
-0.1464166220	0.9886671380	-0.0331581613	0.0996044800
0.1684269580	0.0579451366	0.9840095130	-0.1436623530
0.0000000000	0.0000000000	0.0000000000	1.0000000000
9	 11	 47	
0.9199233000	0.2341965990	-0.3144726930	1.3997365000
-0.2565462120	0.9660334300	-0.0310395606	0.1278838250
0.2965217740	0.1092307930	0.9487589110	-0.1990402450
0.0000000000	0.0000000000	0.0000000000	1.0000000000
9	 12	 47	
0.8660512320	0.2227540270	-0.4475889940	2.0213980100
-0.2563643040	0.9664628860	-0.0150609643	0.0403874422
0.4292232610	0.1277894080	0.8941125540	-0.3149672960
0.0000000000	0.0000000000	0.0000000000	1.0000000000
9	 14	 47	
0.9373896250	-0.2507319620	0.2417316140	-0.6855262880
0.2299495620	0.9668363740	0.1111333650	-0.5639634440
-0.2615796040	-0.0485891848	0.9639580910	0.1431831880
0.0000000000	0.0000000000	0.0000000000	1.0000000000
9	 16	 47	
0.8683972190	0.2170590560	-0.4458381280	0.2611153640
-0.2779666090	0.9576439030	-0.0751845709	0.7851230460
0.4106346730	0.1892181850	0.8919504710	0.0149727310
0.0000000000	0.0000000000	0.0000000000	1.0000000000
9	 17	 47	
0.8502422040	-0.2406383930	0.4681680870	-0.4772829870
0.3144378770	0.9454570310	-0.0850871596	0.5449266640
-0.4221575720	0.2195544730	0.8795332950	0.0865378091
0.0000000000	0.0000000000	0.0000000000	1.0000000000
9	 18	 47	
0.7421621180	0.2095531750	-0.6366182980	0.4586341000
-0.3539131700	0.9291677030	-0.1067372800	0.7808844700
0.5691580260	0.3045239660	0.7637566990	-0.2911485590
0.0000000000	0.0000000000	0.0000000000	1.0000000000
9	 24	 47	
0.8452908780	0.3053896650	-0.4384295650	0.4925289010
-0.3200149370	0.9464686930	0.0422782847	0.3852421700
0.4278712090	0.1045665610	0.8977706070	-0.3783424260
0.0000000000	0.0000000000	0.0000000000	1.0000000000
9	 26	 47	
0.9165734050	0.0344741757	-0.3983776160	-0.1812180640
-0.1915797850	0.9123470020	-0.3618288750	0.8403418160
0.3509848720	0.4079638210	0.8428375530	-0.5041793370
0.0000000000	0.0000000000	0.0000000000	1.0000000000
9	 27	 47	
0.9800911890	0.0134812173	-0.1980896710	0.4739190570
-0.1000182560	0.8953797060	-0.4339257200	0.5347340170
0.1715156240	0.4450993580	0.8789021290	0.2545559130
0.0000000000	0.0000000000	0.0000000000	1.0000000000
9	 28	 47	
0.7862163470	0.2885769190	-0.5464313470	1.2834350700
-0.5577518610	0.7120782040	-0.4264475270	1.1912091000
0.2660389380	0.6400531180	0.7208018380	-0.0442688499
0.0000000000	0.0000000000	0.0000000000	1.0000000000
9	 29	 47	
0.7728672970	0.0497520777	-0.6326143160	2.2306493000
-0.3525188640	0.8626017850	-0.3628341380	0.6406023560
0.5276424850	0.5034311190	0.6842152550	-0.1398119080
0.0000000000	0.0000000000	0.0000000000	1.0000000000
9	 31	 47	
0.7040508950	0.1096413820	-0.7016345950	0.3833408440
-0.4178371600	0.8628466780	-0.2844428220	1.4491930300
0.5742163750	0.4934312300	0.6533002190	-0.9820076110
0.0000000000	0.0000000000	0.0000000000	1.0000000000
9	 32	 47	
0.9959794910	0.0226905049	-0.0866602247	-0.0908882802
-0.0558182655	0.9138291070	-0.4022445580	0.9394321280
0.0700655036	0.4054645540	0.9114215930	-0.6646470440
0.0000000000	0.0000000000	0.0000000000	1.0000000000
9	 33	 47	
0.7871629980	-0.2411802300	0.5676323730	0.7472633230
0.3290497950	0.9426635310	-0.0557826109	0.3081307970
-0.5216326740	0.2306893230	0.8213901570	0.6826082370
0.0000000000	0.0000000000	0.0000000000	1.0000000000
9	 34	 47	
0.6587179740	-0.3251102840	0.6785233480	0.8232205540
0.3888850440	0.9191388950	0.0628658370	0.5010351560
-0.6440955310	0.2224567250	0.7318838380	0.2418556530
0.0000000000	0.0000000000	0.0000000000	1.0000000000
10	 11	 47	
0.9851851290	0.1021183140	-0.1377755820	0.6969096430
-0.1059120040	0.9941647530	-0.0204717157	0.1205539800
0.1348810910	0.0347605179	0.9902518860	-0.1622023890
0.0000000000	0.0000000000	0.0000000000	1.0000000000
10	 12	 47	
0.9400549800	0.1896821950	-0.2834030700	1.3756210200
-0.2022131610	0.9792212050	-0.0153514987	0.2021330500
0.2746023890	0.0717390834	0.9588780070	-0.3937918510
0.0000000000	0.0000000000	0.0000000000	1.0000000000
10	 13	 47	
0.9861210940	0.1431886730	-0.0840368467	1.3418733900
-0.1375277070	0.9880424110	0.0697016834	-0.3742858240
0.0930124602	-0.0571769055	0.9940218730	-0.0037578107
0.0000000000	0.0000000000	0.0000000000	1.0000000000
10	 24	 47	
0.8986435380	0.2577356170	-0.3549818900	0.2125002400
-0.2962310410	0.9533708180	-0.0577170138	0.6047380820
0.3235536450	0.1570236760	0.9330898160	-0.4497417570
0.0000000000	0.0000000000	0.0000000000	1.0000000000
10	 27	 47	
0.9996373270	-0.0261767022	0.0063242086	-0.1893321950
0.0265650220	0.9199954340	-0.3910277500	0.3972440250
0.0044175739	0.3910539370	0.9203571610	0.4062775990
0.0000000000	0.0000000000	0.0000000000	1.0000000000
10	 31	 47	
0.8241734580	0.0616556304	-0.5629713080	-0.5121674970
-0.2872958650	0.9021714150	-0.3217884760	1.2270852800
0.4880565510	0.4269488500	0.7612591430	-0.8706816530
0.0000000000	0.0000000000	0.0000000000	1.0000000000
10	 32	 47	
0.9950407250	-0.0477834055	0.0872393360	-0.8965457850
0.0803015054	0.9034758680	-0.4210499070	0.8641568270
-0.0586994364	0.4259672550	0.9028323620	-0.5559209390
0.0000000000	0.0000000000	0.0000000000	1.0000000000
10	 33	 47	
0.6281826750	-0.3178535760	0.7101799990	0.2532740520
0.3729531840	0.9240680470	0.0836909013	0.2478140470
-0.6828560970	0.2122907170	0.6990280410	0.8915086060
0.0000000000	0.0000000000	0.0000000000	1.0000000000
11	 12	 47	
0.9880029930	0.0834257807	-0.1299623990	0.6001042820
-0.0850858351	0.9963471470	-0.0072638022	0.1248083100
0.1288816770	0.0182346176	0.9914923160	-0.2857637260
0.0000000000	0.0000000000	0.0000000000	1.0000000000
11	 13	 47	
0.9995593330	0.0009850931	0.0296676483	0.7722811260
-0.0035340519	0.9962899210	0.0859878168	-0.4399908770
-0.0294728730	-0.0860547719	0.9958543700	0.0428893804
0.0000000000	0.0000000000	0.0000000000	1.0000000000
11	 14	 47	
0.6351609100	-0.4848355610	0.6012529390	1.6278994900
0.3994055710	0.8724555340	0.2815963980	-1.0089099500
-0.6610944010	0.0612847489	0.7477956750	1.1729181100
0.0000000000	0.0000000000	0.0000000000	1.0000000000
11	 18	 47	
0.9828235260	0.1321109090	-0.1288589320	1.5084095500
-0.1467766070	0.9828249780	-0.1118556640	0.4498455480
0.1118684240	0.1288478550	0.9853343020	0.3802347030
0.0000000000	0.0000000000	0.0000000000	1.0000000000
11	 23	 47	
0.3868011730	0.2168295040	-0.8963089980	2.6724932900
-0.3429471250	0.9360730660	0.0784505219	0.5192023540
0.8560210990	0.2770418400	0.4364352150	-0.2499393370
0.0000000000	0.0000000000	0.0000000000	1.0000000000
11	 24	 47	
0.8403082680	-0.1056044080	-0.5317233520	1.6192560700
0.1927954230	0.9749342740	0.1110544250	-0.8282641310
0.5066674840	-0.1958337810	0.8396053780	0.2666906920
0.0000000000	0.0000000000	0.0000000000	1.0000000000
11	 28	 47	
0.9812437030	-0.0566565275	-0.1842575180	0.0537991568
-0.0392844665	0.8770054620	-0.4788717470	0.7000649310
0.1887260600	0.4771283440	0.8583303660	0.0031758296
0.0000000000	0.0000000000	0.0000000000	1.0000000000
11	 29	 47	
0.9655362710	-0.0471102930	-0.2559693940	0.5484108510
-0.0915600921	0.8591344850	-0.5034924890	0.9662131620
0.2436318120	0.5095768410	0.8252120840	-0.1820016290
0.0000000000	0.0000000000	0.0000000000	1.0000000000
11	 33	 47	
0.4732682140	-0.4062907360	0.7816297310	-0.3896131000
0.4574825600	0.8716141370	0.1760639210	0.0909616710
-0.7528126630	0.2742565130	0.5983781910	1.0300319200
0.0000000000	0.0000000000	0.0000000000	1.0000000000
12	 13	 47	
0.9822631120	-0.0909299067	0.1639845420	0.2304226050
0.0742650471	0.9916901380	0.1050493850	-0.5322891330
-0.1721739840	-0.0910078165	0.9808535550	0.3336977110
0.0000000000	0.0000000000	0.0000000000	1.0000000000
12	 15	 47	
-0.0776079856	-0.6210861500	0.7798903730	2.0401629900
0.5155547420	0.6445392880	0.5645993400	-0.6812733820
-0.8533348160	0.4458935980	0.2701825140	1.4071851600
0.0000000000	0.0000000000	0.0000000000	1.0000000000
12	 17	 47	
0.3294135300	-0.3182347540	0.8889394620	0.8611158010
0.4393438010	0.8850163420	0.1540230480	0.1505899140
-0.8357414380	0.3398127660	0.4313508240	1.2055898200
0.0000000000	0.0000000000	0.0000000000	1.0000000000
12	 21	 47	
-0.9852363570	0.0629602784	-0.1592021460	3.2795553200
-0.0134444181	0.8985951060	0.4385727800	-1.3016195300
0.1706709330	0.4342382280	-0.8844821050	3.2579513500
0.0000000000	0.0000000000	0.0000000000	1.0000000000
12	 23	 47	
0.6070218810	0.3293667020	-0.7232164350	1.6234992500
-0.3432904350	0.9294540190	0.1351551130	0.4557035080
0.7167120160	0.1662311730	0.6772673650	-0.2446102920
0.0000000000	0.0000000000	0.0000000000	1.0000000000
12	 24	 47	
0.9775709140	0.1997489830	-0.0667491732	0.1034707240
-0.1920875200	0.9756022210	0.1063141100	0.0410267216
0.0863567771	-0.0911078988	0.9920896420	0.6775082010
0.0000000000	0.0000000000	0.0000000000	1.0000000000
12	 28	 47	
0.9785528230	-0.2056155740	0.0125143289	-0.0426020438
0.1867667340	0.8599389000	-0.4749981840	0.3946090910
0.0869054662	0.4671480740	0.8798977880	0.2687738130
0.0000000000	0.0000000000	0.0000000000	1.0000000000
12	 29	 47	
0.9937216770	0.0563690626	-0.0966424191	0.0829894015
-0.0914168313	0.9070794360	-0.4109134450	0.5943233800
0.0644995453	0.4171683420	0.9065375800	0.0770276158
0.0000000000	0.0000000000	0.0000000000	1.0000000000
12	 33	 47	
0.3343070200	-0.4850317880	0.8080736240	-0.7748299480
