0	 1	 47	
0.9431498350	-0.1287461170	0.3064193640	0.1560013910
0.1077968160	0.9905829750	0.0844109936	-0.8407070900
-0.3144013930	-0.0465811828	0.9481465910	0.3843271370
0.0000000000	0.0000000000	0.0000000000	1.0000000000
0	 2	 47	
0.9565784560	-0.1216482190	0.2648761360	0.5613352880
0.0819345812	0.9843265810	0.1561662770	-0.8480441660
-0.2797219710	-0.1276827810	0.9515527980	0.1618103700
0.0000000000	0.0000000000	0.0000000000	1.0000000000
0	 3	 47	
0.9861218940	-0.0522357172	0.1575913730	1.1451151700
0.0257436958	0.9858434140	0.1656804890	-0.6200351850
-0.1640148560	-0.1593241730	0.9735065150	-0.2042263510
0.0000000000	0.0000000000	0.0000000000	1.0000000000
0	 4	 47	
0.9978264400	0.0193688341	0.0629860549	1.6768000500
-0.0263886048	0.9932896490	0.1126024670	-0.5265700540
-0.0603824178	-0.1140198330	0.9916417910	-0.4584052750
0.0000000000	0.0000000000	0.0000000000	1.0000000000
0	 5	 47	
0.9857471960	0.0554927071	-0.1588175850	0.9608477610
-0.0365472531	0.9921229260	0.1198181840	-0.5245706670
0.1642156030	-0.1123060920	0.9800104990	-0.6076654470
0.0000000000	0.0000000000	0.0000000000	1.0000000000
0	 7	 47	
0.7459008480	0.3213724890	-0.5833966470	0.8739055050
-0.2262693250	0.9460675110	0.2318587010	-0.5757699240
0.6264456210	-0.0409388362	0.7783892950	-0.6627791390
0.0000000000	0.0000000000	0.0000000000	1.0000000000
0	 8	 47	
0.9932961550	-0.0624423554	0.0972815529	0.4295116790
0.0373087842	0.9696896530	0.2414747020	-0.8992093310
-0.1094111640	-0.2362264370	0.9655186520	0.6039967370
0.0000000000	0.0000000000	0.0000000000	1.0000000000
0	 9	 47	
0.8645952300	-0.3016649300	0.4018374780	0.8534043790
0.1859686630	0.9350497670	0.3018237720	-0.9155692170
-0.4667876870	-0.1862262150	0.8645397920	0.8125048510
0.0000000000	0.0000000000	0.0000000000	1.0000000000
0	 10	 47	
0.9581818360	-0.1385333280	0.2503918660	1.3354535000
0.0806236999	0.9702510830	0.2282819640	-0.7294382130
-0.2745676400	-0.1985481120	0.9408460330	0.3583843040
0.0000000000	0.0000000000	0.0000000000	1.0000000000
0	 12	 47	
0.6197360610	-0.6940420670	-0.3663779790	2.1483885600
0.6604222590	0.7134028930	-0.2343048270	-0.8796417470
0.4239925170	-0.0967570217	0.9004823290	-0.7543163510
0.0000000000	0.0000000000	0.0000000000	1.0000000000
0	 13	 47	
-0.2554443290	0.5906217850	-0.7654502610	2.4467663900
-0.4482814510	0.6291156380	0.6350253970	-0.3695504290
0.8566165620	0.5053507900	0.1040607690	-1.1638615400
0.0000000000	0.0000000000	0.0000000000	1.0000000000
0	 14	 47	
0.9981477710	0.0044756060	-0.0606712211	0.1866167410
0.0178065694	0.9321205650	0.3617100760	-1.1504346600
0.0581717647	-0.3621204520	0.9303143680	0.4383262460
0.0000000000	0.0000000000	0.0000000000	1.0000000000
0	 15	 47	
0.9969012180	0.0760761619	0.0200094975	0.5743064080
-0.0782825133	0.9344320850	0.3474313260	-0.7620203940
0.0077337253	-0.3479211060	0.9374919170	0.6811643190
0.0000000000	0.0000000000	0.0000000000	1.0000000000
0	 16	 47	
0.9966547500	-0.0287589764	0.0764998787	0.8185584720
0.0145124648	0.9834423530	0.1806392190	-0.1719613850
-0.0804282197	-0.1789247340	0.9805698550	0.7805875030
0.0000000000	0.0000000000	0.0000000000	1.0000000000
0	 17	 47	
0.9071721470	0.1275444590	-0.4009627240	1.4815457500
-0.0949856943	0.9904283260	0.1001471370	0.0003554621
0.4098980520	-0.0527649707	0.9106038900	-0.1149658780
0.0000000000	0.0000000000	0.0000000000	1.0000000000
0	 18	 47	
0.9679283130	-0.1200610030	-0.2206810740	0.7320183130
0.1333904870	0.9899734560	0.0464707864	-0.4513221650
0.2128890770	-0.0744171458	0.9742383330	0.3975366510
0.0000000000	0.0000000000	0.0000000000	1.0000000000
0	 20	 47	
0.0199052964	0.9770556310	0.2120520510	0.3567548110
-0.9858747550	0.0544590990	-0.1583830010	3.0319175800
-0.1662971660	-0.2059041030	0.9643385050	0.5539805810
0.0000000000	0.0000000000	0.0000000000	1.0000000000
0	 21	 47	
0.0201340811	0.9958031150	0.0892791938	0.1213773960
-0.9632638380	0.0432396257	-0.2650530400	2.9212984400
-0.2678010420	-0.0806628194	0.9600917200	0.5638457730
0.0000000000	0.0000000000	0.0000000000	1.0000000000
0	 25	 47	
0.9781808540	-0.1183989050	0.1707158930	0.4153439520
0.1031015600	0.9900393000	0.0958762351	-0.9167075770
-0.1803670850	-0.0761832226	0.9806446000	0.4895671140
0.0000000000	0.0000000000	0.0000000000	1.0000000000
0	 26	 47	
0.9090367160	0.3243426360	0.2616373490	0.0181104759
-0.3005674620	0.9452074500	-0.1274444110	0.4188065940
-0.2886372280	0.0372119748	0.9567151190	0.8453014990
0.0000000000	0.0000000000	0.0000000000	1.0000000000
0	 30	 47	
0.5765209300	0.0492658648	-0.8155957900	1.4009537000
-0.2762525930	0.9511518940	-0.1378208210	0.6673255380
0.7689656190	0.3047670390	0.5619687970	-1.0476552400
0.0000000000	0.0000000000	0.0000000000	1.0000000000
0	 31	 47	
0.9612445940	0.0406855159	-0.2726784180	0.3632190510
-0.0916090150	0.9799889640	-0.1767184740	0.1868236860
0.2600319580	0.1948494790	0.9457362540	-0.4850352740
0.0000000000	0.0000000000	0.0000000000	1.0000000000
0	 32	 47	
0.9113631560	-0.0695511058	0.4056844120	0.1993469520
0.1266610190	0.9851823150	-0.1156407920	-0.2233014720
-0.3916301630	0.1567751580	0.9066682770	0.1316397790
0.0000000000	0.0000000000	0.0000000000	1.0000000000
1	 2	 47	
0.9991063580	0.0290907013	-0.0306629521	0.4365378960
-0.0267037719	0.9967828550	0.0755701548	-0.0416577732
0.0327626937	-0.0746838057	0.9966689190	-0.0826435613
0.0000000000	0.0000000000	0.0000000000	1.0000000000
1	 3	 47	
0.9834783770	0.1119708500	-0.1422420830	1.1376348400
-0.0943440503	0.9876418310	0.1251511610	0.0650102574
0.1544975140	-0.1096637670	0.9818881690	-0.1972324560
0.0000000000	0.0000000000	0.0000000000	1.0000000000
1	 4	 47	
0.9556236440	0.1705311140	-0.2402136330	1.7282591000
-0.1505338110	0.9835940020	0.0994103134	0.0647531252
0.2532252400	-0.0588385724	0.9656163830	-0.2443093780
0.0000000000	0.0000000000	0.0000000000	1.0000000000
1	 7	 47	
0.5353873670	0.3815591300	-0.7535071320	0.9845428000
-0.3059276350	0.9191664170	0.2480753520	0.0931603154
0.7872538660	0.0977022454	0.6088395700	-0.6571781130
0.0000000000	0.0000000000	0.0000000000	1.0000000000
1	 8	 47	
0.9727263590	0.1337377120	-0.1895195390	0.1531070900
-0.1013846700	0.9800072290	0.1711928140	-0.0573498766
0.2086254540	-0.1473093870	0.9668378170	0.2623863250
0.0000000000	0.0000000000	0.0000000000	1.0000000000
1	 9	 47	
0.9722289350	-0.1098450800	0.2066517760	0.3794812840
0.0639656988	0.9741078560	0.2168462010	-0.1717313160
-0.2251206060	-0.1976055250	0.9540821600	0.7557213820
0.0000000000	0.0000000000	0.0000000000	1.0000000000
1	 10	 47	
0.9994903030	0.0241332598	-0.0208978576	1.1019037800
-0.0202565718	0.9853864980	0.1691245730	-0.0920639217
0.0246739940	-0.1686150520	0.9853731060	0.3808316500
0.0000000000	0.0000000000	0.0000000000	1.0000000000
1	 14	 47	
0.9089201780	0.3034658330	-0.2859590860	-0.1728128600
-0.2037784550	0.9216085140	0.3303211900	-0.1740665850
0.3637835230	-0.2419632940	0.8995083730	-0.0060097295
0.0000000000	0.0000000000	0.0000000000	1.0000000000
1	 15	 47	
0.9534394310	0.2493472520	-0.1696443320	0.2005084030
-0.1931558230	0.9368772450	0.2914650150	0.0235313903
0.2316119150	-0.2451264480	0.9414185810	0.4346891030
0.0000000000	0.0000000000	0.0000000000	1.0000000000
1	 30	 47	
0.4203060580	0.1179549520	-0.8996829700	1.2508350000
-0.1954239610	0.9800134440	0.0371903943	0.7783936300
0.8860881970	0.1601882620	0.4349568120	-0.7316317120
0.0000000000	0.0000000000	0.0000000000	1.0000000000
1	 31	 47	
0.8311993400	0.0670296698	-0.5519190880	0.5320785450
-0.1979485250	0.9633340520	-0.1811184320	0.9550991870
0.5195421430	0.2597970900	0.8139910530	-0.6314653360
0.0000000000	0.0000000000	0.0000000000	1.0000000000
1	 32	 47	
0.9941269840	-0.0085813721	0.1078790940	0.1399887800
0.0303871597	0.9788815240	-0.2021573230	0.5940704810
-0.1038660650	0.2042481890	0.9733933010	-0.1283404400
0.0000000000	0.0000000000	0.0000000000	1.0000000000
1	 40	 47	
-0.1758036580	-0.4801696080	0.8593778100	1.1347351000
0.9113583810	-0.4094315250	-0.0423288068	1.2774871800
0.3721813740	0.7757596110	0.5095861570	-0.3730275170
0.0000000000	0.0000000000	0.0000000000	1.0000000000
2	 3	 47	
0.9918660650	0.0741560604	-0.1034533080	0.6824794860
-0.0714224530	0.9969982810	0.0298874668	0.1693703900
0.1053591070	-0.0222554750	0.9941851700	-0.1294340000
0.0000000000	0.0000000000	0.0000000000	1.0000000000
2	 4	 47	
0.9585383700	0.1627924150	-0.2338863440	1.2981071200
-0.1667234960	0.9859991170	0.0030027796	0.2223646210
0.2311005590	0.0361160695	0.9722593080	-0.2332405740
0.0000000000	0.0000000000	0.0000000000	1.0000000000
2	 5	 47	
0.8293107010	0.3255525740	-0.4541577740	2.0636316100
-0.3202918910	0.9429328390	0.0910536447	0.3500895700
0.4578830270	0.0699512902	0.8862561430	-0.4400848820
0.0000000000	0.0000000000	0.0000000000	1.0000000000
2	 6	 47	
-0.8837275910	0.4481022040	-0.1350183710	2.0372562100
-0.2201667040	-0.6526449320	-0.7249698030	4.1896753300
-0.4129796220	-0.6109492680	0.6754175180	2.6016274900
0.0000000000	0.0000000000	0.0000000000	1.0000000000
2	 7	 47	
0.5325106290	0.3584000090	-0.7667997550	0.6460192740
-0.3808885530	0.9104874910	0.1610479410	0.3248611380
0.7558811680	0.2063055090	0.6213547270	-0.6703778810
0.0000000000	0.0000000000	0.0000000000	1.0000000000
2	 8	 47	
0.9825580140	0.1180259210	-0.1436997980	-0.3274333490
-0.1090705320	0.9916567300	0.0687062443	0.0254131799
0.1506099900	-0.0518344574	0.9872334170	0.3464749800
0.0000000000	0.0000000000	0.0000000000	1.0000000000
2	 9	 47	
0.9684699070	-0.1715497630	0.1806563560	0.0985359674
0.1406054350	0.9749958940	0.1720846260	-0.2445750120
-0.2056602820	-0.1412575160	0.9683750110	0.7914491210
0.0000000000	0.0000000000	0.0000000000	1.0000000000
2	 10	 47	
0.9986639040	0.0030404029	0.0515864560	0.5679359130
-0.0073296910	0.9965089620	0.0831634774	-0.0211648371
-0.0511535152	-0.0834304758	0.9951998160	0.4727438470
0.0000000000	0.0000000000	0.0000000000	1.0000000000
2	 11	 47	
0.9893538580	0.1231518910	-0.0775406759	1.2547532400
-0.1180580590	0.9907315460	0.0671810889	0.1074776090
0.0850954718	-0.0573115678	0.9947231500	0.2839645690
0.0000000000	0.0000000000	0.0000000000	1.0000000000
2	 12	 47	
0.9055972430	0.3380610300	-0.2561413160	-0.2018316630
-0.3269165900	0.9411074560	0.0862687603	0.5851128180
0.2702206080	0.0056120940	0.9627820770	-0.2366878980
0.0000000000	0.0000000000	0.0000000000	1.0000000000
2	 14	 47	
0.4496559000	0.5023973490	-0.7385164020	0.7282688800
-0.3824617890	0.8554834110	0.3491004360	0.0517112020
0.8071756640	0.1254792330	0.5768209510	-0.3590214010
0.0000000000	0.0000000000	0.0000000000	1.0000000000
2	 15	 47	
0.9734908510	0.1349708190	-0.1846576340	0.0306292611
-0.1039061840	0.9801823420	0.1686596610	0.0604698126
0.2037622850	-0.1450015670	0.9682228450	0.4120086810
0.0000000000	0.0000000000	0.0000000000	1.0000000000
2	 20	 47	
-0.0341109361	0.9992481740	0.0184263553	-0.1249398640
-0.9670874390	-0.0283502853	-0.2528599340	2.8648134500
-0.2521474350	-0.0264451858	0.9673274130	0.4021796810
0.0000000000	0.0000000000	0.0000000000	1.0000000000
2	 24	 47	
0.7544695150	0.5087239130	-0.4146995680	-0.3329019200
-0.4995473620	0.8549134080	0.1399124640	0.6684408370
0.4257090370	0.1016023870	0.8991377930	0.0407159052
0.0000000000	0.0000000000	0.0000000000	1.0000000000
2	 27	 47	
0.9724204660	0.2329802320	-0.0108926030	-0.3812408370
-0.2144099090	0.8745778080	-0.4349046440	1.0641798000
-0.0917977558	0.4252456580	0.9004106300	0.7838129690
0.0000000000	0.0000000000	0.0000000000	1.0000000000
2	 30	 47	
0.2601708480	-0.2429092010	-0.9345085610	1.7658892700
-0.3577059080	0.8747261870	-0.3269565430	1.5332526300
0.8968598630	0.4193437940	0.1406881980	-0.6485641450
0.0000000000	0.0000000000	0.0000000000	1.0000000000
2	 31	 47	
0.8390408760	0.0718151991	-0.5393078760	0.0630097728
-0.2412346350	0.9375916550	-0.2504550630	1.0986067900
0.4876640840	0.3402417740	0.8040020370	-0.5002538220
0.0000000000	0.0000000000	0.0000000000	1.0000000000
2	 32	 47	
0.9882949270	-0.0300603817	0.1495644040	-0.3314065310
0.0716058066	0.9570925830	-0.2807960030	0.6513978630
-0.1347061470	0.2882189450	0.9480422420	0.0107620321
0.0000000000	0.0000000000	0.0000000000	1.0000000000
3	 4	 47	
0.9907093210	0.0718427942	-0.1154714440	0.5896353270
-0.0772995413	0.9960589860	-0.0434888071	0.0978560122
0.1118920120	0.0520106562	0.9923583370	-0.1546070560
0.0000000000	0.0000000000	0.0000000000	1.0000000000
3	 5	 47	
0.9479580450	0.1510505550	-0.2802842730	1.4100865400
-0.1581383330	0.9874132520	-0.0027086246	0.1919115600
0.2763472670	0.0468913502	0.9599132200	-0.3969495030
0.0000000000	0.0000000000	0.0000000000	1.0000000000
3	 6	 47	
0.9278878740	0.2988077140	0.2230202760	-0.8703591230
-0.2422503760	0.9378191810	-0.2486160470	0.1355970930
-0.2834410850	0.1766610700	0.9425773270	0.4985694120
0.0000000000	0.0000000000	0.0000000000	1.0000000000
3	 7	 47	
0.6459856280	0.3276712730	-0.6894447800	0.7991857960
-0.3844867260	0.9199171670	0.0769568953	0.2829918620
0.6594486520	0.2153693180	0.7202385240	-0.5429965280
0.0000000000	0.0000000000	0.0000000000	1.0000000000
3	 8	 47	
0.9903334630	-0.1143176290	-0.0785564224	0.3645561750
0.1169680530	0.9926826340	0.0299943831	-0.5317813030
0.0745527095	-0.0388930331	0.9964583410	0.4918353730
0.0000000000	0.0000000000	0.0000000000	1.0000000000
3	 9	 47	
0.9290960720	-0.2153788230	0.3006533740	-0.5613569080
0.1855666560	0.9746768630	0.1247799210	-0.3848498500
-0.3199148400	-0.0601412930	0.9455355730	0.9487442660
0.0000000000	0.0000000000	0.0000000000	1.0000000000
3	 10	 47	
0.9872373830	-0.0735199503	0.1412698360	-0.0151523638
0.0646579148	0.9957002720	0.0663349245	-0.1886012340
-0.1455393550	-0.0563541042	0.9877461770	0.5954663440
0.0000000000	0.0000000000	0.0000000000	1.0000000000
3	 11	 47	
0.9999977790	0.0002600707	-0.0020912692	0.7253969630
-0.0001951641	0.9995200650	0.0309774480	-0.0848464417
0.0020983218	-0.0309769711	0.9995178960	0.3078118210
0.0000000000	0.0000000000	0.0000000000	1.0000000000
3	 12	 47	
0.9856669440	0.0986226269	-0.1368731290	1.2895375700
-0.0963863914	0.9950808270	0.0228869266	0.0549815728
0.1384569950	-0.0093661800	0.9903241570	-0.0003524148
0.0000000000	0.0000000000	0.0000000000	1.0000000000
3	 13	 47	
0.9978391890	0.0512608642	0.0411008133	1.4044214300
-0.0560004453	0.9907052030	0.1239643100	-0.4806758470
-0.0343642720	-0.1259981100	0.9914351080	0.3899578360
0.0000000000	0.0000000000	0.0000000000	1.0000000000
3	 31	 47	
0.9068565260	0.0228857543	-0.4208176360	-0.7018498400
-0.1555128980	0.9462282380	-0.2836685750	0.7634813630
0.3916975610	0.3226892690	0.8616522830	-0.2314664010
0.0000000000	0.0000000000	0.0000000000	1.0000000000
3	 32	 47	
0.9580281340	-0.0675128873	0.2786110280	-1.0410855400
0.1502943490	0.9458867220	-0.2875933220	0.3954957640
-0.2441182160	0.3173961560	0.9163328960	0.2875149840
0.0000000000	0.0000000000	0.0000000000	1.0000000000
3	 33	 47	
0.5027288600	-0.3566678440	0.7874336440	0.2546607750
0.3815025790	0.9089468820	0.1681408570	0.1303190410
-0.7757057920	0.2158787050	0.5930235320	1.3872887300
0.0000000000	0.0000000000	0.0000000000	1.0000000000
4	 5	 47	
0.9841545090	0.0894447081	-0.1530997910	0.7175309980
-0.0894639112	0.9959670030	0.0067777114	0.2034486450
0.1530885710	0.0070265909	0.9881874910	-0.3481409390
0.0000000000	0.0000000000	0.0000000000	1.0000000000
4	 6	 47	
0.9414680110	-0.1002616460	0.3218471480	1.3593290600
0.1469724160	0.9813086590	-0.1242273120	-0.2682355620
-0.3033761590	0.1642586930	0.9386064070	0.3229185570
0.0000000000	0.0000000000	0.0000000000	1.0000000000
4	 8	 47	
0.9493969870	-0.2308512500	0.2129625810	-0.2346418470
0.2148888770	0.9719476730	0.0956059163	-0.6963009800
-0.2290592300	-0.0450046791	0.9723715590	1.1155047400
0.0000000000	0.0000000000	0.0000000000	1.0000000000
4	 9	 47	
0.8737437890	-0.3007711380	0.3822414350	-0.9701435730
0.2325520200	0.9485648900	0.2148120290	-0.5375910670
-0.4271900630	-0.0987996583	0.8987476160	1.2458382500
0.0000000000	0.0000000000	0.0000000000	1.0000000000
4	 10	 47	
0.9527594010	-0.1656593270	0.2545712310	-0.4973151100
0.1403088500	0.9834260800	0.1148327990	-0.2936319670
-0.2693751120	-0.0736894321	0.9602119120	0.8246907720
0.0000000000	0.0000000000	0.0000000000	1.0000000000
4	 11	 47	
0.9923870730	-0.0573119016	0.1090102860	0.1443889580
0.0481895664	0.9952530160	0.0845529396	-0.1089856500
-0.1133387060	-0.0786560859	0.9904380640	0.4586341710
0.0000000000	0.0000000000	0.0000000000	1.0000000000
4	 12	 47	
0.9991172770	0.0299486518	-0.0294575161	0.7054735660
-0.0282370652	0.9979806770	0.0568967207	0.0438068392
0.0311020119	-0.0560147029	0.9979453980	0.0609388971
0.0000000000	0.0000000000	0.0000000000	1.0000000000
4	 13	 47	
0.9919297080	-0.0453743559	0.1183918150	0.9403056860
0.0251873312	0.9856793530	0.1667387530	-0.4832995470
-0.1242620310	-0.1624111490	0.9788674920	0.4092508900
0.0000000000	0.0000000000	0.0000000000	1.0000000000
4	 20	 47	
-0.2193642580	0.9190152300	0.3275520240	-0.3531000380
-0.9540964210	-0.1319009610	-0.2688906040	2.6534603400
-0.2039101330	-0.3715012020	0.9057634980	0.9117072460
0.0000000000	0.0000000000	0.0000000000	1.0000000000
4	 29	 47	
-0.9841222320	-0.0230999034	0.1759824630	2.8176288900
0.0857984789	0.8060449490	0.5856023920	-1.1643670300
-0.1553771340	0.5914033610	-0.7912648180	3.3006292200
0.0000000000	0.0000000000	0.0000000000	1.0000000000
4	 31	 47	
0.9600948350	0.0281394723	-0.2782554190	-1.4421609400
-0.1154187900	0.9461152800	-0.3025630170	0.7374881940
0.2547477410	0.3226050930	0.9116082180	0.0594301238
0.0000000000	0.0000000000	0.0000000000	1.0000000000
4	 32	 47	
0.9078209710	-0.0930396758	0.4089067170	-1.6364330100
0.1997484120	0.9532951040	-0.2265590800	0.2272590080
-0.3687297880	0.2873535510	0.8840058140	0.6377373320
0.0000000000	0.0000000000	0.0000000000	1.0000000000
4	 33	 47	
0.3602535030	-0.3677512510	0.8573076640	-0.2215135290
0.3164584100	0.9126971080	0.2585305850	0.1323368160
-0.8775371720	0.1781656710	0.4451803070	1.7605140600
0.0000000000	0.0000000000	0.0000000000	1.0000000000
5	 6	 47	
0.8514415160	-0.2816699650	0.4423905230	1.0978408700
0.3533840080	0.9314142320	-0.0871049442	-0.4194933240
-0.3875139830	0.2304985020	0.8925824070	0.3927788700
0.0000000000	0.0000000000	0.0000000000	1.0000000000
5	 8	 47	
0.9567365010	-0.1753314230	0.2321942300	-0.8974177420
0.1428590480	0.9782980210	0.1500808950	-0.7258372740
-0.2534690530	-0.1104168240	0.9610211050	1.4469872700
0.0000000000	0.0000000000	0.0000000000	1.0000000000
5	 9	 47	
0.7534159070	-0.4388270770	0.4896889490	-1.2828623900
0.3608934320	0.8984970850	0.2499178260	-0.9944514770
-0.5496548020	-0.0115665405	0.8353118060	1.7767422400
0.0000000000	0.0000000000	0.0000000000	1.0000000000
5	 10	 47	
0.8150309780	-0.2794409370	0.5075798140	-0.2270531760
0.2148421940	0.9593195280	0.1831635180	-0.5084369260
-0.5381146130	-0.0402343800	0.8419108370	1.3468396900
0.0000000000	0.0000000000	0.0000000000	1.0000000000
5	 11	 47	
0.9555223310	-0.1738527280	0.2382274190	-0.3752610650
0.1619195330	0.9843933660	0.0689330492	-0.3518859290
-0.2464936890	-0.0272933955	0.9687599970	0.7827109800
0.0000000000	0.0000000000	0.0000000000	1.0000000000
5	 12	 47	
0.9895536990	-0.0776046514	0.1214948320	0.0837329735
0.0704035064	0.9955594270	0.0624881898	-0.1686981620
-0.1258046990	-0.0532817572	0.9906231530	0.3994926620
0.0000000000	0.0000000000	0.0000000000	1.0000000000
5	 13	 47	
0.9341121650	-0.1764232770	0.3103373810	0.3229137800
0.1232094020	0.9752559100	0.1835629420	-0.6726505910
-0.3350431410	-0.1332318940	0.9327354160	0.7933017160
0.0000000000	0.0000000000	0.0000000000	1.0000000000
5	 22	 47	
0.8192141600	0.2984112590	0.4897334800	-1.7866127100
0.5658368200	-0.2815622490	-0.7749525100	2.5076154200
-0.0933640941	0.9119613040	-0.3995118590	1.0426236900
0.0000000000	0.0000000000	0.0000000000	1.0000000000
5	 28	 47	
0.9556607760	-0.2629080230	0.1326342850	0.2998729090
0.2944139220	0.8442925240	-0.4477617420	0.6539465120
0.0057380189	0.4669577130	0.8842610300	0.6769041290
0.0000000000	0.0000000000	0.0000000000	1.0000000000
5	 31	 47	
0.9968799540	-0.0105765975	-0.0782207946	-2.1347562500
-0.0136887571	0.9528005820	-0.3032880950	0.2902558690
0.0777365747	0.3034125680	0.9496830200	0.8436064360
0.0000000000	0.0000000000	0.0000000000	1.0000000000
5	 32	 47	
0.8098954060	-0.1180116520	0.5745804390	-2.2108066000
0.2700404970	0.9445891250	-0.1866266700	-0.1562428680
-0.5207183130	0.3063080700	0.7968863180	1.4057857200
0.0000000000	0.0000000000	0.0000000000	1.0000000000
5	 33	 47	
0.2167508120	-0.4620281990	0.8599703650	-0.4376348740
0.4353463590	0.8342154280	0.3384644250	-0.1923331550
-0.8737806550	0.3010225280	0.3819591650	1.9160923900
0.0000000000	0.0000000000	0.0000000000	1.0000000000
6	 7	 47	
0.8066037960	-0.2594495530	0.5311085060	0.1195534670
0.1830333050	0.9639884520	0.1929380030	-0.2118645730
-0.5620401450	-0.0584139810	0.8250446540	0.7591761480
0.0000000000	0.0000000000	0.0000000000	1.0000000000
6	 8	 47	
-0.9775512310	0.2084229200	-0.0308784272	2.1345653400
-0.1249610290	-0.6915039070	-0.7114823170	4.4029897700
-0.1696417750	-0.6916518150	0.7020252380	1.9216699200
0.0000000000	0.0000000000	0.0000000000	1.0000000000
6	 12	 47	
0.9289207650	0.1664941960	-0.3307353850	-0.4380164960
-0.0661193390	0.9534357930	0.2942591060	0.1058760340
0.3643273880	-0.2514753890	0.8966747920	-0.3377078150
0.0000000000	0.0000000000	0.0000000000	1.0000000000
6	 13	 47	
0.9814545070	0.1571109290	-0.1098326260	-0.6128774100
-0.1148400600	0.9406495710	0.3193589600	-0.1335967520
0.1534887960	-0.3008231060	0.9412473900	0.0349327056
0.0000000000	0.0000000000	0.0000000000	1.0000000000
6	 14	 47	
0.7771572820	-0.3917410430	0.4925094050	0.5152661590
0.1038856730	0.8517470290	0.5135511330	-0.6469143320
-0.6206724790	-0.3479453320	0.7026376880	2.0760731600
0.0000000000	0.0000000000	0.0000000000	1.0000000000
6	 16	 47	
0.1479112910	-0.4344228720	0.8884812990	1.1553621300
0.3820879570	0.8537122180	0.3538138520	0.3966538380
-0.9122121700	0.2871449410	0.2922614250	1.6498483000
0.0000000000	0.0000000000	0.0000000000	1.0000000000
6	 17	 47	
0.6034888510	-0.2593318770	-0.7540213420	2.0565476100
0.2236428270	0.9627274300	-0.1521176560	0.5574807270
0.7653659860	-0.0768301555	0.6389929850	-0.0395915198
0.0000000000	0.0000000000	0.0000000000	1.0000000000
6	 31	 47	
0.4772322920	-0.0918068490	0.8739684440	-0.1657783080
0.1971887970	0.9803543000	-0.0046931016	0.2907400930
-0.8563678630	0.1745764860	0.4859600120	2.1950010600
0.0000000000	0.0000000000	0.0000000000	1.0000000000
7	 8	 47	
0.6800641040	-0.3945013690	0.6179656020	0.4458001320
0.3101777290	0.9185543380	0.2450463330	-0.4886803300
-0.6643060980	0.0250319519	0.7470413710	1.3103753900
0.0000000000	0.0000000000	0.0000000000	1.0000000000
7	 9	 47	
0.3382399740	-0.5631220110	0.7539809820	0.9726939950
0.4342700600	0.8041944660	0.4058087910	-0.4148291990
-0.8348671960	0.1901706110	0.5165577450	1.1807353200
0.0000000000	0.0000000000	0.0000000000	1.0000000000
7	 10	 47	
0.5217508500	-0.4010834860	0.7529329900	0.9114736870
0.3220660940	0.9098820410	0.2615111900	-0.0584163833
-0.7899680260	0.1060505010	0.6039071200	0.6853454530
0.0000000000	0.0000000000	0.0000000000	1.0000000000
7	 12	 47	
0.7570185180	-0.4231875190	0.4978305810	0.4036353060
0.4444611370	0.8920008440	0.0823941212	-0.2327203940
-0.4789334620	0.1588924700	0.8633515630	0.2361367290
0.0000000000	0.0000000000	0.0000000000	1.0000000000
7	 14	 47	
0.9968892220	-0.0192551203	0.0764272099	-0.0087723901
-0.0022785759	0.9622517860	0.2721512610	-0.4365453200
-0.0787825245	-0.2714788050	0.9592145600	0.7195005970
0.0000000000	0.0000000000	0.0000000000	1.0000000000
7	 19	 47	
0.8814943980	0.2577073190	-0.3956697680	0.0546703293
-0.3296263760	0.9358211090	-0.1248411140	1.3919961000
0.3381036520	0.2404699340	0.9098681940	-0.9065547450
0.0000000000	0.0000000000	0.0000000000	1.0000000000
7	 20	 47	
-0.7415184050	-0.2352914540	-0.6283218810	3.2990503200
0.6257518850	-0.5803792250	-0.5211473250	2.5949393200
-0.2420434540	-0.7796139350	0.5775959480	2.1825141600
0.0000000000	0.0000000000	0.0000000000	1.0000000000
7	 22	 47	
-0.6700846890	0.7167403580	0.1930537960	0.3274274680
-0.2221354000	-0.4417896380	0.8691822480	1.1640331500
0.7082671620	0.5395416340	0.4552498780	-1.0894361100
0.0000000000	0.0000000000	0.0000000000	1.0000000000
7	 31	 47	
0.9270778100	-0.0085190280	0.3747721450	-0.5680896400
0.1399565680	0.9353175520	-0.3249511300	0.7473323110
-0.3477626970	0.3537068050	0.8683044410	0.5950240100
0.0000000000	0.0000000000	0.0000000000	1.0000000000
8	 9	 47	
0.9085540750	-0.2391837470	0.3425209900	0.3602811160
0.2255735220	0.9709621160	0.0796815831	-0.1124311360
-0.3516334450	0.0048686392	0.9361251070	0.3213817500
0.0000000000	0.0000000000	0.0000000000	1.0000000000
8	 10	 47	
0.9766630710	-0.0795766970	0.1994913420	0.8622802960
0.0771430145	0.9968203130	0.0199554251	0.1082216210
-0.2004450090	-0.0041003632	0.9796963740	-0.0095915019
0.0000000000	0.0000000000	0.0000000000	1.0000000000
8	 11	 47	
0.9990122410	-0.0385122637	-0.0221663731	1.0378522300
0.0376440046	0.9985555240	-0.0383379049	0.2477376220
0.0236108338	0.0374656052	0.9990189470	-0.4368560630
0.0000000000	0.0000000000	0.0000000000	1.0000000000
8	 13	 47	
0.9887859640	-0.0935208227	0.1164309830	1.6472635200
0.0851237325	0.9935341240	0.0751258522	-0.2486452900
-0.1227039870	-0.0643723483	0.9903534380	-0.2574403110
0.0000000000	0.0000000000	0.0000000000	1.0000000000
8	 14	 47	
0.6819001810	0.3996119180	-0.6126356650	0.3229022960
-0.3536464860	0.9132869250	0.2020919510	0.1996526350
0.6402704950	0.0788499122	0.7640918690	-0.8150195650
0.0000000000	0.0000000000	0.0000000000	1.0000000000
8	 15	 47	
0.9924206860	0.1099540860	0.0548751323	-0.5740216880
-0.1169125090	0.9823481260	0.1460261120	0.0133712811
-0.0378503158	-0.1513349230	0.9877576090	0.2182416960
0.0000000000	0.0000000000	0.0000000000	1.0000000000
8	 18	 47	
0.7811165950	-0.4829151790	-0.3957900900	1.1869583900
0.3604144130	0.8663461250	-0.3457540220	0.5441475140
0.5098610760	0.1274257510	0.8507669250	-0.1156894160
0.0000000000	0.0000000000	0.0000000000	1.0000000000
8	 20	 47	
0.4907536200	0.8695246940	0.0555669923	-0.9090567930
0.8266320260	-0.4848050910	0.2857332980	0.0403261055
0.2753913190	-0.0942911947	-0.9566968130	3.9778986900
0.0000000000	0.0000000000	0.0000000000	1.0000000000
8	 22	 47	
0.7902468390	0.0842125775	-0.6069746090	1.6537954700
0.5034232670	0.4755401540	0.7214059720	-2.0340308700
0.3493922550	-0.8756539290	0.3333995320	3.3885054300
0.0000000000	0.0000000000	0.0000000000	1.0000000000
8	 24	 47	
0.9237638820	0.1826589410	-0.3365947140	-0.1152469640
-0.1701006200	0.9831666640	0.0667014999	-0.1416593730
0.3431123270	-0.0043614668	0.9392842530	-0.2844916310
0.0000000000	0.0000000000	0.0000000000	1.0000000000
8	 25	 47	
0.9919510680	-0.1261042510	0.0114366291	-0.0174203963
0.1266040860	0.9862480320	-0.1062366400	-0.1827846620
0.0021175391	0.1068294730	0.9942751030	-0.2158521160
0.0000000000	0.0000000000	0.0000000000	1.0000000000
8	 30	 47	
0.8864150140	-0.2805943650	0.3681510900	-0.3743572110
0.4005080440	0.8636670130	-0.3060597940	0.1490436170
-0.2320812980	0.4187434700	0.8779477080	0.4821800890
0.0000000000	0.0000000000	0.0000000000	1.0000000000
8	 31	 47	
0.9320997480	0.1272831010	-0.3391003870	-0.0926689700
-0.2492193590	0.9047436990	-0.3454396470	1.3577272300
0.2628303090	0.4064945890	0.8750327870	-0.6721872170
0.0000000000	0.0000000000	0.0000000000	1.0000000000
8	 32	 47	
0.9259823900	-0.0660698696	0.3717410190	-0.2113412840
0.1928494850	0.9292159580	-0.3152249650	0.6642971150
-0.3246008150	0.3635828310	0.8731791550	-0.1756613110
0.0000000000	0.0000000000	0.0000000000	1.0000000000
8	 33	 47	
-0.2910874120	-0.4435659320	0.8476540470	0.6227016970
0.4751164070	0.7020133330	0.5305107730	-0.4379303370
-0.8303809480	0.5571593530	0.0063982078	2.0403898500
0.0000000000	0.0000000000	0.0000000000	1.0000000000
9	 10	 47	
0.9780584300	0.1294440280	-0.1632358770	0.6554326540
-0.1374221110	0.9897632760	-0.0385203878	0.0942942054
0.1565786420	0.0601074089	0.9858347870	-0.1355403620
0.0000000000	0.0000000000	0.0000000000	1.0000000000
9	 11	 47	
0.9199484080	0.2300960360	-0.3174125710	1.4329881200
-0.2536838360	0.9666719790	-0.0344934354	0.1221075170
0.2988970360	0.1122546200	0.9476599930	-0.1995332180
0.0000000000	0.0000000000	0.0000000000	1.0000000000
9	 12	 47	
0.8413827290	0.3044159850	-0.4465490030	2.1354383800
-0.3481624060	0.9372791080	-0.0170532074	0.1440509420
0.4133497820	0.1698198500	0.8945966550	-0.2963511160
0.0000000000	0.0000000000	0.0000000000	1.0000000000
9	 31	 47	
0.6760974560	0.1293764200	-0.7253647170	0.4512089890
-0.4529136210	0.8494851150	-0.2706368250	1.5233200400
0.5811725060	0.5115044290	0.6329310680	-1.0187660100
0.0000000000	0.0000000000	0.0000000000	1.0000000000
9	 32	 47	
0.9967843060	-0.0126002605	-0.0791345678	-0.0602456983
-0.0185598537	0.9244012490	-0.3809696350	0.8345056750
0.0779524099	0.3812132800	0.9211947990	-0.6596936570
0.0000000000	0.0000000000	0.0000000000	1.0000000000
9	 33	 47	
0.7718343080	-0.2484150380	0.5852877670	0.7617099080
0.3278997500	0.9441815710	-0.0316688248	0.2499318190
-0.5447509110	0.2163587980	0.8102069590	0.7580783500
0.0000000000	0.0000000000	0.0000000000	1.0000000000
10	 11	 47	
0.9832355910	0.1082056640	-0.1467627550	0.7185892970
-0.1114894070	0.9936625610	-0.0143117786	0.1135959580
0.1442840400	0.0304343427	0.9890681810	-0.1674138670
0.0000000000	0.0000000000	0.0000000000	1.0000000000
10	 12	 47	
0.9483495650	0.1653319980	-0.2707368320	1.4406819000
-0.1736842220	0.9847764360	-0.0070116055	0.1291749580
0.2654560100	0.0536721689	0.9626278640	-0.3471264000
0.0000000000	0.0000000000	0.0000000000	1.0000000000
10	 13	 47	
0.9892715090	0.1163437330	-0.0883516683	1.4056500100
-0.1111484710	0.9918915400	0.0616213519	-0.4029535410
0.0948045304	-0.0511400949	0.9941814680	-0.0202399364
0.0000000000	0.0000000000	0.0000000000	1.0000000000
10	 28	 47	
0.9287536570	0.1785666620	-0.3248547230	0.6507496690
-0.3092896250	0.8563457500	-0.4135358320	1.1467889500
0.2043442490	0.4845471120	0.8505630630	0.0904220283
0.0000000000	0.0000000000	0.0000000000	1.0000000000
10	 32	 47	
0.9921666290	-0.0560682553	0.1116321210	-0.9469501610
0.0943548433	0.9219953470	-0.3755286200	0.7400717930
-0.0818690617	0.3831199960	0.9200633270	-0.4689853250
0.0000000000	0.0000000000	0.0000000000	1.0000000000
10	 33	 47	
0.6220899170	-0.3436176640	0.7035133520	0.1721810410
0.4626273670	0.8862338380	0.0237803320	0.3316154450
-0.6316486800	0.3106710250	0.7102840690	0.6841775860
0.0000000000	0.0000000000	0.0000000000	1.0000000000
11	 12	 47	
0.9849310880	0.1026166350	-0.1392141440	0.5997060290
-0.1029567800	0.9946743670	0.0047754018	0.1403016710
0.1389627760	0.0096295983	0.9902507850	-0.2855853070
0.0000000000	0.0000000000	0.0000000000	1.0000000000
11	 13	 47	
0.9988211480	0.0166730074	0.0455886432	0.7298438120
-0.0204594423	0.9962646610	0.0838936041	-0.4107879500
-0.0440195955	-0.0847274242	0.9954313330	0.0580883851
0.0000000000	0.0000000000	0.0000000000	1.0000000000
11	 14	 47	
0.5885508130	-0.5238280580	0.6158020020	1.7221189000
0.4163449460	0.8493114820	0.3245410490	-1.0610341200
-0.6930114180	0.0653771532	0.7179561280	1.2407489700
0.0000000000	0.0000000000	0.0000000000	1.0000000000
11	 32	 47	
0.9370083540	-0.0428844561	0.3466644890	-1.7784576900
0.1562764130	0.9390396760	-0.3062387470	0.4427080110
-0.3123988270	0.3411237480	0.8865898500	0.2367988430
0.0000000000	0.0000000000	0.0000000000	1.0000000000
11	 33	 47	
0.4528277710	-0.3560090080	0.8174378240	-0.4810532210
0.4539492860	0.8811525790	0.1322882410	0.1820558780
-0.7673832520	0.3111715270	0.5606203940	1.1617612200
0.0000000000	0.0000000000	0.0000000000	1.0000000000
12	 13	 47	
0.9809722730	-0.0996234693	0.1666390240	0.2518207130
0.0793890496	0.9891040920	0.1239777120	-0.5762143880
-0.1771744300	-0.1083893840	0.9781927020	0.3745956920
0.0000000000	0.0000000000	0.0000000000	1.0000000000
12	 29	 47	
0.9849094860	0.1432503960	-0.0971217189	-0.3140062860
-0.1720826710	0.8704218960	-0.4612518600	0.7532893680
0.0184623589	0.4710042970	0.8819376930	0.1359281490
0.0000000000	0.0000000000	0.0000000000	1.0000000000
13	 14	 47	
0.6437395880	-0.5072481860	0.5729734910	0.8903609980
0.4376404120	0.8582479100	0.2681070580	-0.7414956820
-0.6277501200	0.0781652273	0.7744804610	1.2400631700
0.0000000000	0.0000000000	0.0000000000	1.0000000000
13	 15	 47	
0.0945183366	-0.5731374850	0.8139899920	1.3510466900
0.6236015260	0.6714424430	0.4003575690	-0.3356435720
-0.7760073590	0.4697642700	0.4208730330	1.2670866000
0.0000000000	0.0000000000	0.0000000000	1.0000000000
13	 17	 47	
0.4875221410	-0.2608392530	0.8332376890	0.4410409300
0.4729122440	0.8811091010	-0.0008729204	0.5916108920
-0.7339456190	0.3944738730	0.5529142720	1.0809828800
0.0000000000	0.0000000000	0.0000000000	1.0000000000
13	 29	 47	
0.9371719270	-0.1959214330	-0.2886582240	0.8473893970
-0.0007880138	0.8262233040	-0.5633421980	1.2144194800
0.3488669620	0.5281759600	0.7741588970	-0.1875089220
0.0000000000	0.0000000000	0.0000000000	1.0000000000
14	 15	 47	
0.8014594190	-0.3537798980	0.4821852160	0.3688718600
0.3654698030	0.9279278860	0.0733598123	-0.0913490386
-0.4733863350	0.1174292240	0.8729924140	0.7170687920
0.0000000000	0.0000000000	0.0000000000	1.0000000000
14	 16	 47	
0.7416222160	-0.3156158900	0.5919316670	0.5231086990
0.4171666780	0.9080136450	-0.0385121168	0.4577986210
-0.5253269950	0.2754956080	0.8050675240	0.9827236320
0.0000000000	0.0000000000	0.0000000000	1.0000000000
14	 17	 47	
0.9797935120	-0.0872185873	0.1799933120	0.4995909090
0.1331634580	0.9559282580	-0.2616651650	1.0921124600
-0.1492386280	0.2803463620	0.9482266340	0.0485982513
0.0000000000	0.0000000000	0.0000000000	1.0000000000
14	 18	 47	
0.8498262870	-0.0369442090	0.5257664950	0.7258815350
0.1555138000	0.9707054140	-0.1831569190	0.9813508540
-0.5035977960	0.2374155100	0.8306763130	0.3802695420
0.0000000000	0.0000000000	0.0000000000	1.0000000000
14	 23	 47	
0.9811870490	0.1401202150	-0.1328092630	0.5559458630
-0.1485121470	0.9873522690	-0.0554944961	1.0205787500
0.1233536260	0.0741742696	0.9895868130	-0.3159024010
0.0000000000	0.0000000000	0.0000000000	1.0000000000
14	 24	 47	
0.8328198000	-0.2806216260	0.4771401100	0.5630047990
0.3317537170	0.9430499600	-0.0244180919	0.1576870520
-0.4431147170	0.1786288750	0.8784879470	0.4652447330
0.0000000000	0.0000000000	0.0000000000	1.0000000000
14	 29	 47	
-0.8972738620	0.1027122770	-0.4293597610	4.3367672900
-0.1713890770	0.8152341340	0.5531899230	-0.0374951417
0.4068481300	0.5699504320	-0.7138845180	1.5035408800
0.0000000000	0.0000000000	0.0000000000	1.0000000000
14	 31	 47	
0.9484574060	-0.0432882818	0.3139341860	-0.6516819720
0.2107178950	0.8260543410	-0.5227161690	1.0165248800
-0.2366992120	0.5619255730	0.7925989740	0.2787050620
0.0000000000	0.0000000000	0.0000000000	1.0000000000
14	 34	 47	
0.7099868520	-0.5596057510	-0.4275044710	3.0366571500
0.5240987230	0.0144172544	0.8515354780	-0.4186368160
-0.4703607110	-0.8286335410	0.3035247210	3.4947722800
0.0000000000	0.0000000000	0.0000000000	1.0000000000
14	 36	 47	
-0.6066984570	0.7949024680	-0.0068591977	1.7915291100
-0.7794329340	-0.5931516690	0.2016318420	3.5477604700
0.1562091040	0.1276760120	0.9794373650	-0.6260166190
0.0000000000	0.0000000000	0.0000000000	1.0000000000
14	 37	 47	
-0.4292815240	0.8716031760	-0.2366965910	1.8310775900
-0.8929913130	-0.4488442550	-0.0332468092	4.1484323200
-0.1352179300	0.1970957590	0.9710146100	-0.1208843810
0.0000000000	0.0000000000	0.0000000000	1.0000000000
14	 42	 47	
-0.6757895930	0.7328388560	0.0790925822	1.2136888600
-0.6458241530	-0.6404108960	0.4156742090	2.6657042400
0.3552739630	0.2298284050	0.9060680520	-0.5335512950
0.0000000000	0.0000000000	0.0000000000	1.0000000000
14	 43	 47	
0.6679506010	-0.7353278410	-0.1146078530	2.9270669000
0.1745413160	0.0050832769	0.9846367300	-0.3193582750
-0.7234482170	-0.6776925010	0.1317404670	3.6281894200
0.0000000000	0.0000000000	0.0000000000	1.0000000000
14	 44	 47	
0.6308807680	-0.4118874160	-0.6575243060	3.3483709700
0.7419084910	0.0722298024	0.6665993150	-0.5846418340
-0.2270710180	-0.9083675540	0.3511511640	2.9866118200
0.0000000000	0.0000000000	0.0000000000	1.0000000000
15	 16	 47	
0.9975230120	-0.0313091621	0.0629887092	0.1840390170
0.0417236041	0.9842999710	-0.1715013370	0.5485726350
-0.0566302215	0.1737046470	0.9831682020	0.2935736940
0.0000000000	0.0000000000	0.0000000000	1.0000000000
15	 17	 47	
0.8957120340	0.1646668690	-0.4130190970	0.8499835390
-0.2626381650	0.9454703990	-0.1926315650	0.9874443330
0.3587772940	0.2810169880	0.8901170180	-0.4536209340
0.0000000000	0.0000000000	0.0000000000	1.0000000000
15	 18	 47	
0.9895410440	0.1012074760	-0.1027889550	1.1172230800
-0.1229433580	0.9644407210	-0.2339637300	0.6952633210
0.0754549750	0.2441539330	0.9667964640	-0.1107244070
0.0000000000	0.0000000000	0.0000000000	1.0000000000
15	 19	 47	
0.8844115750	-0.1281240970	0.4487765390	1.7773396300
0.2879222480	0.9065720400	-0.3085902050	0.2161313040
-0.3673104210	0.4021334990	0.8386725840	0.1853737150
0.0000000000	0.0000000000	0.0000000000	1.0000000000
15	 20	 47	
-0.4606321270	0.8859766910	0.0535102411	0.8978228280
0.8295549280	0.4082881280	0.3809716880	-1.8388519300
0.3156844390	0.2198774830	-0.9230369590	3.0550096700
0.0000000000	0.0000000000	0.0000000000	1.0000000000
15	 21	 47	
-0.0095576083	0.9991156330	0.0409463567	-0.5105516170
-0.8063733250	0.0165141173	-0.5911762380	2.9485824900
-0.5913296150	-0.0386682807	0.8055023590	0.7728145380
0.0000000000	0.0000000000	0.0000000000	1.0000000000
15	 22	 47	
0.3674827040	0.1427029280	-0.9190170490	2.1637239800
-0.5537542090	0.8274773690	-0.0929380478	0.9242001220
0.7472032780	0.5430626840	0.3831059680	-1.4498310500
0.0000000000	0.0000000000	0.0000000000	1.0000000000
15	 24	 47	
0.9948264340	0.0528449301	-0.0867627773	0.3945284520
-0.0598429618	0.9949853890	-0.0801429735	0.1470474810
0.0820925459	0.0849204901	0.9930001630	-0.1475072600
0.0000000000	0.0000000000	0.0000000000	1.0000000000
15	 25	 47	
0.9265998610	-0.1740231770	0.3333596120	0.3472423100
0.2392579990	0.9567306130	-0.1655963280	0.0659933008
-0.2901177460	0.2332004890	0.9281428910	0.0757900350
0.0000000000	0.0000000000	0.0000000000	1.0000000000
15	 26	 47	
0.9575256150	-0.0530217263	0.2834314610	0.2446915280
0.1671929970	0.9029359800	-0.3959205950	0.7681302660
-0.2349280700	0.4264918670	0.8734491910	0.2386055640
0.0000000000	0.0000000000	0.0000000000	1.0000000000
15	 28	 47	
0.9897209540	-0.0285797067	-0.1401272080	-1.2062137900
-0.0592067176	0.8100322930	-0.5833885920	1.0611960400
0.1301806380	0.5856883850	0.8000138230	-0.1981853180
0.0000000000	0.0000000000	0.0000000000	1.0000000000
15	 29	 47	
0.7183015630	-0.6850803750	-0.1212754870	0.8541917750
0.3718023770	0.5253216520	-0.7653758260	0.6115871770
0.5880525970	0.5046801380	0.6320538760	-1.0752724100
0.0000000000	0.0000000000	0.0000000000	1.0000000000
15	 30	 47	
0.5073993690	0.0859894565	-0.8574098750	0.8951034380
-0.5382819940	0.8086226410	-0.2374487730	1.8591072800
0.6729029470	0.5820096540	0.4565811940	-1.1410633500
0.0000000000	0.0000000000	0.0000000000	1.0000000000
15	 31	 47	
0.9453457480	0.0016283920	-0.3260655840	-0.1479830880
-0.1767061880	0.8429730790	-0.5081056100	1.3624902600
0.2740371140	0.5379532850	0.7971887630	-0.8200272830
0.0000000000	0.0000000000	0.0000000000	1.0000000000
15	 32	 47	
0.9666757550	-0.0362369235	0.2534262630	-0.3488415390
0.1508301690	0.8804896310	-0.4494310520	0.7631109480
-0.2068531980	0.4726784280	0.8566135990	-0.3807930630
0.0000000000	0.0000000000	0.0000000000	1.0000000000
15	 44	 47	
-0.4714958270	-0.3946437400	0.7886368010	0.6072998900
0.6640198660	-0.7473610010	0.0230033078	1.8152996600
0.5803182770	0.5345164660	0.6144288770	-0.5412719460
0.0000000000	0.0000000000	0.0000000000	1.0000000000
16	 17	 47	
0.8632936320	0.2010548580	-0.4629266130	0.6829353990
-0.2511929180	0.9667170570	-0.0485824000	0.3647800830
0.4377513250	0.1582247630	0.8850642360	-0.7952207910
0.0000000000	0.0000000000	0.0000000000	1.0000000000
16	 18	 47	
0.9841100400	0.1046668950	-0.1434303650	0.9138954930
-0.1190053560	0.9883079170	-0.0953162499	0.0628748785
0.1317769100	0.1108706600	0.9850596650	-0.3774804130
0.0000000000	0.0000000000	0.0000000000	1.0000000000
16	 19	 47	
