0	1	47
4727.00000000 0.00000000 0.00000000 0.00000000 18749.05002725 -16235.02772915
0.00000000 4727.00000000 0.00000000 -18749.05002725 0.00000000 12582.97422552
0.00000000 0.00000000 4727.00000000 16235.02772915 -12582.97422552 0.00000000
0.00000000 -18749.05002725 16235.02772915 138606.74902970 -43506.91315729 -50875.57454440
18749.05002725 0.00000000 -12582.97422552 -43506.91315729 117685.94441155 -64258.53485528
-16235.02772915 12582.97422552 0.00000000 -50875.57454440 -64258.53485528 101994.07340643
3	4	47
4663.00000000 0.00000000 0.00000000 0.00000000 20473.64944720 -14552.16184026
0.00000000 4663.00000000 0.00000000 -20473.64944720 0.00000000 12318.89259529
0.00000000 0.00000000 4663.00000000 14552.16184026 -12318.89259529 0.00000000
0.00000000 -20473.64944720 14552.16184026 143188.12224329 -38455.97386244 -52977.34309034
20473.64944720 0.00000000 -12318.89259529 -38455.97386244 133363.26984195 -61959.42985501
-14552.16184026 12318.89259529 0.00000000 -52977.34309034 -61959.42985501 94221.20537918
2	3	47
4505.00000000 0.00000000 0.00000000 0.00000000 20763.63603258 -13250.65543288
0.00000000 4505.00000000 0.00000000 -20763.63603258 0.00000000 11395.85335831
0.00000000 0.00000000 4505.00000000 13250.65543288 -11395.85335831 0.00000000
0.00000000 -20763.63603258 13250.65543288 142616.85107936 -32985.09647399 -51823.26639323
20763.63603258 0.00000000 -11395.85335831 -32985.09647399 135107.72818187 -59792.34703148
-13250.65543288 11395.85335831 0.00000000 -51823.26639323 -59792.34703148 84094.94157887
1	2	47
5020.00000000 0.00000000 0.00000000 0.00000000 22601.85505104 -15866.03696781
0.00000000 5020.00000000 0.00000000 -22601.85505104 0.00000000 12266.84784797
0.00000000 0.00000000 5020.00000000 15866.03696781 -12266.84784797 0.00000000
0.00000000 -22601.85505104 15866.03696781 160289.28007598 -37865.56474268 -55387.61998891
22601.85505104 0.00000000 -12266.84784797 -37865.56474268 144757.04940394 -71130.51879154
-15866.03696781 12266.84784797 0.00000000 -55387.61998891 -71130.51879154 97968.99483352
4	5	47
5090.00000000 0.00000000 0.00000000 0.00000000 24208.01280451 -15259.43972042
0.00000000 5090.00000000 0.00000000 -24208.01280451 0.00000000 12456.73815512
0.00000000 0.00000000 5090.00000000 15259.43972042 -12456.73815512 0.00000000
0.00000000 -24208.01280451 15259.43972042 170022.92002734 -37943.09848620 -57573.46075682
24208.01280451 0.00000000 -12456.73815512 -37943.09848620 158386.30569748 -70768.20842217
-15259.43972042 12456.73815512 0.00000000 -57573.46075682 -70768.20842217 94737.22722777
6	7	47
4135.00000000 0.00000000 0.00000000 0.00000000 18386.76872277 -13233.19404018
0.00000000 4135.00000000 0.00000000 -18386.76872277 0.00000000 10283.68126041
0.00000000 0.00000000 4135.00000000 13233.19404018 -10283.68126041 0.00000000
0.00000000 -18386.76872277 13233.19404018 133022.72454394 -32545.83532233 -44474.04553465
18386.76872277 0.00000000 -10283.68126041 -32545.83532233 117428.46801050 -59314.58734053
-13233.19404018 10283.68126041 0.00000000 -44474.04553465 -59314.58734053 80055.53565370
5	6	47
2631.00000000 0.00000000 0.00000000 0.00000000 10643.27342153 -9512.58961642
0.00000000 2631.00000000 0.00000000 -10643.27342153 0.00000000 5163.93716516
0.00000000 0.00000000 2631.00000000 9512.58961642 -5163.93716516 0.00000000
0.00000000 -10643.27342153 9512.58961642 82446.16841738 -19267.23442779 -21372.95770743
10643.27342153 0.00000000 -5163.93716516 -19267.23442779 55692.38078133 -38916.37983944
-9512.58961642 5163.93716516 0.00000000 -21372.95770743 -38916.37983944 50751.97893168
0	2	47
4201.00000000 0.00000000 0.00000000 0.00000000 18569.88963246 -14277.01121056
0.00000000 4201.00000000 0.00000000 -18569.88963246 0.00000000 8346.16850390
0.00000000 0.00000000 4201.00000000 14277.01121056 -8346.16850390 0.00000000
0.00000000 -18569.88963246 14277.01121056 138125.29274406 -28111.03254286 -36751.63635601
18569.88963246 0.00000000 -8346.16850390 -28111.03254286 106313.06679759 -62675.73989383
-14277.01121056 8346.16850390 0.00000000 -36751.63635601 -62675.73989383 76789.01300488
3	5	47
3909.00000000 0.00000000 0.00000000 0.00000000 18799.87336922 -11138.42593792
0.00000000 3909.00000000 0.00000000 -18799.87336922 0.00000000 7784.50404046
0.00000000 0.00000000 3909.00000000 11138.42593792 -7784.50404046 0.00000000
0.00000000 -18799.87336922 11138.42593792 129150.13023388 -22337.96635477 -35919.46604923
18799.87336922 0.00000000 -7784.50404046 -22337.96635477 112892.17544886 -51840.30024864
-11138.42593792 7784.50404046 0.00000000 -35919.46604923 -51840.30024864 58406.12708173
2	4	47
3732.00000000 0.00000000 0.00000000 0.00000000 16702.77889085 -11462.30433816
0.00000000 3732.00000000 0.00000000 -16702.77889085 0.00000000 7997.79718733
0.00000000 0.00000000 3732.00000000 11462.30433816 -7997.79718733 0.00000000
0.00000000 -16702.77889085 11462.30433816 116315.41910194 -24265.97260677 -35433.34365544
16702.77889085 0.00000000 -7997.79718733 -24265.97260677 97787.11693490 -49760.71515395
-11462.30433816 7997.79718733 0.00000000 -35433.34365544 -49760.71515395 62753.71317015
1	3	47
3416.00000000 0.00000000 0.00000000 0.00000000 15907.41170764 -9553.18506700
0.00000000 3416.00000000 0.00000000 -15907.41170764 0.00000000 7615.15740016
0.00000000 0.00000000 3416.00000000 9553.18506700 -7615.15740016 0.00000000
0.00000000 -15907.41170764 9553.18506700 106308.14112807 -21205.12628847 -34899.95317571
15907.41170764 0.00000000 -7615.15740016 -21205.12628847 96732.06629909 -43763.21656153
-9553.18506700 7615.15740016 0.00000000 -34899.95317571 -43763.21656153 53205.31892520
0	3	47
2524.00000000 0.00000000 0.00000000 0.00000000 11753.03483987 -7374.42436618
0.00000000 2524.00000000 0.00000000 -11753.03483987 0.00000000 4041.45073961
0.00000000 0.00000000 2524.00000000 7374.42436618 -4041.45073961 0.00000000
0.00000000 -11753.03483987 7374.42436618 80888.24663925 -11717.54634553 -18372.93136966
11753.03483987 0.00000000 -4041.45073961 -11717.54634553 64012.45287201 -33794.60071967
-7374.42436618 4041.45073961 0.00000000 -18372.93136966 -33794.60071967 33964.80434622
1	4	47
2782.00000000 0.00000000 0.00000000 0.00000000 12698.11989999 -8107.18372864
0.00000000 2782.00000000 0.00000000 -12698.11989999 0.00000000 4957.60468743
0.00000000 0.00000000 2782.00000000 8107.18372864 -4957.60468743 0.00000000
0.00000000 -12698.11989999 8107.18372864 85807.33472294 -14307.50193279 -22487.42890963
12698.11989999 0.00000000 -4957.60468743 -14307.50193279 69801.78156478 -36000.96857858
-8107.18372864 4957.60468743 0.00000000 -22487.42890963 -36000.96857858 38401.83003239
2	5	47
3006.00000000 0.00000000 0.00000000 0.00000000 15030.55373073 -8078.86159250
0.00000000 3006.00000000 0.00000000 -15030.55373073 0.00000000 4539.83373190
0.00000000 0.00000000 3006.00000000 8078.86159250 -4539.83373190 0.00000000
0.00000000 -15030.55373073 8078.86159250 101972.28708609 -11877.92584530 -22191.68701393
15030.55373073 0.00000000 -4539.83373190 -11877.92584530 85440.20788425 -39247.67698259
-8078.86159250 4539.83373190 0.00000000 -22191.68701393 -39247.67698259 35551.02759287
0	4	47
1812.00000000 0.00000000 0.00000000 0.00000000 8365.24603343 -5292.52936840
0.00000000 1812.00000000 0.00000000 -8365.24603343 0.00000000 2118.69006048
0.00000000 0.00000000 1812.00000000 5292.52936840 -2118.69006048 0.00000000
0.00000000 -8365.24603343 5292.52936840 57062.06704683 -6173.30682482 -9707.11910742
8365.24603343 0.00000000 -2118.69006048 -6173.30682482 42258.39763546 -23732.08432468
-5292.52936840 2118.69006048 0.00000000 -9707.11910742 -23732.08432468 21201.23660945
6	8	47
2456.00000000 0.00000000 0.00000000 0.00000000 9845.48615146 -7772.30982184
0.00000000 2456.00000000 0.00000000 -9845.48615146 0.00000000 4701.72557373
0.00000000 0.00000000 2456.00000000 7772.30982184 -4701.72557373 0.00000000
0.00000000 -9845.48615146 7772.30982184 67153.01720216 -14222.74423257 -18057.68241659
9845.48615146 0.00000000 -4701.72557373 -14222.74423257 52370.80644343 -31677.67962110
-7772.30982184 4701.72557373 0.00000000 -18057.68241659 -31677.67962110 39082.98406148
7	8	47
3698.00000000 0.00000000 0.00000000 0.00000000 14274.95392060 -11923.64821804
0.00000000 3698.00000000 0.00000000 -14274.95392060 0.00000000 10016.11294631
0.00000000 0.00000000 3698.00000000 11923.64821804 -10016.11294631 0.00000000
0.00000000 -14274.95392060 11923.64821804 98411.29566957 -31530.77740200 -37069.98606291
14274.95392060 0.00000000 -10016.11294631 -31530.77740200 91155.21296736 -46436.19025764
-11923.64821804 10016.11294631 0.00000000 -37069.98606291 -46436.19025764 76702.26929762
1	5	47
2157.00000000 0.00000000 0.00000000 0.00000000 11093.36492872 -5222.53892502
0.00000000 2157.00000000 0.00000000 -11093.36492872 0.00000000 2549.55338548
0.00000000 0.00000000 2157.00000000 5222.53892502 -2549.55338548 0.00000000
0.00000000 -11093.36492872 5222.53892502 73039.85922154 -5874.51090860 -12946.95681171
11093.36492872 0.00000000 -2549.55338548 -5874.51090860 61675.80794000 -26204.77881697
-5222.53892502 2549.55338548 0.00000000 -12946.95681171 -26204.77881697 19707.62841782
7	9	47
2922.00000000 0.00000000 0.00000000 0.00000000 11992.00067639 -8115.31317347
0.00000000 2922.00000000 0.00000000 -11992.00067639 0.00000000 6173.34428179
0.00000000 0.00000000 2922.00000000 8115.31317347 -6173.34428179 0.00000000
0.00000000 -11992.00067639 8115.31317347 75331.63429203 -16197.18744434 -25262.06896860
11992.00067639 0.00000000 -6173.34428179 -16197.18744434 66059.57404675 -33277.34425794
-8115.31317347 6173.34428179 0.00000000 -25262.06896860 -33277.34425794 41540.52180577
7	10	47
1842.00000000 0.00000000 0.00000000 0.00000000 7331.43144536 -4915.52338469
0.00000000 1842.00000000 0.00000000 -7331.43144536 0.00000000 3059.41595529
0.00000000 0.00000000 1842.00000000 4915.52338469 -3059.41595529 0.00000000
0.00000000 -7331.43144536 4915.52338469 44137.65779985 -8073.99431056 -12150.28915912
7331.43144536 0.00000000 -3059.41595529 -8073.99431056 35870.61648746 -19291.15632443
-4915.52338469 3059.41595529 0.00000000 -12150.28915912 -19291.15632443 20788.65526572
0	30	47
3425.00000000 0.00000000 0.00000000 0.00000000 9992.07413214 -9623.41492999
0.00000000 3425.00000000 0.00000000 -9992.07413214 0.00000000 13653.84742785
0.00000000 0.00000000 3425.00000000 9623.41492999 -13653.84742785 0.00000000
0.00000000 -9992.07413214 9623.41492999 60841.16371697 -37747.32273338 -39883.92040841
9992.07413214 0.00000000 -13653.84742785 -37747.32273338 89582.17378739 -27960.01030822
-9623.41492999 13653.84742785 0.00000000 -39883.92040841 -27960.01030822 88461.59238695
2	30	47
2495.00000000 0.00000000 0.00000000 0.00000000 7193.49850231 -7352.38133883
0.00000000 2495.00000000 0.00000000 -7193.49850231 0.00000000 11035.92095327
0.00000000 0.00000000 2495.00000000 7352.38133883 -11035.92095327 0.00000000
0.00000000 -7193.49850231 7352.38133883 46024.76307969 -31795.08807527 -31710.26177958
7193.49850231 0.00000000 -11035.92095327 -31795.08807527 72902.79410189 -21316.24292351
-7352.38133883 11035.92095327 0.00000000 -31710.26177958 -21316.24292351 74204.91486854
1	30	47
2868.00000000 0.00000000 0.00000000 0.00000000 8505.42050236 -7860.86275005
0.00000000 2868.00000000 0.00000000 -8505.42050236 0.00000000 12258.01586127
0.00000000 0.00000000 2868.00000000 7860.86275005 -12258.01586127 0.00000000
0.00000000 -8505.42050236 7860.86275005 50816.09480842 -33456.34525503 -36053.54844480
8505.42050236 0.00000000 -12258.01586127 -33456.34525503 81651.18141324 -23324.76649383
-7860.86275005 12258.01586127 0.00000000 -36053.54844480 -23324.76649383 78632.09030999
2	31	47
4235.00000000 0.00000000 0.00000000 0.00000000 12784.75372267 -13230.55626088
0.00000000 4235.00000000 0.00000000 -12784.75372267 0.00000000 16838.87094283
0.00000000 0.00000000 4235.00000000 13230.55626088 -16838.87094283 0.00000000
0.00000000 -12784.75372267 13230.55626088 88774.86209075 -52304.17526758 -48368.11219129
12784.75372267 0.00000000 -16838.87094283 -52304.17526758 115223.10766593 -38357.47747125
-13230.55626088 16838.87094283 0.00000000 -48368.11219129 -38357.47747125 118320.72882637
0	31	47
4986.00000000 0.00000000 0.00000000 0.00000000 15118.44314206 -15050.15125161
0.00000000 4986.00000000 0.00000000 -15118.44314206 0.00000000 18115.72412872
0.00000000 0.00000000 4986.00000000 15050.15125161 -18115.72412872 0.00000000
0.00000000 -15118.44314206 15050.15125161 100729.13506060 -54327.53346405 -53984.44204047
15118.44314206 0.00000000 -18115.72412872 -54327.53346405 122760.73106497 -44296.69760984
-15050.15125161 18115.72412872 0.00000000 -53984.44204047 -44296.69760984 124038.76668539
4	31	47
1959.00000000 0.00000000 0.00000000 0.00000000 4647.50970834 -5966.38066590
0.00000000 1959.00000000 0.00000000 -4647.50970834 0.00000000 9740.54622793
0.00000000 0.00000000 1959.00000000 5966.38066590 -9740.54622793 0.00000000
0.00000000 -4647.50970834 5966.38066590 32888.36720388 -29615.12779895 -22876.73743248
4647.50970834 0.00000000 -9740.54622793 -29615.12779895 61710.88751395 -12653.11735706
-5966.38066590 9740.54622793 0.00000000 -22876.73743248 -12653.11735706 69500.92147419
1	31	47
4953.00000000 0.00000000 0.00000000 0.00000000 15112.24951535 -14876.39353848
0.00000000 4953.00000000 0.00000000 -15112.24951535 0.00000000 18615.10562265
0.00000000 0.00000000 4953.00000000 14876.39353848 -18615.10562265 0.00000000
0.00000000 -15112.24951535 14876.39353848 100350.62627489 -56500.76656738 -54633.60742609
15112.24951535 0.00000000 -18615.10562265 -56500.76656738 127528.06360744 -43972.36141992
-14876.39353848 18615.10562265 0.00000000 -54633.60742609 -43972.36141992 127077.58845886
3	31	47
2600.00000000 0.00000000 0.00000000 0.00000000 6927.90299720 -8011.16073781
0.00000000 2600.00000000 0.00000000 -6927.90299720 0.00000000 12081.15591764
0.00000000 0.00000000 2600.00000000 8011.16073781 -12081.15591764 0.00000000
0.00000000 -6927.90299720 8011.16073781 48696.13339869 -37009.46876999 -31218.22793690
6927.90299720 0.00000000 -12081.15591764 -37009.46876999 78765.05170502 -19766.12249679
-8011.16073781 12081.15591764 0.00000000 -31218.22793690 -19766.12249679 85528.08475768
0	32	47
4123.00000000 0.00000000 0.00000000 0.00000000 16859.86505473 -12987.44103044
0.00000000 4123.00000000 0.00000000 -16859.86505473 0.00000000 9120.53198949
0.00000000 0.00000000 4123.00000000 12987.44103044 -9120.53198949 0.00000000
0.00000000 -16859.86505473 12987.44103044 116637.68450138 -28842.03100158 -37420.06570123
16859.86505473 0.00000000 -9120.53198949 -28842.03100158 96726.86875895 -52055.34377830
-12987.44103044 9120.53198949 0.00000000 -37420.06570123 -52055.34377830 71539.56749286
2	32	47
5639.00000000 0.00000000 0.00000000 0.00000000 24043.41069305 -17142.15885854
0.00000000 5639.00000000 0.00000000 -24043.41069305 0.00000000 17093.22170612
0.00000000 0.00000000 5639.00000000 17142.15885854 -17093.22170612 0.00000000
0.00000000 -24043.41069305 17142.15885854 164747.88396973 -51257.04762338 -75064.54458218
24043.41069305 0.00000000 -17093.22170612 -51257.04762338 173428.79170790 -70654.30699166
-17142.15885854 17093.22170612 0.00000000 -75064.54458218 -70654.30699166 126653.27826749
4	32	47
3641.00000000 0.00000000 0.00000000 0.00000000 15997.27533269 -10680.14762664
0.00000000 3641.00000000 0.00000000 -15997.27533269 0.00000000 15314.38061070
0.00000000 0.00000000 3641.00000000 10680.14762664 -15314.38061070 0.00000000
0.00000000 -15997.27533269 10680.14762664 108685.75886303 -45451.54670161 -68013.75156134
15997.27533269 0.00000000 -15314.38061070 -45451.54670161 141650.47142768 -44181.79763489
-10680.14762664 15314.38061070 0.00000000 -68013.75156134 -44181.79763489 104936.17151678
5	32	47
2928.00000000 0.00000000 0.00000000 0.00000000 13377.28507519 -7977.40662140
0.00000000 2928.00000000 0.00000000 -13377.28507519 0.00000000 12949.00381947
0.00000000 0.00000000 2928.00000000 7977.40662140 -12949.00381947 0.00000000
0.00000000 -13377.28507519 7977.40662140 88509.38185991 -36145.35354885 -59348.03111279
13377.28507519 0.00000000 -12949.00381947 -36145.35354885 122933.98221578 -34367.77647615
-7977.40662140 12949.00381947 0.00000000 -59348.03111279 -34367.77647615 85917.21606631
1	32	47
4925.00000000 0.00000000 0.00000000 0.00000000 20811.53165901 -14899.77755618
0.00000000 4925.00000000 0.00000000 -20811.53165901 0.00000000 12913.54266986
0.00000000 0.00000000 4925.00000000 14899.77755618 -12913.54266986 0.00000000
0.00000000 -20811.53165901 14899.77755618 141289.02783767 -38286.65836088 -55624.49419166
20811.53165901 0.00000000 -12913.54266986 -38286.65836088 134208.38574954 -61338.17545500
-14899.77755618 12913.54266986 0.00000000 -55624.49419166 -61338.17545500 94906.27097101
3	32	47
4152.00000000 0.00000000 0.00000000 0.00000000 18335.48512912 -12157.21838456
0.00000000 4152.00000000 0.00000000 -18335.48512912 0.00000000 15517.82269919
0.00000000 0.00000000 4152.00000000 12157.21838456 -15517.82269919 0.00000000
0.00000000 -18335.48512912 12157.21838456 123919.93370274 -45449.42597427 -69570.55025497
18335.48512912 0.00000000 -15517.82269919 -45449.42597427 149573.11534815 -51246.81971276
-12157.21838456 15517.82269919 0.00000000 -69570.55025497 -51246.81971276 107084.00207634
3	33	47
2531.00000000 0.00000000 0.00000000 0.00000000 10899.69574594 -5444.73569152
0.00000000 2531.00000000 0.00000000 -10899.69574594 0.00000000 4679.39551465
0.00000000 0.00000000 2531.00000000 5444.73569152 -4679.39551465 0.00000000
0.00000000 -10899.69574594 5444.73569152 62948.22138482 -10242.67626861 -21031.89353678
10899.69574594 0.00000000 -4679.39551465 -10242.67626861 59205.89608897 -21953.17318105
-5444.73569152 4679.39551465 0.00000000 -21031.89353678 -21953.17318105 23940.95207388
4	33	47
2707.00000000 0.00000000 0.00000000 0.00000000 11480.61431026 -6025.64122272
0.00000000 2707.00000000 0.00000000 -11480.61431026 0.00000000 5063.98684803
0.00000000 0.00000000 2707.00000000 6025.64122272 -5063.98684803 0.00000000
0.00000000 -11480.61431026 6025.64122272 67135.62435410 -11526.65899671 -22271.47614849
11480.61431026 0.00000000 -5063.98684803 -11526.65899671 62090.07012631 -23680.66234313
-6025.64122272 5063.98684803 0.00000000 -22271.47614849 -23680.66234313 26878.71058072
5	33	47
2641.00000000 0.00000000 0.00000000 0.00000000 11526.85640812 -5632.27413383
0.00000000 2641.00000000 0.00000000 -11526.85640812 0.00000000 5080.40926413
0.00000000 0.00000000 2641.00000000 5632.27413383 -5080.40926413 0.00000000
0.00000000 -11526.85640812 5632.27413383 66444.64513224 -11304.62491227 -22864.47495170
11526.85640812 0.00000000 -5080.40926413 -11304.62491227 63582.74586009 -23235.44156509
-5632.27413383 5080.40926413 0.00000000 -22864.47495170 -23235.44156509 25425.77655819
10	11	47
3877.00000000 0.00000000 0.00000000 0.00000000 15706.38686657 -11619.75451738
0.00000000 3877.00000000 0.00000000 -15706.38686657 0.00000000 9519.64769660
0.00000000 0.00000000 3877.00000000 11619.75451738 -9519.64769660 0.00000000
0.00000000 -15706.38686657 11619.75451738 103843.16642239 -28849.46280052 -38393.27457668
15706.38686657 0.00000000 -9519.64769660 -28849.46280052 94983.93683640 -45782.30802348
-11619.75451738 9519.64769660 0.00000000 -38393.27457668 -45782.30802348 70009.26322617
8	9	47
4169.00000000 0.00000000 0.00000000 0.00000000 17081.78470445 -12681.99237663
0.00000000 4169.00000000 0.00000000 -17081.78470445 0.00000000 10996.07083480
0.00000000 0.00000000 4169.00000000 12681.99237663 -10996.07083480 0.00000000
0.00000000 -17081.78470445 12681.99237663 114721.05683116 -33344.69654914 -45033.67448822
17081.78470445 0.00000000 -10996.07083480 -33344.69654914 107173.44334988 -51455.45562230
-12681.99237663 10996.07083480 0.00000000 -45033.67448822 -51455.45562230 80047.44538572
9	10	47
4065.00000000 0.00000000 0.00000000 0.00000000 16383.81758690 -12070.84230638
0.00000000 4065.00000000 0.00000000 -16383.81758690 0.00000000 11167.61006915
0.00000000 0.00000000 4065.00000000 12070.84230638 -11167.61006915 0.00000000
0.00000000 -16383.81758690 12070.84230638 107668.79648167 -32755.43285275 -45733.54801097
16383.81758690 0.00000000 -11167.61006915 -32755.43285275 105760.57257614 -47490.62600172
-12070.84230638 11167.61006915 0.00000000 -45733.54801097 -47490.62600172 79513.35661505
14	15	47
3913.00000000 0.00000000 0.00000000 0.00000000 15014.54266500 -12192.93271673
0.00000000 3913.00000000 0.00000000 -15014.54266500 0.00000000 11009.20704481
0.00000000 0.00000000 3913.00000000 12192.93271673 -11009.20704481 0.00000000
0.00000000 -15014.54266500 12192.93271673 100458.93543986 -34791.73305917 -41856.80164956
15014.54266500 0.00000000 -11009.20704481 -34791.73305917 98404.17786097 -47052.80688855
-12192.93271673 11009.20704481 0.00000000 -41856.80164956 -47052.80688855 80199.27204100
13	14	47
4540.00000000 0.00000000 0.00000000 0.00000000 18039.65054321 -14810.44808173
0.00000000 4540.00000000 0.00000000 -18039.65054321 0.00000000 12849.41600674
0.00000000 0.00000000 4540.00000000 14810.44808173 -12849.41600674 0.00000000
0.00000000 -18039.65054321 14810.44808173 127888.11501469 -42338.67661087 -50442.13352923
18039.65054321 0.00000000 -12849.41600674 -42338.67661087 117268.72029546 -59911.44124244
-14810.44808173 12849.41600674 0.00000000 -50442.13352923 -59911.44124244 94797.26723751
8	10	47
2917.00000000 0.00000000 0.00000000 0.00000000 11429.49072695 -8918.14776456
0.00000000 2917.00000000 0.00000000 -11429.49072695 0.00000000 6271.72369383
0.00000000 0.00000000 2917.00000000 8918.14776456 -6271.72369383 0.00000000
0.00000000 -11429.49072695 8918.14776456 76246.52651952 -19462.25686981 -24647.36295263
11429.49072695 0.00000000 -6271.72369383 -19462.25686981 61890.70349962 -34215.98581668
-8918.14776456 6271.72369383 0.00000000 -24647.36295263 -34215.98581668 47346.59055018
9	11	47
3139.00000000 0.00000000 0.00000000 0.00000000 12795.35798120 -9361.71382678
0.00000000 3139.00000000 0.00000000 -12795.35798120 0.00000000 6724.06916318
0.00000000 0.00000000 3139.00000000 9361.71382678 -6724.06916318 0.00000000
0.00000000 -12795.35798120 9361.71382678 84487.25516514 -19957.78491476 -27536.58293535
12795.35798120 0.00000000 -6724.06916318 -19957.78491476 71222.50564972 -37112.33062398
-9361.71382678 6724.06916318 0.00000000 -27536.58293535 -37112.33062398 50274.90915899
11	12	47
4759.00000000 0.00000000 0.00000000 0.00000000 20667.88165593 -14739.79869425
0.00000000 4759.00000000 0.00000000 -20667.88165593 0.00000000 12625.06778050
0.00000000 0.00000000 4759.00000000 14739.79869425 -12625.06778050 0.00000000
0.00000000 -20667.88165593 14739.79869425 142926.88955012 -39931.77793725 -54064.95248321
20667.88165593 0.00000000 -12625.06778050 -39931.77793725 135995.82757545 -62956.64564311
-14739.79869425 12625.06778050 0.00000000 -54064.95248321 -62956.64564311 96194.07854254
10	12	47
3372.00000000 0.00000000 0.00000000 0.00000000 14738.81375480 -10039.32480526
0.00000000 3372.00000000 0.00000000 -14738.81375480 0.00000000 6456.27693175
0.00000000 0.00000000 3372.00000000 10039.32480526 -6456.27693175 0.00000000
0.00000000 -14738.81375480 10039.32480526 99260.95963583 -19270.67477645 -27583.97774398
14738.81375480 0.00000000 -6456.27693175 -19270.67477645 82325.55620455 -42598.55674860
-10039.32480526 6456.27693175 0.00000000 -27583.97774398 -42598.55674860 51003.70633927
12	13	47
5465.00000000 0.00000000 0.00000000 0.00000000 23981.51345015 -18026.72742736
0.00000000 5465.00000000 0.00000000 -23981.51345015 0.00000000 16328.80046064
0.00000000 0.00000000 5465.00000000 18026.72742736 -16328.80046064 0.00000000
0.00000000 -23981.51345015 18026.72742736 173915.68191467 -55007.29211677 -71702.55582783
23981.51345015 0.00000000 -16328.80046064 -55007.29211677 169330.48449716 -79846.64929109
-18026.72742736 16328.80046064 0.00000000 -71702.55582783 -79846.64929109 127736.80090890
15	16	47
3631.00000000 0.00000000 0.00000000 0.00000000 10974.82226431 -9994.49505818
0.00000000 3631.00000000 0.00000000 -10974.82226431 0.00000000 8934.70491956
0.00000000 0.00000000 3631.00000000 9994.49505818 -8934.70491956 0.00000000
0.00000000 -10974.82226431 9994.49505818 64441.87349972 -25454.19838863 -26543.19212667
10974.82226431 0.00000000 -8934.70491956 -25454.19838863 64562.08338539 -29725.98246901
-9994.49505818 8934.70491956 0.00000000 -26543.19212667 -29725.98246901 60070.24934376
13	15	47
2663.00000000 0.00000000 0.00000000 0.00000000 10235.25296497 -7874.94210684
0.00000000 2663.00000000 0.00000000 -10235.25296497 0.00000000 5457.25394395
0.00000000 0.00000000 2663.00000000 7874.94210684 -5457.25394395 0.00000000
0.00000000 -10235.25296497 7874.94210684 66070.50725196 -15930.70207179 -20648.57306238
10235.25296497 0.00000000 -5457.25394395 -15930.70207179 54707.34984956 -30334.70058370
-7874.94210684 5457.25394395 0.00000000 -20648.57306238 -30334.70058370 39063.12976487
14	16	47
3419.00000000 0.00000000 0.00000000 0.00000000 10569.48172116 -9099.51200926
0.00000000 3419.00000000 0.00000000 -10569.48172116 0.00000000 7974.44822090
0.00000000 0.00000000 3419.00000000 9099.51200926 -7974.44822090 0.00000000
0.00000000 -10569.48172116 9099.51200926 60043.68032895 -21724.13286690 -24390.56010855
10569.48172116 0.00000000 -7974.44822090 -21724.13286690 59844.40690864 -27933.00721214
-9099.51200926 7974.44822090 0.00000000 -24390.56010855 -27933.00721214 52450.95452519
8	11	47
2098.00000000 0.00000000 0.00000000 0.00000000 8501.88676667 -6333.67734379
0.00000000 2098.00000000 0.00000000 -8501.88676667 0.00000000 3123.45298854
0.00000000 0.00000000 2098.00000000 6333.67734379 -3123.45298854 0.00000000
0.00000000 -8501.88676667 6333.67734379 56738.45227196 -9658.31118420 -12632.17412137
8501.88676667 0.00000000 -3123.45298854 -9658.31118420 40617.10099501 -24935.42074753
-6333.67734379 3123.45298854 0.00000000 -12632.17412137 -24935.42074753 27679.57758494
10	13	47
2162.00000000 0.00000000 0.00000000 0.00000000 9402.73897672 -7194.35819936
0.00000000 2162.00000000 0.00000000 -9402.73897672 0.00000000 3527.44448218
0.00000000 0.00000000 2162.00000000 7194.35819936 -3527.44448218 0.00000000
0.00000000 -9402.73897672 7194.35819936 67167.96656471 -11645.17671553 -15334.41788071
9402.73897672 0.00000000 -3527.44448218 -11645.17671553 48790.82431252 -30767.76104332
-7194.35819936 3527.44448218 0.00000000 -15334.41788071 -30767.76104332 33411.66669018
11	13	47
3620.00000000 0.00000000 0.00000000 0.00000000 16248.67218423 -12537.51708722
0.00000000 3620.00000000 0.00000000 -16248.67218423 0.00000000 8554.70559207
0.00000000 0.00000000 3620.00000000 12537.51708722 -8554.70559207 0.00000000
0.00000000 -16248.67218423 12537.51708722 121353.71400017 -30212.48848876 -38850.01782164
16248.67218423 0.00000000 -8554.70559207 -30212.48848876 100023.08149558 -56196.11231723
-12537.51708722 8554.70559207 0.00000000 -38850.01782164 -56196.11231723 73015.48518807
9	12	47
2867.00000000 0.00000000 0.00000000 0.00000000 12741.14791417 -8550.06359160
0.00000000 2867.00000000 0.00000000 -12741.14791417 0.00000000 4243.46446586
0.00000000 0.00000000 2867.00000000 8550.06359160 -4243.46446586 0.00000000
0.00000000 -12741.14791417 8550.06359160 86516.05776699 -12274.84026815 -18721.85923425
12741.14791417 0.00000000 -4243.46446586 -12274.84026815 66226.05835520 -36771.41908169
-8550.06359160 4243.46446586 0.00000000 -18721.85923425 -36771.41908169 38142.49196872
13	16	47
2278.00000000 0.00000000 0.00000000 0.00000000 7124.80132866 -5752.10897207
0.00000000 2278.00000000 0.00000000 -7124.80132866 0.00000000 3544.68315725
0.00000000 0.00000000 2278.00000000 5752.10897207 -3544.68315725 0.00000000
0.00000000 -7124.80132866 5752.10897207 38969.23198327 -8921.11772603 -10833.14956398
7124.80132866 0.00000000 -3544.68315725 -8921.11772603 31200.98974234 -17891.39198663
-5752.10897207 3544.68315725 0.00000000 -10833.14956398 -17891.39198663 23959.71802206
12	14	47
3615.00000000 0.00000000 0.00000000 0.00000000 14994.35540676 -11746.62254608
0.00000000 3615.00000000 0.00000000 -14994.35540676 0.00000000 8853.42022294
0.00000000 0.00000000 3615.00000000 11746.62254608 -8853.42022294 0.00000000
0.00000000 -14994.35540676 11746.62254608 106331.89633926 -28918.18886417 -37364.20276141
14994.35540676 0.00000000 -8853.42022294 -28918.18886417 89385.60087197 -49400.89351095
-11746.62254608 8853.42022294 0.00000000 -37364.20276141 -49400.89351095 66122.33452159
11	14	47
1858.00000000 0.00000000 0.00000000 0.00000000 7163.33805990 -6811.20374298
0.00000000 1858.00000000 0.00000000 -7163.33805990 0.00000000 3562.24804080
0.00000000 0.00000000 1858.00000000 6811.20374298 -3562.24804080 0.00000000
0.00000000 -7163.33805990 6811.20374298 55273.90580174 -13470.12284522 -13887.88504413
7163.33805990 0.00000000 -3562.24804080 -13470.12284522 36461.24519572 -26573.80130064
-6811.20374298 3562.24804080 0.00000000 -13887.88504413 -26573.80130064 34369.87768600
12	15	47
2132.00000000 0.00000000 0.00000000 0.00000000 8167.80005932 -6512.37254894
0.00000000 2132.00000000 0.00000000 -8167.80005932 0.00000000 3600.47821912
0.00000000 0.00000000 2132.00000000 6512.37254894 -3600.47821912 0.00000000
0.00000000 -8167.80005932 6512.37254894 54165.47952859 -11158.43503027 -13482.79017687
8167.80005932 0.00000000 -3600.47821912 -11158.43503027 39976.98425079 -24814.52043463
-6512.37254894 3600.47821912 0.00000000 -13482.79017687 -24814.52043463 28776.63909781
12	16	47
1909.00000000 0.00000000 0.00000000 0.00000000 5815.42815423 -5009.02600610
0.00000000 1909.00000000 0.00000000 -5815.42815423 0.00000000 2321.48046980
0.00000000 0.00000000 1909.00000000 5009.02600610 -2321.48046980 0.00000000
0.00000000 -5815.42815423 5009.02600610 33021.46432146 -6364.94923946 -6688.70128014
5815.42815423 0.00000000 -2321.48046980 -6364.94923946 22702.34472661 -14977.90035864
-5009.02600610 2321.48046980 0.00000000 -6688.70128014 -14977.90035864 18565.57616561
15	17	47
3581.00000000 0.00000000 0.00000000 0.00000000 12490.94175756 -9725.18800294
0.00000000 3581.00000000 0.00000000 -12490.94175756 0.00000000 9028.75042056
0.00000000 0.00000000 3581.00000000 9725.18800294 -9028.75042056 0.00000000
0.00000000 -12490.94175756 9725.18800294 76310.92813496 -25739.59482576 -28346.69635193
12490.94175756 0.00000000 -9028.75042056 -25739.59482576 75641.95705735 -32580.98401752
-9725.18800294 9028.75042056 0.00000000 -28346.69635193 -32580.98401752 58741.36846112
13	17	47
2549.00000000 0.00000000 0.00000000 0.00000000 10327.79286313 -5734.72252905
0.00000000 2549.00000000 0.00000000 -10327.79286313 0.00000000 4191.43202991
0.00000000 0.00000000 2549.00000000 5734.72252905 -4191.43202991 0.00000000
0.00000000 -10327.79286313 5734.72252905 57877.03459884 -9474.38972824 -15924.35990332
10327.79286313 0.00000000 -4191.43202991 -9474.38972824 52691.25492179 -23095.08688461
-5734.72252905 4191.43202991 0.00000000 -15924.35990332 -23095.08688461 24133.24587783
14	17	47
3757.00000000 0.00000000 0.00000000 0.00000000 13664.81311619 -9691.72840112
0.00000000 3757.00000000 0.00000000 -13664.81311619 0.00000000 8563.52732082
0.00000000 0.00000000 3757.00000000 9691.72840112 -8563.52732082 0.00000000
0.00000000 -13664.81311619 9691.72840112 80784.53968330 -23493.52105146 -27962.49176457
13664.81311619 0.00000000 -8563.52732082 -23493.52105146 79134.26986566 -34125.41965155
-9691.72840112 8563.52732082 0.00000000 -27962.49176457 -34125.41965155 54760.72493616
12	17	47
2217.00000000 0.00000000 0.00000000 0.00000000 9218.28016639 -5196.94797194
0.00000000 2217.00000000 0.00000000 -9218.28016639 0.00000000 2831.77777918
0.00000000 0.00000000 2217.00000000 5196.94797194 -2831.77777918 0.00000000
0.00000000 -9218.28016639 5196.94797194 53547.68460780 -6656.57168164 -11458.58156139
9218.28016639 0.00000000 -2831.77777918 -6656.57168164 44168.12632453 -21201.56542558
-5196.94797194 2831.77777918 0.00000000 -11458.58156139 -21201.56542558 18622.55548736
15	18	47
1839.00000000 0.00000000 0.00000000 0.00000000 5941.96698475 -5412.94895053
0.00000000 1839.00000000 0.00000000 -5941.96698475 0.00000000 3897.69226402
0.00000000 0.00000000 1839.00000000 5412.94895053 -3897.69226402 0.00000000
0.00000000 -5941.96698475 5412.94895053 36966.56961007 -11791.10649316 -12558.36660069
5941.96698475 0.00000000 -3897.69226402 -11791.10649316 29093.78341115 -17323.88342072
-5412.94895053 3897.69226402 0.00000000 -12558.36660069 -17323.88342072 27039.13376962
14	18	47
1660.00000000 0.00000000 0.00000000 0.00000000 5454.64696646 -4761.56327152
0.00000000 1660.00000000 0.00000000 -5454.64696646 0.00000000 3346.53527651
0.00000000 0.00000000 1660.00000000 4761.56327152 -3346.53527651 0.00000000
0.00000000 -5454.64696646 4761.56327152 33153.15586635 -9867.75016073 -10985.79084128
5454.64696646 0.00000000 -3346.53527651 -9867.75016073 26030.02496895 -15536.61266224
-4761.56327152 3346.53527651 0.00000000 -10985.79084128 -15536.61266224 22744.12171123
15	20	47
1722.00000000 0.00000000 0.00000000 0.00000000 8332.89386559 -7127.79774284
0.00000000 1722.00000000 0.00000000 -8332.89386559 0.00000000 2968.32384594
0.00000000 0.00000000 1722.00000000 7127.79774284 -2968.32384594 0.00000000
0.00000000 -8332.89386559 7127.79774284 71189.38929159 -12401.29598884 -14133.26294724
8332.89386559 0.00000000 -2968.32384594 -12401.29598884 47556.97985994 -34409.30492376
-7127.79774284 2968.32384594 0.00000000 -14133.26294724 -34409.30492376 37470.71104931
14	20	47
2131.00000000 0.00000000 0.00000000 0.00000000 10367.04153347 -8165.59693050
0.00000000 2131.00000000 0.00000000 -10367.04153347 0.00000000 3252.45099493
0.00000000 0.00000000 2131.00000000 8165.59693050 -3252.45099493 0.00000000
0.00000000 -10367.04153347 8165.59693050 84200.62272969 -12837.08553380 -15568.38798732
10367.04153347 0.00000000 -3252.45099493 -12837.08553380 57601.72685440 -39608.72353639
-8165.59693050 3252.45099493 0.00000000 -15568.38798732 -39608.72353639 40226.68782178
16	17	47
3583.00000000 0.00000000 0.00000000 0.00000000 12517.44490910 -10321.57315367
0.00000000 3583.00000000 0.00000000 -12517.44490910 0.00000000 8750.71868841
0.00000000 0.00000000 3583.00000000 10321.57315367 -8750.71868841 0.00000000
0.00000000 -12517.44490910 10321.57315367 79404.47638761 -26521.26166415 -27746.07548410
12517.44490910 0.00000000 -8750.71868841 -26521.26166415 74215.83768826 -34522.99241575
-10321.57315367 8750.71868841 0.00000000 -27746.07548410 -34522.99241575 60200.65607810
17	18	47
2739.00000000 0.00000000 0.00000000 0.00000000 8684.18329406 -8277.66636384
0.00000000 2739.00000000 0.00000000 -8684.18329406 0.00000000 7105.69558975
0.00000000 0.00000000 2739.00000000 8277.66636384 -7105.69558975 0.00000000
0.00000000 -8684.18329406 8277.66636384 55249.26615542 -21970.67883231 -22068.46628636
8684.18329406 0.00000000 -7105.69558975 -21970.67883231 49847.07297881 -26188.03505391
-8277.66636384 7105.69558975 0.00000000 -22068.46628636 -26188.03505391 48978.87821563
22	23	47
3363.00000000 0.00000000 0.00000000 0.00000000 11861.41641867 -9733.53020322
0.00000000 3363.00000000 0.00000000 -11861.41641867 0.00000000 8562.43201205
0.00000000 0.00000000 3363.00000000 9733.53020322 -8562.43201205 0.00000000
0.00000000 -11861.41641867 9733.53020322 75753.59035003 -24380.96948151 -28125.99350414
11861.41641867 0.00000000 -8562.43201205 -24380.96948151 69851.24765078 -34148.71513368
-9733.53020322 8562.43201205 0.00000000 -28125.99350414 -34148.71513368 57162.84753645
18	19	47
3223.00000000 0.00000000 0.00000000 0.00000000 10638.92390728 -11904.99524474
0.00000000 3223.00000000 0.00000000 -10638.92390728 0.00000000 5376.23678020
0.00000000 0.00000000 3223.00000000 11904.99524474 -5376.23678020 0.00000000
0.00000000 -10638.92390728 11904.99524474 85652.16902367 -19897.31142524 -19792.55621577
10638.92390728 0.00000000 -5376.23678020 -19897.31142524 51419.79719995 -38638.79322023
-11904.99524474 5376.23678020 0.00000000 -19792.55621577 -38638.79322023 59068.38494267
21	22	47
2565.00000000 0.00000000 0.00000000 0.00000000 9839.33431578 -8150.17852259
0.00000000 2565.00000000 0.00000000 -9839.33431578 0.00000000 8347.19091596
0.00000000 0.00000000 2565.00000000 8150.17852259 -8347.19091596 0.00000000
0.00000000 -9839.33431578 8150.17852259 67697.56926085 -25772.48422810 -30884.12915910
9839.33431578 0.00000000 -8347.19091596 -25772.48422810 70531.28820732 -31558.65552207
-8150.17852259 8347.19091596 0.00000000 -30884.12915910 -31558.65552207 60306.78862536
16	18	47
1842.00000000 0.00000000 0.00000000 0.00000000 6054.98594689 -5677.88431406
0.00000000 1842.00000000 0.00000000 -6054.98594689 0.00000000 3804.32073853
0.00000000 0.00000000 1842.00000000 5677.88431406 -3804.32073853 0.00000000
0.00000000 -6054.98594689 5677.88431406 39015.82815914 -12031.69906937 -12467.66988618
6054.98594689 0.00000000 -3804.32073853 -12031.69906937 29347.02430817 -18496.85570981
-5677.88431406 3804.32073853 0.00000000 -12467.66988618 -18496.85570981 27847.39345695
17	19	47
1943.00000000 0.00000000 0.00000000 0.00000000 5137.96938646 -7515.45013499
0.00000000 1943.00000000 0.00000000 -5137.96938646 0.00000000 2060.23972679
0.00000000 0.00000000 1943.00000000 7515.45013499 -2060.23972679 0.00000000
0.00000000 -5137.96938646 7515.45013499 44717.18633033 -7865.88356804 -5969.94237089
5137.96938646 0.00000000 -2060.23972679 -7865.88356804 17572.56686941 -19640.58153096
-7515.45013499 2060.23972679 0.00000000 -5969.94237089 -19640.58153096 33698.14940978
18	20	47
2399.00000000 0.00000000 0.00000000 0.00000000 11392.05869699 -10109.89635634
0.00000000 2399.00000000 0.00000000 -11392.05869699 0.00000000 7117.26913356
0.00000000 0.00000000 2399.00000000 10109.89635634 -7117.26913356 0.00000000
0.00000000 -11392.05869699 10109.89635634 98687.38150290 -30551.34065844 -33714.38700330
11392.05869699 0.00000000 -7117.26913356 -30551.34065844 80244.50066547 -48271.43829186
-10109.89635634 7117.26913356 0.00000000 -33714.38700330 -48271.43829186 69886.63359551
20	21	47
2678.00000000 0.00000000 0.00000000 0.00000000 11052.54432344 -7965.94697821
0.00000000 2678.00000000 0.00000000 -11052.54432344 0.00000000 4419.85198381
0.00000000 0.00000000 2678.00000000 7965.94697821 -4419.85198381 0.00000000
0.00000000 -11052.54432344 7965.94697821 74505.40105745 -12348.34197414 -18055.64707826
11052.54432344 0.00000000 -4419.85198381 -12348.34197414 55453.28806253 -33096.50894832
-7965.94697821 4419.85198381 0.00000000 -18055.64707826 -33096.50894832 38250.73292697
21	23	47
1920.00000000 0.00000000 0.00000000 0.00000000 7232.39346254 -3619.39967126
0.00000000 1920.00000000 0.00000000 -7232.39346254 0.00000000 4896.43087569
0.00000000 0.00000000 1920.00000000 3619.39967126 -4896.43087569 0.00000000
0.00000000 -7232.39346254 3619.39967126 36542.10890304 -9526.04271369 -17116.04728397
7232.39346254 0.00000000 -4896.43087569 -9526.04271369 43113.78480116 -13384.82337348
-3619.39967126 4896.43087569 0.00000000 -17116.04728397 -13384.82337348 21734.03855972
19	20	47
2579.00000000 0.00000000 0.00000000 0.00000000 11825.23815417 -9095.28370559
0.00000000 2579.00000000 0.00000000 -11825.23815417 0.00000000 9308.17312849
0.00000000 0.00000000 2579.00000000 9095.28370559 -9308.17312849 0.00000000
0.00000000 -11825.23815417 9095.28370559 91761.07377837 -33570.75088129 -42902.63629029
11825.23815417 0.00000000 -9308.17312849 -33570.75088129 90767.81567061 -42672.83567096
-9095.28370559 9308.17312849 0.00000000 -42902.63629029 -42672.83567096 73131.40275994
17	20	47
2121.00000000 0.00000000 0.00000000 0.00000000 10068.17122769 -8960.64924455
0.00000000 2121.00000000 0.00000000 -10068.17122769 0.00000000 4771.54261962
