0	1	47
  0.949433  -0.122941     0.2889   0.176396
  0.107384   0.991809  0.0691591  -0.810351
 -0.295036 -0.0346386   0.954858   0.312319
        -0         -0         -0          1
3	4	47
  0.988498  0.0687127   -0.13472   0.647098
-0.0746203   0.996437 -0.0392978  0.0837527
  0.131539  0.0488986   0.990104  -0.169899
         0          0          0          1
2	3	47
 0.987612 0.0774238 -0.136481  0.754196
-0.0744314  0.996863 0.0269017  0.178136
 0.138136  -0.01641  0.990277 -0.175488
        0         0         0         1
1	2	47
  0.998954  0.0216917 -0.0402574   0.474554
-0.0179063   0.995587  0.0921192 -0.0926714
  0.042078  -0.091302   0.994934 -0.0581185
         0          0          0          1
4	5	47
   0.979928   0.0918837   -0.176911    0.776071
 -0.0905755    0.995769   0.0154733    0.186869
   0.177585 0.000861101    0.984105   -0.360343
         -0           0           0           1
6	7	47
  0.807136   -0.26042   0.529824   0.129463
  0.180167   0.963293   0.199013  -0.209926
 -0.562202 -0.0651738   0.824428   0.748875
        -0         -0         -0          1
5	6	47
 0.898803 -0.133776  0.417442  0.805177
 0.202045  0.971535 -0.123683 -0.316181
-0.389014  0.195508  0.900247  0.424868
        0         0         0         1
0	2	47
 0.962797 -0.128181  0.237889  0.621556
0.0924225  0.983447   0.15585 -0.855322
-0.253929 -0.128066  0.958707  0.120024
       -0        -0        -0         1
3	5	47
   0.93851   0.159133  -0.306392    1.47563
 -0.170354   0.985332 -0.0100538   0.226206
  0.300297  0.0616307   0.951853  -0.415454
        -0          0          0          1
2	4	47
   0.952523    0.138336   -0.271224     1.42295
  -0.144423    0.989513 -0.00251164    0.208891
   0.268032   0.0415634    0.962513   -0.255722
          0           0           0           1
1	3	47
 0.979404 0.0996272 -0.175621   1.23889
-0.0790624  0.989566   0.12045 0.0550082
 0.185789 -0.104085  0.977061 -0.217246
        0         0         0         1
0	3	47
  0.993272 -0.0571393   0.100724    1.28311
 0.0396068   0.984961   0.168178   -0.63778
 -0.108819  -0.163057   0.980597  -0.262543
        -0         -0         -0          1
1	4	47
  0.937604   0.157982  -0.309743    1.91084
 -0.136151   0.986498   0.091022  0.0662615
  0.319941 -0.0431707   0.946453  -0.271742
         0          0          0          1
2	5	47
  0.87271  0.225038 -0.433285   2.28576
-0.231596  0.972054 0.0383894  0.282623
 0.429816 0.0668442  0.900439 -0.386777
       -0         0         0         1
0	4	47
  0.999361  0.0162399 -0.0318404    1.90396
-0.0122248   0.992397   0.122471  -0.558231
 0.0335873  -0.122003   0.991961  -0.513219
         0          0          0          1
6	8	47
 0.123979 -0.542949  0.830563   1.30873
 0.302824  0.817794  0.489399 -0.342094
-0.944948  0.190839  0.265807   1.55212
        0         0         0         1
7	8	47
 0.685879 -0.398185  0.609113  0.476426
 0.321007  0.916732  0.237816 -0.486772
-0.653088 0.0324171  0.756588   1.26072
        0         0         0         1
1	5	47
   0.84947   0.243197  -0.468248    2.77962
 -0.206607   0.969893   0.128926   0.112146
  0.485505 -0.0127758   0.874141   -0.37256
         0          0          0          1
7	9	47
 0.331355 -0.554447  0.763408  0.972965
 0.416196  0.812037  0.409116 -0.403398
-0.846749  0.182165  0.499832   1.24947
        0         0         0         1
7	10	47
  0.541507  -0.459926   0.703732    1.03684
  0.370845   0.881918   0.291023 -0.0961812
 -0.754483   0.103384   0.648126   0.554441
         0          0          0          1
0	30	47
  0.54163 0.0747343 -0.837288   1.42923
-0.287508  0.952441 -0.100972  0.653741
 0.789921  0.295417  0.537358  -1.07159
        0         0         0         1
2	30	47
  0.294324  0.0849662  -0.951921    1.21968
 -0.453338   0.889263 -0.0607939    1.53316
  0.841343   0.449435    0.30025  -0.715085
         0          0          0          1
1	30	47
  0.250312  0.0860739  -0.964331      1.755
 -0.379103   0.925219 -0.0158214    1.34601
  0.890856   0.369542   0.264225   -0.85824
         0          0          0          1
2	31	47
    0.851927    0.0795527    -0.517583 -0.000927145
   -0.248398      0.93151    -0.265682       1.1481
    0.460999     0.354908     0.813339     -0.48053
           0            0            0            1
0	31	47
 0.961739 0.0416201 -0.270788  0.359186
-0.0937024  0.978756 -0.182362  0.198796
 0.257445  0.200758  0.945208 -0.487462
       -0         0         0         1
4	31	47
 0.970917 0.0363714 -0.236638  -1.55218
-0.108781  0.947498 -0.300691  0.723042
 0.213278  0.317688  0.923898   0.16745
        0         0         0         1
1	31	47
 0.827088 0.0853879 -0.555548  0.517877
 -0.22009  0.958669 -0.180318   1.00611
  0.51719  0.271409  0.811697 -0.641077
        0         0         0         1
3	31	47
 0.923542 0.0582594 -0.379045 -0.860103
-0.189224  0.928924 -0.318269  0.913462
 0.333562   0.36566  0.868924 -0.172923
        0         0         0         1
0	32	47
  0.915076 -0.0841406   0.394406   0.240968
   0.13793   0.984311  -0.110029  -0.251178
  -0.37896   0.155085   0.912326   0.104874
         0          0          0          1
2	32	47
   0.99001 -0.0294184   0.137898  -0.306746
 0.0668835   0.958943  -0.275601   0.644868
 -0.124128   0.282071    0.95133 -0.0109053
         0          0          0          1
4	32	47
  0.900077 -0.0909109   0.426141   -1.64492
  0.197977    0.95654  -0.214094   0.202302
 -0.388158   0.277067   0.878958    0.70368
         0          0          0          1
5	32	47
 0.795149 -0.126522  0.593069  -2.18484
 0.279507  0.944379 -0.173276 -0.206166
-0.538158  0.303547  0.786285   1.47565
        0         0         0         1
1	32	47
 0.995422 -0.019942 0.0934771  0.182556
0.0374264  0.981222 -0.189218  0.553839
-0.0879484  0.191851  0.977476 -0.140753
        0         0         0         1
3	32	47
  0.955621 -0.0614652   0.288116    -1.0598
  0.145361   0.949028  -0.279671   0.380425
  -0.25624   0.309141   0.915846   0.320337
         0          0          0          1
3	33	47
 0.516926 -0.388774  0.762655  0.329455
 0.422382  0.890754  0.167784  0.109539
-0.744568  0.235399  0.624665   1.25317
       -0        -0         0         1
4	33	47
 0.381522 -0.419806  0.823531 -0.128724
 0.419988  0.872377  0.250136 0.0734542
-0.823438  0.250441  0.509145   1.45077
       -0        -0         0         1
5	33	47
 0.189594 -0.445922  0.874762 -0.554736
 0.452558  0.830329  0.325185 -0.194511
-0.871347  0.334227  0.359231   1.94064
        0         0         0         1
10	11	47
  0.980378     0.1026  -0.168324   0.764211
 -0.107845   0.993918 -0.0222933   0.123973
  0.165013  0.0400089    0.98548  -0.206989
        -0          0          0          1
8	9	47
  0.913874  -0.238583   0.328501   0.374673
   0.22215   0.971098  0.0872754  -0.121647
 -0.339829 -0.0067821   0.940463   0.313768
        -0         -0         -0          1
9	10	47
  0.972633   0.127111  -0.194492   0.737544
 -0.136537   0.989988 -0.0357943  0.0874466
  0.187995  0.0613701   0.980251  -0.172949
         0          0          0          1
14	15	47
 0.804592 -0.371345  0.463394  0.436934
 0.380372  0.921535 0.0780397 -0.105266
-0.456014  0.113472  0.882709  0.668273
        0         0         0         1
13	14	47
 0.664299 -0.478784  0.573997  0.800143
 0.437174  0.871751  0.221197 -0.673778
-0.606288  0.103996  0.788416   1.12775
        0         0         0         1
8	10	47
  0.983196 -0.0998707   0.152812   0.971018
 0.0998877    0.99497 0.00758544   0.112024
 -0.152801 0.00780605   0.988226  -0.100117
         0          0          0          1
9	11	47
  0.907746   0.218349   -0.35822    1.53686
 -0.246529   0.968526 -0.0343623   0.113244
  0.339442   0.119504   0.933005  -0.224574
         0          0          0          1
11	12	47
  0.985829  0.0848812  -0.144697   0.631512
-0.0873124   0.996125 -0.0105239   0.136407
  0.143243  0.0230086    0.98942  -0.307818
        -0          0          0          1
10	12	47
  0.933414   0.181546  -0.309481    1.44914
 -0.196292     0.9804 -0.0169125   0.198306
  0.300345  0.0765349   0.950755  -0.400671
        -0          0          0          1
12	13	47
  0.986141 -0.0970348   0.134571   0.303306
 0.0839457   0.991464   0.099756  -0.531019
 -0.143102 -0.0870768    0.98587   0.265727
         0          0          0          1
15	16	47
  0.996955 -0.0379081  0.0681406   0.189272
 0.0487612   0.985015  -0.165433   0.528876
-0.0608482   0.168252   0.983864   0.313109
         0          0          0          1
13	15	47
0.0906231 -0.622768   0.77714   1.52438
 0.582468  0.666107  0.465868 -0.426707
-0.807786  0.410441  0.423107   1.37877
        0         0         0         1
14	16	47
  0.755839  -0.318314   0.572175   0.537918
    0.4194   0.906437 -0.0497533   0.478541
 -0.502804   0.277576   0.818621   0.918359
         0          0          0          1
8	11	47
   0.99989 0.00772687 -0.0126766    1.67838
-0.00812323    0.99947 -0.0315195   0.310138
 0.0124263   0.031619   0.999423  -0.420473
         0          0          0          1
10	13	47
  0.980006   0.116371  -0.161387    1.55361
 -0.108851   0.992551   0.054712  -0.386335
  0.166552  -0.036051   0.985373 -0.0975747
         0          0          0          1
11	13	47
   0.999998  0.00109676 -0.00152102    0.846996
-0.00097599    0.997012   0.0772445   -0.421834
 0.00160119  -0.0772429    0.997011  -0.0136731
          0           0           0           1
9	12	47
   0.824505    0.286312   -0.488076     2.25016
  -0.332522    0.943057 -0.00851929    0.100249
   0.457844     0.16932     0.87276   -0.281106
         -0           0           0           1
13	16	47
0.0126926 -0.486116  0.873802    1.4555
 0.584827  0.712428  0.387844  0.181693
-0.811059  0.506101  0.293336   1.57543
        0         0         0         1
12	14	47
 0.531082 -0.542745  0.650676    1.3095
 0.428727  0.834493  0.346143  -1.01938
-0.730852 0.0951322  0.675874   1.32171
        0         0         0         1
11	14	47
 0.665699 -0.477986  0.573039   1.64468
 0.388387  0.877647  0.280877  -1.00727
-0.637181 0.0355818  0.769892   1.16403
       -0        -0         0         1
12	15	47
-0.0758573 -0.623539  0.778103   2.03351
 0.504522  0.649086  0.569337 -0.688578
 -0.86006  0.435758  0.265352   1.44403
        0         0         0         1
12	16	47
-0.153377 -0.480402  0.863533   1.93301
 0.499993  0.716026  0.487148 -0.071536
-0.852339  0.506478  0.130376   1.59479
        0         0         0         1
15	17	47
 0.899703  0.176822 -0.399086  0.802194
-0.272964  0.941369 -0.198282   1.01659
 0.340626  0.287331  0.895218 -0.439497
       -0         0         0         1
13	17	47
 0.516241 -0.346934  0.783027  0.622433
 0.500912  0.863903  0.052522  0.512952
-0.694682  0.365114  0.619766  0.962061
        0         0         0         1
14	17	47
  0.983102 -0.0741556   0.167369   0.501208
  0.117258   0.957186  -0.264662    1.10239
 -0.140577   0.279815   0.949706  0.0298669
         0          0          0          1
12	17	47
 0.366997 -0.376821  0.850482  0.996804
 0.470674  0.863828  0.179631  0.125776
-0.802359  0.334376  0.494382   1.08046
        0         0         0         1
15	18	47
 0.989817 0.0564271 -0.130682   1.22389
-0.0890137  0.961788 -0.258921  0.691285
 0.111079  0.267917  0.957017 -0.165212
        0         0         0         1
14	18	47
 0.880927 -0.187603  0.434479   1.08841
 0.303138  0.928693 -0.213627   0.98442
-0.363421  0.319897  0.874981 0.0427672
        0         0         0         1
15	20	47
  0.997441  0.0107387 -0.0706856    1.22371
-0.0447098   0.865184  -0.499458   0.832026
 0.0557925    0.50134    0.86345    -1.2818
        -0          0          0          1
14	20	47
   0.84499 -0.0803234   0.528716    0.51857
  0.342551   0.840507  -0.419771    1.02691
 -0.410671   0.535814   0.737734  -0.926801
         0          0          0          1
16	17	47
  0.862927   0.204702  -0.462011   0.680632
 -0.245668   0.968903 -0.0295599   0.330539
  0.441593   0.139009   0.886381  -0.779381
        -0          0          0          1
17	18	47
  0.952675  -0.120506   0.279086   0.561629
  0.123143   0.992356 0.00813306  -0.152852
 -0.277932  0.0266192   0.960232   0.141752
         0          0          0          1
22	23	47
 0.905182 -0.244051  0.347973  0.279075
0.0670231  0.890431  0.450157   0.10349
-0.419707 -0.384152  0.822359    1.4055
       -0        -0        -0         1
18	19	47
  0.817471  -0.163737   0.552206   0.638722
  0.228322   0.972316 -0.0496966  -0.324492
 -0.528782   0.166706   0.832225    0.39294
         0          0          0          1
21	22	47
   0.998552 -0.00848235   0.0531175    0.739308
-0.00326884    0.976094    0.217324    0.110685
 -0.0536911   -0.217183    0.974653    0.363644
          0           0           0           1
16	18	47
  0.975704   0.086851  -0.201142     1.0685
 -0.106513   0.990314 -0.0890666   0.040276
  0.191459   0.108327   0.975504  -0.426971
         0          0          0          1
17	19	47
 0.603694 -0.226633  0.764324   1.31889
 0.322942  0.946077 0.0254521 -0.393013
-0.728877  0.231467   0.64433  0.332906
       -0        -0         0         1
18	20	47
  0.997461 -0.0106958  0.0704035  -0.136744
 0.0282291   0.967047  -0.253028  -0.163801
-0.0653771   0.254373   0.964894   -1.10501
         0          0          0          1
20	21	47
 0.987601   0.00954  0.156696  0.803776
 0.023579  0.977814 -0.208142 -0.033884
-0.155205  0.209256  0.965465 -0.144884
        0         0         0         1
21	23	47
 0.881009 -0.271656  0.387332   1.09176
-0.0287502  0.786457  0.616976  0.516237
-0.472225 -0.554697  0.685065   1.69606
        0         0         0         1
19	20	47
  0.856411  0.0775466  -0.510438   0.194859
 -0.146772   0.984433 -0.0966973  0.0334967
  0.494993   0.157731   0.854461   -1.68284
        -0          0          0          1
17	20	47
  0.928609 -0.0557327   0.366851   0.142702
  0.150312   0.960406  -0.234577  -0.341227
 -0.339253   0.272972   0.900219   -0.88567
         0          0          0          1
16	20	47
   0.988829   0.0223878   -0.147364     1.14311
 -0.0724637    0.936163   -0.344016 -0.00895347
   0.130255    0.350852    0.927328    -1.54884
         -0           0           0           1
19	21	47
  0.926843 -0.0228159  -0.374755   0.954548
 -0.106733   0.940958  -0.321258  -0.103822
  0.359958   0.337755   0.869685   -1.41412
         0          0          0          1
22	24	47
   0.38728   -0.51579   0.764183   0.935915
  0.145386   0.852661   0.501829  -0.212307
 -0.910427 -0.0832463   0.405207    2.26806
         0          0          0          1
23	24	47
 0.742415 -0.374797   0.55529  0.211374
 0.384683  0.917094  0.104683 -0.772851
-0.548488  0.135892  0.825042  0.795735
        0         0         0         1
19	22	47
 0.945697 0.0512579 -0.320983   1.50097
-0.0924051   0.98914 -0.114293 -0.195404
 0.311639  0.137747  0.940163 -0.794355
        0         0         0         1
19	23	47
  0.994182 -0.0618505  0.0881877    1.31905
 0.0306213   0.947218   0.319124  -0.279464
 -0.103271  -0.314567   0.943601    0.62827
         0          0          0          1
22	25	47
 -0.0817125   -0.455181    0.886642     1.14958
   0.157165    0.872601    0.462457   -0.156302
  -0.984186    0.177138 0.000236134     2.38571
          0           0           0           1
23	25	47
 0.349638 -0.427883  0.833468  0.359158
 0.537963   0.82003  0.195309 -0.820323
-0.767039  0.380088  0.516899  0.992047
        0         0         0         1
22	26	47
-0.00544969 -0.190806  0.981613  0.752326
  0.15769  0.969181  0.189265  0.500579
-0.987474  0.155822 0.0248065   2.47132
        0         0         0         1
23	26	47
  0.420085  -0.173156   0.890812 0.00765947
  0.521082   0.849696 -0.0805654  -0.171356
 -0.742968    0.49803   0.447173    1.21992
         0          0          0          1
26	27	47
  0.983879 -0.0234686   0.177291   0.798094
 0.0341239   0.997774 -0.0572919 -0.0628803
 -0.175552  0.0624181   0.982489   0.399108
         0          0          0          1
27	28	47
  0.925996  0.0298306  -0.376353   0.935674
-0.0495432   0.997854 -0.0428061  0.0426099
  0.374269   0.058284   0.925487  -0.618253
        -0          0          0          1
25	26	47
  0.997086  0.0145549 -0.0748783  0.0514361
-0.0348376   0.960162  -0.277264   0.769185
 0.0678598   0.279065   0.957871 -0.0484258
         0          0          0          1
28	29	47
  0.991594 0.00635948  -0.129234   0.636398
-0.0102237    0.99952 -0.0292597  0.0132756
  0.128986   0.030335   0.991182  -0.433605
        -0          0          0          1
26	28	47
 0.978585 0.0162646   -0.2052   1.60807
-0.0392769  0.993312 -0.108576 0.0469845
 0.202062  0.114311  0.972679 -0.369919
       -0         0         0         1
24	25	47
  0.887234  -0.210689   0.410398 -0.0162199
  0.258085   0.964065 -0.0630217 -0.0722487
 -0.382372   0.161833   0.909726    0.23906
         0          0          0          1
29	30	47
  0.711928 -0.0624331   0.699472   0.636091
 0.0345153   0.997947  0.0539444  -0.021446
 -0.701404 -0.0142621   0.712622    1.25286
         0          0          0          1
27	29	47
  0.869362  0.0242884  -0.493578    1.68856
-0.0648499   0.995761 -0.0652229  0.0428888
  0.489901  0.0887108   0.867253  -0.780592
        -0          0          0          1
25	27	47
  0.994654 -0.0135515   0.102374   0.816405
 0.0471627   0.941536  -0.333595   0.570347
-0.0918677    0.33664   0.937141   0.370479
         0          0          0          1
26	29	47
 0.943724 0.0162554 -0.330334   2.32003
-0.0631069  0.989291 -0.131607 0.0822549
 0.324657  0.145047  0.934644 -0.661568
       -0         0         0         1
24	26	47
 0.919838 -0.074854  0.385091 -0.152516
 0.219471  0.911827 -0.346992  0.685622
-0.325162  0.403693  0.855162  0.299817
        0         0         0         1
25	28	47
 0.960032 0.0221154 -0.279015   1.68321
-0.127828  0.921479 -0.366791  0.860841
 0.248995  0.387797  0.887477 -0.280525
        0         0         0         1
30	31	47
  0.751209  -0.100275   0.652404  0.0126496
 0.0586825   0.994625  0.0853044  -0.340715
 -0.657451 -0.0257968   0.753056    1.25576
        -0         -0         -0          1
24	27	47
  0.834851 -0.0722381   0.545715   0.740001
  0.307963   0.882988  -0.354246   0.664957
  -0.45627   0.463803   0.759411   0.356224
         0          0          0          1
24	28	47
  0.980892 -0.0153726   0.193946    1.18068
  0.108843   0.869634   -0.48155    1.20975
 -0.161259   0.493458    0.85469  -0.520441
         0          0          0          1
30	32	47
 0.156629 -0.206065  0.965922  0.545889
0.0878068  0.977025  0.194195 -0.603138
-0.983747  0.054398  0.171124   1.71847
       -0        -0         0         1
31	32	47
  0.769579  -0.133228   0.624499  0.0809631
 0.0970065   0.991034  0.0918799   -0.32642
 -0.631141 -0.0101283   0.775602   0.673951
        -0         -0         -0          1
37	38	47
   0.924958     0.14246   -0.352361    0.729484
  -0.155058    0.987876 -0.00763203    0.241155
   0.347002   0.0616957    0.935833   -0.575011
          0           0           0           1
36	37	47
  0.928036   0.151965  -0.340081   0.609802
 -0.160683   0.987003 0.00256019   0.234345
   0.33605  0.0522692   0.940393   -0.35294
         0          0          0          1
35	36	47
  0.92915  0.159481 -0.333537  0.594839
-0.163174  0.986449 0.0171101  0.305273
 0.331746 0.0385267  0.942582 -0.212451
       -0         0         0         1
38	39	47
 0.901631  0.152686 -0.404659  0.513223
-0.162114   0.98671 0.0110941  0.205553
 0.400974 0.0555982  0.914401 -0.541236
       -0         0         0         1
34	35	47
  0.970888   0.105722  -0.214942   0.482269
  -0.12203   0.990459 -0.0640348   0.253755
  0.206121  0.0883999   0.974525  -0.599214
         0          0          0          1
37	39	47
 0.669588  0.262204 -0.694911   1.42419
-0.303014  0.950647 0.0667264  0.368767
 0.678111  0.165889  0.715994 -0.890746
        0         0         0         1
36	38	47
 0.716822  0.261349 -0.646423   1.51899
-0.300779  0.952303 0.0514815  0.353677
 0.629045  0.157527  0.761241 -0.635928
        0         0         0         1
35	37	47
 0.724574  0.281173 -0.629233   1.31653
-0.304187  0.949725 0.0741081  0.430899
 0.618436  0.137708  0.773675 -0.333798
        0         0         0         1
34	36	47
   0.813543    0.250847   -0.524618     1.13773
  -0.296245    0.955108 -0.00270984    0.497131
   0.500387     0.15762    0.851334   -0.656658
          0           0           0           1
33	34	47
  0.987592 -0.0800036   0.135134   0.462887
 0.0713215   0.995138  0.0679185   0.060063
 -0.139911 -0.0574378   0.988497  -0.381675
         0          0          0          1
35	38	47
 0.408257  0.342166 -0.846315   2.27472
-0.402907  0.899448  0.169288  0.395417
 0.819141  0.271873  0.505067 -0.294322
        0         0         0         1
36	39	47
 0.344742  0.331385 -0.878258   2.29046
-0.404931  0.896584  0.179352  0.367196
 0.846867  0.293804  0.443278 -0.692718
        0         0         0         1
38	40	47
 0.643379  0.258287 -0.720661   1.13115
-0.286947  0.954098 0.0857755  0.233146
 0.709736  0.151606  0.687961 -0.591713
       -0         0         0         1
39	40	47
 0.911194  0.138996 -0.387821  0.532426
-0.145439  0.989284 0.0128501  0.118768
 0.385451 0.0446952  0.921645 -0.295898
       -0         0         0         1
37	40	47
 0.304136  0.321405 -0.896772   2.01746
-0.388646  0.901324  0.191229  0.300597
 0.869744  0.290367  0.399038 -0.721862
       -0         0         0         1
32	33	47
  0.746171  -0.302358   0.593134     1.0492
  0.138903   0.942018   0.305464 -0.0540933
 -0.651102  -0.145541   0.744905    1.33036
         0          0          0          1
34	37	47
 0.538393  0.343796 -0.769375   1.87777
-0.429306  0.897534  0.100644  0.541261
 0.725141  0.276111  0.630819 -0.615053
        0         0         0         1
36	40	47
-0.0725946  0.336497 -0.938882   2.77325
-0.430237  0.838709  0.333861  0.205016
 0.899792  0.428179  0.083888 -0.338095
       -0         0         0         1
35	39	47
-0.0267232     0.3529  -0.935279    3.01263
 -0.441207   0.835388   0.327816   0.281896
  0.897007   0.421412   0.133378 -0.0913965
         0          0          0          1
33	35	47
  0.996458  0.0371161 -0.0754598   0.837896
 -0.038192   0.999188 -0.0128652   0.306283
  0.074921  0.0157016   0.997066   -1.05605
         0          0          0          1
34	38	47
 0.177708   0.36886 -0.912339   2.79583
-0.501336  0.831703  0.238607  0.386663
 0.846807  0.414986  0.332723 -0.382217
        0         0         0         1
35	40	47
 -0.43618  0.303602 -0.847097   3.31706
-0.397166  0.779762  0.483974 0.0492033
 0.807469  0.547538 -0.219536  0.396778
       -0         0        -0         1
32	34	47
  0.632362  -0.394653   0.666609    1.15005
  0.161628    0.90878   0.384702 -0.0498046
 -0.757624  -0.135528   0.638465   0.735918
         0          0          0          1
36	41	47
-0.514717  0.280993 -0.810006    3.2178
-0.369844  0.779572  0.505452 -0.138528
 0.773487  0.559741 -0.297335  0.396613
        0         0         0         1
38	41	47
 0.228839  0.319045 -0.919697   2.01531
 -0.36488  0.904001  0.222811   0.13791
 0.902494  0.284591  0.323284  -0.33748
       -0         0         0         1
39	41	47
 0.627358  0.255223  -0.73572   1.44699
-0.274913  0.956523 0.0973989  0.173931
 0.728591  0.141155  0.670246 -0.422267
       -0         0         0         1
37	41	47
  -0.158318    0.323609   -0.932852     2.73212
  -0.402827    0.841398    0.360249   0.0674782
    0.90148    0.432812 -0.00285011   -0.183012
          0           0           0           1
33	36	47
 0.894769  0.192622 -0.402847   1.45799
-0.202796  0.979061 0.0177081  0.591323
 0.397823  0.065851  0.915096  -1.21851
        0         0         0         1
35	41	47
-0.795218  0.198718 -0.572834   3.43028
 -0.26761  0.732735  0.625688 -0.349654
 0.544071  0.650854 -0.529505   1.22354
        0         0         0         1
34	39	47
 -0.265395   0.340367  -0.902062    3.45664
 -0.491176   0.757368   0.430279   0.171183
  0.829646   0.557265 -0.0338216 -0.0423963
         0          0          0          1
34	40	47
-0.639029  0.259513 -0.724082   3.62268
-0.391856  0.700212  0.596785   -0.1277
 0.661884  0.665099 -0.345764  0.475522
        0         0         0         1
33	37	47
  0.66405  0.305036 -0.682635   2.19094
-0.339569  0.936444 0.0881261  0.690845
 0.666131  0.173282  0.725426  -1.28346
        0         0         0         1
35	42	47
-0.979234 0.0693289 -0.190511   3.33711
-0.0894794  0.695429  0.713002 -0.778512
 0.181919  0.715242 -0.674785   2.07763
        0         0         0         1
38	42	47
  -0.21471   0.333995  -0.917795    2.84968
 -0.366084    0.84368   0.392666 -0.0475034
  0.905473   0.420299 -0.0588768   0.100147
        -0          0         -0          1
36	42	47
-0.834903  0.188219 -0.517213   3.48455
-0.237428  0.724618   0.64696 -0.543528
 0.496552  0.662949 -0.560298    1.2254
        0         0         0         1
39	42	47
 0.228829  0.332897 -0.914777   2.40482
-0.343659  0.906831   0.24404   0.14271
 0.910788  0.258528  0.321913 -0.361793
        0         0         0         1
37	42	47
-0.569804  0.281025 -0.772236   3.32326
-0.335264  0.778455  0.530666 -0.248402
 0.750281  0.561278 -0.349349  0.504623
        0         0         0         1
34	41	47
-0.917303  0.130503 -0.376196   3.51273
-0.202855  0.659816  0.723527 -0.589509
 0.342643  0.740007 -0.578778    1.2693
        0         0         0         1
33	38	47
 0.330045  0.353823 -0.875146   3.14144
 -0.42871  0.882152  0.194975  0.618289
 0.840998  0.310834  0.442837  -1.17287
        0         0         0         1
35	43	47
-0.963659 -0.114622  0.241293   3.02891
 0.117903  0.628026  0.769209  -1.09104
-0.239706  0.769705 -0.591688   2.58723
        0         0         0         1
39	43	47
 -0.241286   0.416405  -0.876577    3.00806
 -0.342596   0.808558   0.478396 -0.0123821
   0.90797   0.415742 -0.0524352  -0.108023
        -0          0         -0          1
38	43	47
-0.637278  0.330665 -0.696087   3.26721
-0.288853  0.734919  0.613562 -0.295513
 0.714451  0.592077 -0.372834  0.565456
       -0         0        -0         1
37	43	47
 -0.88235  0.201923 -0.425071   3.51017
-0.191989  0.670217  0.716902 -0.561698
 0.429649  0.714168 -0.552599   1.06966
        0         0         0         1
36	43	47
 -0.994144  0.0463673 -0.0976082    3.41824
-0.0466151   0.630889   0.774471  -0.881338
 0.0974901   0.774486  -0.625033    1.80319
         0          0          0          1
34	42	47
 -0.999288 -0.0129023  0.0354546    3.19335
  0.019221   0.634533   0.772656    -1.0576
-0.0324662   0.772788  -0.633834    2.04452
         0          0          0          1
33	39	47
-0.110692  0.350857 -0.929864   3.85722
-0.451368   0.81581  0.361553  0.474067
 0.885446  0.459732 0.0680615 -0.917038
        0         0         0         1
39	44	47
-0.646224  0.438341 -0.624701   3.11641
-0.269411  0.634842   0.72415 -0.274153
 0.714012  0.636264 -0.292156  0.382356
       -0         0        -0         1
37	44	47
 -0.999519  0.0178194 -0.0253953    3.17331
-0.0126567   0.513143    0.85821  -0.810657
 0.0283243   0.858118   -0.51267    1.45081
        -0          0         -0          1
38	44	47
-0.912722  0.234684 -0.334459   3.12649
-0.153147  0.562402  0.812558 -0.565928
 0.378795   0.79286 -0.477375   1.04275
       -0         0        -0         1
36	44	47
-0.939146 -0.197313    0.2812   2.93816
 0.148186  0.505807  0.849824  -1.07196
-0.309914  0.839778 -0.445787   2.03541
        0         0         0         1
35	44	47
-0.745606 -0.382763  0.545494   2.47499
 0.294119  0.545518  0.784796  -1.19677
-0.597967  0.745589 -0.294163   2.63951
        0         0         0         1
34	43	47
-0.871617 -0.210331  0.442769   2.75155
 0.249723  0.586733  0.770314  -1.36216
-0.421808  0.781988 -0.458882   2.44998
        0         0         0         1
33	40	47
-0.510307  0.290151 -0.809567    4.1151
-0.390573  0.760489  0.518757  0.223656
 0.766185  0.580921 -0.274758 -0.411141
        0         0         0         1
34	44	47
-0.564277 -0.474205  0.675812   2.19134
  0.42059  0.539277  0.729578  -1.40264
-0.710419  0.695924 -0.104856   2.37741
        0         0         0         1
39	45	47
-0.901061  0.279598 -0.331534   3.17937
-0.153105  0.510149  0.846349 -0.514158
 0.405769  0.813372 -0.416867    1.0064
       -0         0        -0         1
36	45	47
 -0.71774 -0.448906  0.532291   2.33226
 0.300372  0.490053  0.818306  -1.20072
-0.628193  0.747216 -0.216892   2.29484
        0         0         0         1
35	45	47
 -0.409459   -0.58817   0.697424    1.80496
   0.40267   0.569448    0.71665   -1.22047
 -0.818658    0.57427 0.00367288    2.67808
        -0         -0          0          1
38	45	47
  -0.999999 0.000848799 -0.00100646     2.89409
-0.000493495    0.467065    0.884223   -0.806029
 0.00122061    0.884222   -0.467064     1.62528
         -0           0          -0           1
37	45	47
-0.925457 -0.244242  0.289611   2.71888
 0.154561  0.454522  0.877223  -1.01626
 -0.34589  0.856595 -0.382891    1.9005
        0         0         0         1
33	41	47
-0.843389  0.176097 -0.507626   4.15072
-0.244021  0.716177  0.653869 -0.189838
 0.478694  0.675338 -0.561044  0.415418
        0         0         0         1
34	45	47
-0.179004 -0.634278  0.752096   1.53002
 0.501216  0.599015   0.62447  -1.34682
-0.846605  0.488745  0.210685    2.2748
        0         0         0         1
33	42	47
-0.992814 0.0409229 -0.112453   3.97751
-0.0543482  0.683015   0.72838 -0.625777
 0.106615  0.729257 -0.675883   1.25329
        0         0         0         1
39	46	47
 -0.999215   0.023182 -0.0321401    3.02647
-0.0139898   0.552469   0.833416  -0.702106
 0.0370767   0.833211  -0.551711    1.75053
        -0          0         -0          1
36	46	47
 -0.38167 -0.540703  0.749646   1.56373
  0.39872  0.635386  0.661292  -1.17385
-0.833877  0.551294 -0.026919   2.43998
        0         0         0         1
37	46	47
-0.698495 -0.418625  0.580394   2.05012
 0.291951  0.573776   0.76521  -1.09894
-0.653352  0.703942 -0.278562   2.29843
        0         0         0         1
35	46	47
-0.0129118 -0.584938  0.810975   1.04675
 0.441328  0.724437  0.529547  -1.06608
-0.897253  0.364743  0.248796   2.56097
       -0        -0         0         1
38	46	47
-0.918062  -0.23191  0.321527   2.42641
 0.148595  0.550612  0.821429 -0.958435
-0.367534    0.8019 -0.471035   2.23394
        0         0         0         1
34	46	47
 0.226979 -0.569719  0.789874   0.83538
 0.496148  0.765549    0.4096  -1.09388
-0.838044  0.298924  0.456428   2.01803
        0         0         0         1
41	42	47
 0.901627  0.147907 -0.406439  0.653546
-0.141753   0.98886 0.0453967  0.223133
 0.408626 0.0166832  0.912549 -0.667203
        0         0         0         1
40	41	47
 0.892464  0.147851 -0.426202  0.776617
-0.152202  0.988057 0.0240499  0.176045
 0.424668 0.0434051  0.904308 -0.470447
        0         0         0         1
43	44	47
 0.896525  0.254449 -0.362628  0.508789
-0.190081  0.960356  0.203927 0.0373288
  0.40014 -0.113897  0.909349 -0.245913
        0         0         0         1
42	43	47
  0.889491    0.19607  -0.412749    0.42247
 -0.156264   0.979326   0.128459    0.12578
  0.429403 -0.0497649   0.901741  -0.507987
         0          0          0          1
33	43	47
-0.937782 -0.148988  0.313637   3.62035
 0.157696  0.621991  0.766981 -0.932834
 -0.30935   0.76872 -0.559797   1.73339
        0         0         0         1
44	45	47
  0.913259   0.262634  -0.311419   0.469546
 -0.233993   0.963942   0.126736   0.272294
  0.333475 -0.0428723   0.941783  -0.395454
         0          0          0          1
45	46	47
 0.917539  0.232617 -0.322507  0.468496
-0.256358  0.966033 -0.032566  0.466615
 0.303977  0.112558  0.946007 -0.418576
        0         0         0         1
41	43	47
  0.60435  0.341858 -0.719648   1.25952
-0.261118  0.938364  0.226472  0.264565
 0.752714 0.0510448  0.656366 -0.956035
        0         0         0         1
40	42	47
 0.609554  0.271095 -0.744951   1.67724
-0.267462   0.95494  0.128662  0.280996
 0.746263   0.12082  0.654595 -0.786579
        0         0         0         1
43	45	47
  0.638292   0.496279  -0.588464    1.14244
 -0.330305   0.867063   0.372961   0.128932
  0.695328 -0.0436855   0.717363  -0.448649
         0          0          0          1
42	44	47
  0.595024   0.461638  -0.657903   0.983852
 -0.274844   0.886109    0.37319  0.0512424
  0.755253 -0.0412365   0.654135  -0.513119
         0          0          0          1
33	44	47
-0.686926 -0.417422  0.594888   3.06053
  0.33005  0.550101  0.767109  -1.01799
-0.647456   0.72329 -0.240109   1.74236
        0         0         0         1
44	46	47
 0.675958    0.4311  -0.59769   1.15031
-0.423288  0.891035  0.163965   0.55941
 0.603248  0.142161  0.784782 -0.653436
       -0         0         0         1
41	44	47
 0.188874  0.564048 -0.803851   1.75674
-0.321843  0.808928  0.491989  0.111046
 0.927763   0.16579   0.33432 -0.732566
       -0         0         0         1
43	46	47
 0.279554  0.561664 -0.778706   1.91936
-0.411975  0.802757  0.431113  0.222658
 0.867252  0.200288  0.455805 -0.443546
       -0         0         0         1
40	43	47
 0.179946  0.422078 -0.888521   2.34728
 -0.33188  0.876353  0.349085  0.222756
 0.925999  0.232066  0.297776 -0.788635
        0         0         0         1
42	45	47
 0.215996  0.629472 -0.746398   1.64912
-0.333898  0.765975  0.549358 0.0158927
 0.917528  0.130562  0.375627 -0.428402
       -0         0         0         1
41	45	47
-0.227557  0.627777 -0.744388    2.3169
-0.319144   0.67414  0.666095 -0.014367
 0.919981  0.389142 0.0469458 -0.384004
       -0         0         0         1
40	44	47
  -0.274436    0.552332   -0.787156     2.67309
  -0.324434    0.717405    0.616501 0.000767112
   0.905222     0.42457  -0.0176863   -0.382061
         -0           0          -0           1
33	45	47
-0.331287 -0.608285  0.721275   2.38907
 0.428513   0.58406  0.689384  -1.01659
 -0.84061   0.53746 0.0671663   1.73025
        0         0         0         1
42	46	47
 -0.190073   0.574323  -0.796257    2.35645
 -0.335736   0.724122   0.602436 -0.0130694
   0.92258   0.381839  0.0551849 -0.0948506
        -0          0          0          1
41	46	47
-0.596005  0.469733 -0.651251   2.81481
-0.263171  0.651977  0.711102 -0.128132
  0.75863  0.595211 -0.264962  0.208932
       -0         0        -0         1
40	45	47
 -0.64237  0.494088 -0.585865   3.00591
-0.258572  0.579898  0.772566 -0.200022
 0.721458  0.647762 -0.244752  0.165584
       -0         0        -0         1
33	46	47
0.0712209 -0.583502  0.808983   1.64812
 0.453006  0.741496  0.494943  -0.83186
-0.888658  0.331224   0.31714    1.5591
        0         0         0         1
40	46	47
-0.894153  0.261935 -0.363154   3.18074
-0.151069  0.587011  0.795359 -0.373951
 0.421508  0.766034 -0.485307  0.908287
       -0         0        -0         1
