6	7	47
  0.784366  -0.249761   0.567793  0.0471019
  0.161559    0.96602   0.201751  -0.214561
  -0.59889 -0.0665149   0.798065   0.859755
         0         -0         -0          1
5	6	47
  0.854962  -0.130997   0.501878   0.638751
  0.204679   0.974269 -0.0943791  -0.388487
   -0.4766   0.183414   0.859775   0.611491
        -0         -0         -0          1
7	8	47
 0.674728 -0.400779  0.619773  0.261131
 0.314846  0.915782  0.249431 -0.600856
-0.667544 0.0268346  0.744087   1.53475
        0         0         0         1
6	8	47
0.0470952 -0.564568  0.824042   1.40554
 0.192477  0.814626  0.547117 -0.335417
-0.980171  0.132842  0.147031   1.84968
        0         0         0         1
7	9	47
 0.257968  -0.56101  0.786588  0.987327
 0.394709  0.804298  0.444194 -0.430996
-0.881848  0.195886  0.428919   1.41306
        0         0         0         1
4	5	47
   0.985393   0.0875494   -0.146068    0.693472
 -0.0852059    0.996115   0.0222359    0.161412
   0.147447 -0.00946515    0.989025   -0.324353
         -0          -0          -0           1
5	8	47
   0.98387 -0.0971493   0.150205   -1.32827
 0.0815598   0.990942   0.106688  -0.572316
 -0.159209 -0.0927163   0.982882    1.28815
         0          0          0          1
7	10	47
 0.473249 -0.431872  0.767803  0.901722
 0.311452  0.897319  0.312753 -0.105182
-0.824034 0.0911245  0.559163  0.799901
        0         0         0         1
2	3	47
  0.991633  0.0747395  -0.105251   0.654481
-0.0730416    0.99713  0.0199007   0.191732
  0.106436 -0.0120465   0.994247  -0.156636
         0          0          0          1
6	11	47
 0.984073  0.117574 -0.133326  -1.31183
-0.0782671  0.959987  0.268884    0.2439
 0.159605 -0.254166    0.9539  -0.12227
        0         0         0         1
1	2	47
  0.999885 0.00545607 -0.0141222   0.432328
-0.00414853   0.995842  0.0910033  -0.105765
   0.01456 -0.0909342    0.99575 -0.0296693
         0          0          0          1
5	9	47
   0.77064  -0.426002   0.473959   -1.12105
  0.367299    0.90469   0.215935  -0.878885
 -0.520774 0.00767696    0.85366    1.62063
         0          0          0          1
6	12	47
  0.903098 -0.0342196  -0.428067  0.0809991
   0.10441   0.984405   0.141582  0.0906543
  0.416547  -0.172556   0.892587  -0.526225
        -0         -0         -0          1
2	4	47
  0.964195   0.162792  -0.209349     1.2278
 -0.169927   0.985319 -0.0164355   0.260758
  0.203601  0.0514213   0.977703  -0.239726
         0          0          0          1
4	8	47
  0.998759 -0.0461731  0.0186423   -1.35399
 0.0442855   0.994829  0.0913918  -0.414905
-0.0227658  -0.090453    0.99564   0.830864
         0         -0         -0          1
1	3	47
 0.988582  0.104274 -0.108778   1.10376
-0.091131  0.988643  0.119499 0.0617723
 0.120004 -0.108222  0.986857 -0.166691
        0         0         0         1
5	10	47
  0.895978  -0.261315   0.359079  -0.948388
  0.222746   0.963929   0.145687  -0.590311
 -0.384197 -0.0505489   0.921866    1.28254
         0          0          0          1
7	13	47
 0.707736  0.557786 -0.433572 -0.172676
-0.265278   0.77862  0.568664 -0.172876
  0.65478 -0.287447  0.699026 -0.019697
        0         0         0         1
3	4	47
  0.991598  0.0769216  -0.103997   0.585096
-0.0821233   0.995528 -0.0466937   0.105739
 0.0999397   0.054842   0.993481  -0.150318
        -0          0         -0          1
6	13	47
   0.972325    0.205122   -0.111848   -0.669093
  -0.167938    0.946437    0.275778 0.000448048
   0.162425   -0.249363    0.954692  -0.0955077
         -0          -0          -0           1
1	4	47
  0.967768   0.163713  -0.191378    1.61559
 -0.148942   0.984809  0.0892718  0.0613964
  0.203086 -0.0578903   0.977449  -0.215155
         0          0          0          1
2	5	47
 0.902709  0.259814 -0.342949   1.96617
-0.272029  0.962202 0.0129194  0.383652
 0.333343 0.0816296  0.939265 -0.447989
       -0        -0        -0         1
4	9	47
 0.864716 -0.314434  0.391658 -0.966329
 0.240481  0.943795   0.22676 -0.562876
-0.440946 -0.101897   0.89173    1.3095
        0        -0        -0         1
7	14	47
  0.996356 -0.0596887  0.0609314  0.0313894
   0.04321   0.969119   0.242778  -0.467793
 -0.073541  -0.239261   0.968167   0.716395
         0          0          0          1
3	5	47
  0.947691   0.185939  -0.259436    1.31546
  -0.19703   0.980247 -0.0171821   0.274222
  0.251116  0.0673998   0.965607  -0.418593
        -0          0         -0          1
5	11	47
  0.948771  -0.181034   0.258959  -0.388066
  0.162523   0.982465  0.0913763  -0.379775
 -0.270961 -0.0446084   0.961556   0.864148
         0          0          0          1
1	5	47
  0.784785 -0.0572771  -0.617116    1.69092
 0.0944831   0.995138   0.027791 -0.0790062
  0.612524  -0.080117   0.786381  -0.655267
        -0         -0         -0          1
6	14	47
 0.013798  0.875358  0.483279  -1.04428
-0.880197 -0.218682  0.421227   2.94147
 0.474408 -0.431193   0.76747  0.446121
        0         0         0         1
2	7	47
 0.537899  0.343691 -0.769767  0.749165
-0.386285  0.912101  0.137313  0.390521
 0.749299  0.223488  0.623381 -0.643673
       -0        -0        -0         1
7	15	47
 0.695372 -0.224746  0.682603 -0.202442
-0.0374589  0.937214  0.346736  -0.32321
-0.717673  -0.26668  0.643293   2.21689
        0         0         0         1
4	10	47
  0.951658  -0.175214   0.252284  -0.491406
  0.147474   0.981122   0.125102  -0.311449
 -0.269441 -0.0818494   0.959532   0.830084
         0          0          0          1
7	16	47
0.686171 -0.42969 0.586971 0.588016
0.409731 0.895024 0.176222 -0.37845
-0.601074 0.119581 0.790197  1.23276
       0        0        0        1
6	16	47
 0.097613 -0.483037  0.870142   1.30935
 0.365139  0.830728  0.420196  0.339427
-0.925822  0.276706  0.257465   1.68057
        0         0         0         1
1	7	47
  0.41982 -0.138242 -0.897017   2.63648
-0.0415902  0.984363 -0.171169 0.0510964
 0.906654  0.109167  0.407506 -0.575178
       -0         0        -0         1
2	8	47
  0.976633  0.0852979  -0.197261  -0.217632
   -0.0727   0.994876  0.0702602 -0.0484036
  0.202244 -0.0542776    0.97783   0.260204
        -0         -0         -0          1
7	17	47
 0.941101 -0.107009  0.320747   0.22065
0.0529807  0.983551  0.172686  0.107381
 -0.33395 -0.145522   0.93129  0.950152
        0         0         0         1
3	8	47
   0.99531  0.0394416 -0.0883285  -0.912346
-0.0350793   0.998112  0.0504066  -0.240011
 0.0901499 -0.0470717   0.994815   0.515831
        -0         -0         -0          1
6	18	47
  0.837924   -0.25792     -0.481   0.731037
   0.24886   0.964901 -0.0838702   0.132778
  0.485749 -0.0494251   0.872699  0.0260744
         0          0          0          1
1	8	47
 0.972446  0.127575 -0.195128  0.168196
-0.0892462  0.976942  0.193956 -0.108246
 0.215373 -0.171197  0.961409  0.297336
        0         0         0         1
5	12	47
  0.987171 -0.0790595   0.138718  0.0337214
  0.071555   0.995732  0.0582844  -0.158343
 -0.142734 -0.0476106   0.988615   0.431105
         0         -0         -0          1
3	9	47
  0.928291  -0.241731   0.282562  -0.481741
  0.207456   0.967293   0.145969  -0.458813
 -0.308606 -0.0768824   0.948078   0.938043
         0         -0         -0          1
4	11	47
  0.991024 -0.0552028   0.121759  0.0930673
 0.0459128   0.995909  0.0778261 -0.0921226
 -0.125557 -0.0715373   0.989504   0.461833
         0          0          0          1
2	9	47
 0.967221 -0.151316  0.203928 0.0236953
  0.12411  0.982309  0.140232 -0.195039
-0.221539 -0.110326   0.96889  0.754651
        0        -0        -0         1
5	13	47
 0.943562 -0.175624  0.280797  0.327572
 0.127137   0.97494  0.182557 -0.680371
-0.305822 -0.136554  0.942245  0.739728
        0        -0        -0         1
1	9	47
 0.973187 -0.129139  0.190345  0.439215
0.0809188  0.966839  0.242229 -0.240808
-0.215314 -0.220331  0.951364  0.781844
        0        -0        -0         1
4	12	47
   0.999716   0.0233346 -0.00491088    0.622619
 -0.0230287    0.998213   0.0551362   0.0434123
 0.00618874  -0.0550074    0.998467   0.0916043
         -0          -0          -0           1
2	10	47
  0.999674 0.00833346  0.0241378   0.336828
-0.0101852    0.99693  0.0776364  0.0137933
-0.0234167 -0.0778568    0.99669   0.386793
         0          0          0          1
1	10	47
  0.996668   0.018955  0.0793364    0.92806
-0.0313078   0.987025   0.157487 -0.0745063
 -0.075322  -0.159446   0.984329   0.460054
         0          0          0          1
5	15	47
-0.884912  0.435641  0.164766   2.27639
-0.403451 -0.893723  0.196179   3.29142
 0.232719  0.107126  0.966626 -0.143931
        0         0         0         1
7	22	47
   0.75566 -0.0580613  -0.652386    1.25556
 -0.279805   0.871977  -0.401704   0.933773
  0.592188   0.486093   0.642672  -0.925982
         0          0          0          1
4	13	47
 0.984426 -0.051282  0.168151  0.794139
0.0202153  0.983183  0.181498 -0.508805
-0.174631 -0.175272  0.968908  0.499063
        0        -0        -0         1
2	11	47
  0.991294   0.107281 -0.0763361     1.2333
 -0.103838   0.993448  0.0477313   0.105868
 0.0809566 -0.0393889   0.995939   0.237175
         0          0          0          1
1	11	47
  0.990878   0.117288 -0.0663729    1.44446
 -0.108522    0.98645    0.12304  0.0608197
 0.0799046  -0.114715    0.99018    0.18588
         0          0          0          1
3	10	47
  0.984114 -0.0971153   0.148621  0.0251855
 0.0880283   0.993892  0.0665601  -0.228114
 -0.154177 -0.0524197   0.986652   0.600368
         0          0          0          1
7	24	47
  0.895026  -0.319343   0.311367   0.279673
  0.281801   0.946005   0.160201  -0.881618
 -0.345713 -0.0556409    0.93669    1.11935
         0          0          0          1
2	12	47
  0.953405    0.18143  -0.241044    1.86326
 -0.180214    0.98325  0.0272715   0.206821
  0.241955  0.0174388   0.970131 -0.0573343
        -0         -0         -0          1
1	12	47
 0.866048 -0.122775 -0.484652    1.3179
 0.162595  0.985849 0.0408072 -0.181336
 0.472783 -0.114143  0.873755 -0.404516
       -0        -0        -0         1
6	24	47
 0.469601 -0.478285  0.742104  0.996419
0.00415686  0.841739  0.539869 -0.242945
-0.882869 -0.250438   0.39727   2.81362
        0         0         0         1
7	25	47
  0.574173  -0.290656   0.765405  -0.111446
   0.17879   0.956813   0.229221  -0.511076
 -0.798974 0.00523469   0.601343    2.20597
         0          0          0          1
1	13	47
-0.983942 -0.113688  0.137597   3.02153
 0.112105  0.206244  0.972058 -0.530602
 -0.13889  0.971874 -0.190187  0.364155
       -0        -0        -0         1
3	11	47
  0.999863 0.00804227  0.0144943   0.717579
-0.00856922   0.999291   0.036666 -0.0649244
-0.0141892 -0.0367854   0.999222   0.323085
         0         -0         -0          1
5	18	47
  0.919958  -0.348815    -0.1789   0.995571
  0.342184   0.937191 -0.0677011  -0.528895
  0.191278 0.00106552   0.981535   0.580182
         0          0          0          1
2	14	47
  0.644334   0.473182  -0.600776   0.237149
 -0.309369    0.87972   0.361085 -0.0608433
  0.699374 -0.0467978   0.713222  -0.161942
        -0         -0         -0          1
1	14	47
   0.56467   0.605571  -0.560741    0.47136
 -0.362093   0.792321   0.491035 -0.0457168
  0.741644 -0.0742321   0.666673  -0.279237
        -0         -0         -0          1
3	12	47
  0.991418  0.0946811 -0.0901424    1.22521
-0.0949581    0.99548 0.00122152  0.0939576
 0.0898506 0.00734877   0.995928 0.00840045
        -0         -0         -0          1
2	15	47
 0.955048  0.295854 0.0188204 -0.602114
-0.288467  0.912811  0.289074 0.0531775
0.0683442 -0.281508  0.957122  0.718147
        0         0         0         1
1	15	47
 0.955923  0.151692 -0.251395  0.514439
-0.061678  0.940845  0.333177 -0.131756
 0.287064 -0.302986  0.908732  0.565143
        0         0         0         1
7	28	47
  0.742527   -0.22969   0.629203   0.263187
  0.345471   0.936108 -0.0659663  -0.359139
  -0.57385   0.266353   0.774437    1.00932
         0          0          0          1
5	20	47
-0.717251 -0.429785  0.548485   2.60678
0.0868267 -0.836121  -0.54163   3.48065
 0.691384 -0.340861  0.637026  0.350423
        0         0         0         1
3	13	47
 0.998158 0.0254332 0.0550714   1.39875
-0.0315317  0.993109  0.112869 -0.491032
-0.0518217 -0.114397  0.992082  0.368739
        0        -0        -0         1
4	18	47
-0.971059   0.23799 0.0201539   2.97425
-0.196921 -0.845518  0.496308   2.30802
 0.135157  0.477976  0.867912 -0.145291
        0         0         0         1
1	16	47
 0.970973 0.0882935 -0.222297  0.725117
-0.0418282  0.977733  0.205641  0.412193
 0.235504 -0.190374  0.953045  0.843766
        0         0         0         1
6	29	47
  0.296125  -0.912807  -0.281235    1.94783
  0.736287   0.405712  -0.541553     0.3698
  0.608434 -0.0467021   0.792229   -0.31319
         0          0          0          1
7	30	47
  -0.91859 0.00619621   0.395164    2.58812
 -0.202572  -0.865924  -0.457318    3.62742
  0.339348  -0.500137   0.796684    1.05623
         0          0          0          1
6	30	47
  0.824007 -0.0452708   0.564768  -0.454051
  0.212555   0.948699  -0.234075   0.709402
 -0.525198   0.312924   0.791357    1.16437
         0          0          0          1
3	15	47
  0.953647 -0.0886877  -0.287563   0.626298
 0.0968286     0.9952  0.0141831  -0.870067
  0.284925   -0.04137   0.957657 -0.0385709
         0          0          0          1
6	31	47
 0.454255 -0.316446  0.832775  0.330412
 0.404226  0.906233  0.123865 -0.218388
-0.793885  0.280363  0.539577   1.83808
        0         0         0         1
7	31	47
 0.899107 -0.108649  0.424031  -0.48702
 0.231381  0.940275 -0.249691  0.418689
-0.371577  0.322612  0.870547  0.738607
        0         0         0         1
3	16	47
  0.948014  -0.272248  -0.164777    1.22514
  0.266819   0.962195 -0.0546661  -0.372261
   0.17343  0.0078586   0.984815    0.57723
         0          0          0          1
3	18	47
  -0.977145 -0.00946782    0.212364     3.13249
   0.081973   -0.938524    0.335339     2.00439
   0.196133    0.345083     0.91785   0.0624425
          0           0           0           1
0	1	47
  0.945745  -0.118228   0.302635   0.142566
   0.10788   0.992868  0.0507472  -0.782466
 -0.306477 -0.0153457   0.951754   0.304509
         0         -0         -0          1
5	27	47
 0.673216 -0.562024  0.480529  0.411041
 0.629095  0.776851 0.0272449 -0.604396
-0.388611  0.283957  0.876556   1.32768
        0         0         0         1
0	2	47
  0.95159 -0.131012  0.278049  0.530745
0.0870266  0.982435  0.165068 -0.865507
-0.294791  -0.13288  0.946277  0.210933
        0        -0        -0         1
4	24	47
 0.935526 -0.184876 -0.301018  0.785291
 0.136389  0.975079 -0.174982 -0.328102
 0.325866  0.122644  0.937427  0.155703
        0         0         0         1
5	28	47
 0.945218 -0.315518 0.0837334   0.45054
 0.319877  0.844046 -0.430424 0.0826342
0.0651319  0.433629  0.898735  0.369411
        0         0         0         1
0	3	47
  0.980148 -0.0708143   0.185189    1.11806
 0.0415622   0.986673   0.157319  -0.627523
 -0.193861  -0.146499   0.970029  -0.199223
         0          0          0          1
4	25	47
  0.942342  -0.315251   0.112284   0.663025
   0.31723   0.948349 0.00026238  -0.785122
 -0.106567  0.0353726   0.993676   0.512469
         0          0          0          1
1	25	47
  0.987733   0.140269 -0.0686214 -0.0995547
  -0.13724    0.98942  0.0470572   0.162196
  0.074496 -0.0370624   0.996533   0.305998
         0          0          0          1
2	25	47
  0.923718  -0.300862  -0.237125    0.99237
  0.300666   0.952977 -0.0378865  -0.474182
  0.237373  -0.036299    0.97074    0.28737
         0          0          0          1
0	4	47
  0.999162 -0.0409237 0.00108689    0.77715
 0.0406327   0.994592  0.0955821  -0.671076
-0.00499257 -0.0954579   0.995421  -0.385998
         0          0          0          1
5	29	47
 0.931168 -0.357931 0.0693679  0.513472
 0.334564  0.763257 -0.552727  0.262877
 0.144892  0.537889  0.830471  0.062438
        0         0         0         1
1	26	47
  0.953076 -0.0202604   0.302052   0.326863
 0.0823795   0.977463  -0.194371   0.658581
 -0.291306   0.210133   0.933265   0.920986
         0          0          0          1
0	5	47
  0.973113  0.0519288  -0.224397    1.18123
-0.0312281   0.995003  0.0948352  -0.517725
  0.228201 -0.0852779   0.969872  -0.767858
        -0         -0         -0          1
2	26	47
  0.887386    0.39131  -0.243767    -0.7151
 -0.411314   0.910813 -0.0352136    1.18004
  0.208247   0.131513   0.969194   0.236131
         0          0          0          1
4	27	47
  0.937763 -0.0604922   0.341967  -0.648731
  0.174809   0.933085  -0.314316 -0.0674679
  -0.30007   0.354533   0.885587    1.14106
         0          0          0          1
0	6	47
 0.187198  0.304622 -0.933896   2.27458
-0.310781  0.920235  0.237871 -0.465366
 0.931865  0.245708  0.266936 -0.981623
       -0        -0        -0         1
7	39	47
-0.675808  0.670086  0.307033   1.44343
-0.187612 -0.559216  0.807514   1.63948
 0.712802  0.488122  0.503639 -0.927986
        0         0         0         1
0	7	47
 0.728254  0.264672 -0.632135   1.12547
-0.231782  0.963178  0.136254 -0.484248
 0.644921 0.0472895  0.762785 -0.842851
       -0        -0        -0         1
4	28	47
   0.99801   0.038005 -0.0503106    0.10771
-0.0528708   0.939177   -0.33934   0.574696
  0.034354   0.341325   0.939317   0.470103
         0          0          0          1
3	24	47
  0.870255 -0.0835002  -0.485475    1.13064
 0.0695727   0.996485 -0.0466771  -0.785386
  0.487666 0.00684509   0.873004  0.0489852
         0          0          0          1
3	25	47
  0.99383  0.052128 0.0979078  0.061137
-0.0630491  0.991708  0.111987 -0.609824
-0.0912583 -0.117469  0.988875  0.785601
        0         0         0         1
2	29	47
-0.941416 -0.275051  0.195147    3.4325
0.0847622 -0.753049 -0.652482   2.73459
 0.326421 -0.597716  0.732247   1.33062
        0         0         0         1
1	29	47
 0.0168034   0.979675   -0.19989   0.311818
 -0.999226 0.00934196 -0.0382135    3.23442
-0.0355693   0.200377   0.979073   0.497968
         0          0          0          1
5	32	47
 0.954162 0.0515166 -0.294823  0.174217
  -0.1379  0.949954 -0.280305  0.880227
 0.265628  0.308113  0.913514 -0.452532
       -0         0        -0         1
2	30	47
  0.218533 -0.0046177  -0.975819    1.56609
 -0.463426   0.879537  -0.107946    1.60833
  0.858766   0.475809   0.190068   -0.63986
         0          0          0          1
1	30	47
   0.236141   0.0864446   -0.967866     1.79736
  -0.372241    0.928102 -0.00792673     1.29701
   0.897594    0.362151    0.251342    -0.83273
          0           0           0           1
0	8	47
  0.991884 -0.0749091   0.102733   0.448624
 0.0492823   0.971356   0.232459  -0.906722
 -0.117204  -0.225509   0.967165   0.582821
         0         -0         -0          1
4	31	47
  0.977921 0.00453616  -0.208925  -0.603474
-0.0757035   0.939546  -0.333948   0.749759
   0.19478   0.342391   0.919146  0.0585997
        -0          0         -0          1
3	27	47
 0.971715 -0.146895  0.184911 0.0375416
  0.20353  0.918043 -0.340253 -0.202051
-0.119775  0.368264  0.921974  0.776723
        0         0         0         1
5	33	47
 0.181192 -0.471261  0.863182 -0.535984
  0.44795  0.820922  0.354159  -0.24269
-0.875506  0.322492  0.359846   1.98404
        0         0         0         1
3	28	47
 -0.90425  0.358203  0.232426   2.35125
-0.426954 -0.750207 -0.504877    2.9539
-0.00648057  -0.55577  0.831311   1.67119
        0         0         0         1
4	32	47
   0.94294 -0.0783286    0.32362   -1.58564
  0.156927   0.961765  -0.224459   0.308433
 -0.293665   0.262436   0.919178   0.452839
        -0         -0         -0          1
0	9	47
 0.832795 -0.303479  0.462984  0.776633
 0.158456  0.932028  0.325906 -0.920385
-0.530419  -0.19805  0.824276  0.993179
        0        -0        -0         1
2	31	47
 0.829651 0.0646797 -0.554523  0.127352
-0.249746  0.931337 -0.265027   1.14293
 0.499306  0.358369  0.788838  -0.52304
        0         0         0         1
0	10	47
 0.934802 -0.245639  0.256526   1.51746
 0.178185   0.94915  0.259548 -0.855081
-0.307237 -0.196917  0.931037  0.377523
        0         0         0         1
4	33	47
 0.392406 -0.399729  0.828393 -0.179254
 0.358872  0.895787  0.262253  0.082243
-0.846894  0.194378  0.494963   1.55886
        0         0         0         1
0	11	47
  0.998483 -0.0371541  0.0406391    1.09719
 0.0284095   0.979832   0.197796  -0.658589
-0.0471685  -0.196341   0.979401 -0.0298414
         0          0          0          1
4	34	47
  0.996364 -0.0810259  0.0263574   0.166495
 0.0834674   0.990325   -0.11086   0.434595
-0.0171197   0.112657   0.993487   0.336832
         0          0          0          1
3	31	47
 0.889373 0.0437086 -0.455088 -0.694567
-0.198056  0.933999 -0.297354  0.899831
 0.412055  0.354592   0.83933 -0.308327
       -0         0        -0         1
4	35	47
  0.990588  -0.121443  0.0631484   0.481164
  0.132309   0.967747  -0.214382   0.600062
-0.0350765   0.220719   0.974707 -0.0578815
         0          0          0          1
2	32	47
  0.989769 -0.0190292   0.141399  -0.322705
  0.061252    0.95176  -0.300668   0.704018
 -0.128857   0.306254   0.943189 -0.0242812
        -0         -0         -0          1
0	12	47
  -0.13851   0.734964    0.66381  0.0392599
 -0.988747 -0.0643677  -0.135044    3.21126
-0.0565248  -0.675045   0.735608    1.25886
         0         -0         -0          1
4	36	47
-0.985042  0.139171  0.101603   2.84834
-0.0527598 -0.804919  0.591034   1.64071
 0.164038  0.576833  0.800222 -0.230805
        0         0         0         1
3	32	47
  0.965227 -0.0492875   0.256726   -1.01527
  0.126946    0.94687  -0.295503   0.456907
 -0.228521   0.317818   0.920201   0.240899
        -0         -0         -0          1
2	33	47
 0.591794 -0.338431  0.731604  0.868954
 0.348469  0.925817  0.146395  0.267171
-0.726876  0.168306  0.665826   1.23553
        0         0         0         1
0	13	47
-0.996589 0.0150751 0.0811302   3.28593
0.0824167  0.230752  0.969516  -1.19849
-0.00410556  0.972896 -0.231207  0.165008
       -0        -0        -0         1
4	37	47
  0.723716  -0.334151   0.603803   0.161963
  0.452169   0.890579 -0.0491119   0.134785
 -0.521323   0.308564   0.795619   0.994199
         0          0          0          1
3	33	47
 0.464201 -0.386316  0.797043  0.268246
 0.403105   0.89342  0.198259 0.0658906
-0.788685   0.22926  0.570453   1.40457
        0         0         0         1
0	14	47
 0.816469  0.312158 -0.485731  0.902085
-0.145621  0.925388  0.349931 -0.903206
 0.558724 -0.214975  0.801007 -0.223618
       -0        -0        -0         1
9	10	47
  0.978824   0.130761  -0.157495   0.640923
  -0.13794   0.989805 -0.0354988  0.0972661
  0.151247  0.0564719   0.986882  -0.134397
         0          0          0          1
0	15	47
  0.999515 -0.0268121   0.015844   0.744254
 0.0207782    0.95307   0.302036  -0.769937
-0.0231984   -0.30156   0.953165   0.568355
         0          0          0          1
4	39	47
 0.944142  -0.16062 -0.287746   1.49648
0.00877112  0.885114 -0.465292   1.27077
 0.329423  0.436777  0.837082 -0.617238
        0         0         0         1
0	16	47
 0.977302 -0.209153 0.0337081   1.25102
 0.203616  0.971276   0.12314 -0.177725
-0.058495 -0.113482  0.991817   0.66626
        0         0         0         1
9	11	47
  0.923682   0.236541  -0.301429    1.34384
 -0.257072   0.965934 -0.0297585   0.130113
  0.284122   0.104976   0.953024  -0.194213
         0          0          0          1
4	41	47
 0.752444 -0.261713   0.60443  0.146964
 0.429253  0.890872 -0.148629  0.182159
-0.499571  0.371288  0.782672  0.936023
        0         0         0         1
0	17	47
  0.950102  0.0485681  -0.308134    1.51184
-0.0572704   0.998173 -0.0192554   0.242047
  0.306636  0.0359416   0.951148  -0.258935
         0          0          0          1
9	12	47
  0.867486   0.312838  -0.386782    1.97634
 -0.346172   0.938004 -0.0177267   0.135632
  0.357257   0.149271   0.922001  -0.281204
        -0          0         -0          1
3	38	47
-0.972696 0.0886825 -0.214473   3.23677
-0.210644 -0.725287   0.65543   1.37741
-0.0974294  0.682711  0.724164  0.079881
        0         0         0         1
3	39	47
 -0.985799 -0.0515814    0.15981    2.70968
  0.151329  -0.685416   0.712252   0.434516
 0.0727975   0.726322   0.683489  -0.318196
         0          0          0          1
8	9	47
 0.891397 -0.250622  0.377623  0.325471
 0.236103  0.967994 0.0851077 -0.128558
-0.386867 0.0132932   0.92204  0.379961
       -0        -0        -0         1
1	31	47
 0.825652 0.0763776 -0.558986  0.544577
-0.209063  0.961677 -0.177398  0.981752
 0.524014  0.263332  0.809978 -0.626835
        0         0         0         1
4	46	47
-0.878782  0.386465 -0.279979    2.6632
-0.473314 -0.780776  0.407878   2.23633
-0.0609702  0.490953   0.86905 0.0763164
        0         0         0         1
8	10	47
  0.966799 -0.0981686   0.235931   0.844292
 0.0960846   0.995165  0.0203433  0.0895965
 -0.236788 0.00300139   0.971557  0.0216527
         0          0          0          1
9	15	47
  0.793936   0.429803   -0.43004    0.02282
 -0.380506   0.902909   0.199925   0.225623
  0.474216 0.00490502   0.880395  -0.290053
         0          0          0          1
8	11	47
  0.996358 -0.0165462  0.0836493    1.53557
 0.0185506   0.999558 -0.0232405   0.290098
-0.0832277  0.0247076   0.996224  -0.357198
         0          0          0          1
3	43	47
 -0.978264 -0.0537855   0.200266     3.1931
  0.152354  -0.841581   0.518198    1.56741
  0.140669   0.537446   0.831483   0.020503
         0          0          0          1
9	16	47
  0.805651   0.523352  -0.277543 -0.0888789
  -0.57101   0.810804  -0.128624    1.12846
  0.157718   0.262107   0.952064    0.10104
         0          0          0          1
2	44	47
  0.633138   0.356935   -0.68683    1.49569
 -0.706037 -0.0973759  -0.701448    2.92844
 -0.317252    0.92904   0.190357   0.621083
         0          0          0          1
10	11	47
  0.984302    0.11417  -0.134593   0.658459
 -0.117899   0.992823 -0.0200442   0.131505
  0.131339   0.035598   0.990698  -0.171275
        -0          0         -0          1
8	12	47
  0.987824   0.137537 -0.0727129    1.65661
 -0.140364   0.989471 -0.0352785   0.474499
 0.0670952  0.0450555   0.996729  -0.672504
        -0          0         -0          1
0	24	47
 0.857553  0.509975 0.0672914 -0.628759
-0.497307  0.788504  0.361866 -0.128184
 0.131483 -0.343784  0.929798  0.765612
        0         0         0         1
2	45	47
-0.735567  0.348401 -0.580998   3.47514
-0.548105 -0.810099  0.208138   2.74353
-0.398151  0.471547  0.786842  0.737821
        0         0         0         1
9	17	47
 0.504212  0.347658 -0.790509   1.42171
-0.548723  0.835819 0.0175924  0.990316
 0.666838    0.4249  0.612198 -0.283573
        0         0         0         1
0	25	47
 0.924564  0.177091  0.337371 -0.418537
-0.226971  0.967167  0.114332 -0.386364
-0.306047 -0.182281  0.934403  0.926772
        0         0         0         1
3	46	47
-0.944084 -0.169655  0.282707   2.93971
  0.29556 -0.815482  0.497627  0.931803
 0.146118  0.553358  0.820027 -0.144742
        0         0         0         1
1	32	47
  0.993122 -0.0160718   0.115979   0.131983
  0.039531   0.978397   -0.20292   0.574616
 -0.110213   0.206109   0.972302  -0.130176
        -0         -0         -0          1
10	12	47
  0.945748   0.206425  -0.250896     1.2819
 -0.219814   0.975188 -0.0262473   0.238282
  0.239253  0.0799738   0.967658  -0.383512
        -0          0         -0          1
0	27	47
  0.727853  -0.395463   0.560214   0.909748
  0.485825    0.87394 -0.0142787  -0.839164
 -0.483947   0.282559   0.828225   0.839053
         0          0          0          1
13	14	47
  0.63202 -0.471028  0.615373  0.758269
 0.413895  0.876507  0.245819 -0.699029
-0.655166 0.0993372  0.748926   1.27035
        0         0         0         1
10	13	47
  0.991666   0.125418 -0.0294888    1.24316
 -0.124455   0.991693  0.0324716  -0.336202
 0.0333164  -0.028531   0.999037 -0.0307987
        -0         -0         -0          1
8	15	47
  0.990801   0.108482 -0.0808993  -0.200342
 -0.100924   0.990604  0.0922979   0.161721
 0.0901518 -0.0832841    0.99244  0.0803828
         0          0          0          1
13	15	47
0.0572789 -0.618582   0.78363   1.52808
 0.572462  0.663413  0.481841 -0.432488
-0.817928  0.420999  0.392114    1.4389
        0         0         0         1
8	16	47
  0.945803 -0.0958362   0.310278   0.446433
  0.136206   0.984429  -0.111127   0.648135
 -0.294796   0.147366   0.944129   0.508456
         0          0          0          1
13	16	47
-0.0332642 -0.414017   0.90966   1.35442
 0.550343   0.75216  0.362459  0.202853
-0.834275  0.512683  0.202832   1.69683
        0         0         0         1
0	30	47
  0.537303   0.077057  -0.839862    1.44312
 -0.274498   0.957575 -0.0877531   0.603188
  0.797469   0.277691    0.53566   -1.04183
         0          0          0          1
1	35	47
  0.963797    -0.1548  -0.217101   0.255291
 -0.213322   0.040819  -0.976128    3.22642
  0.159967   0.987102 0.00631869  -0.031589
         0          0          0          1
8	17	47
   0.87497   0.408431  -0.260022  0.0803696
 -0.434247   0.899495 -0.0483486     1.0751
  0.214142   0.155217   0.964392  -0.350025
         0          0          0          1
12	13	47
  0.981772  -0.102615    0.15998    0.26039
 0.0864465   0.990712   0.104961  -0.545862
 -0.169265 -0.0892182   0.981524   0.315959
         0         -0         -0          1
13	17	47
 0.486355 -0.310827  0.816606  0.525385
 0.437677  0.895548 0.0802026  0.520556
-0.756239  0.318403  0.571597   1.07095
        0         0         0         1
11	12	47
  0.987688  0.0878528  -0.129436   0.568986
 -0.090077   0.995869 -0.0114195   0.137655
  0.127898   0.022938   0.991522  -0.293467
        -0          0         -0          1
12	14	47
  0.51489 -0.559201  0.649755   1.36343
 0.369922  0.828682  0.420051  -1.14247
-0.773334 0.0240787  0.633542   1.69855
        0         0         0         1
12	15	47
-0.0577475 -0.618751  0.783462   1.99167
 0.558279   0.63058   0.53916  -0.65961
-0.827641  0.468526  0.309022   1.25639
        0         0         0         1
11	13	47
   0.998295 -0.00434529     0.05821    0.713728
-0.000356096    0.996753   0.0805137   -0.438454
 -0.0583707  -0.0803973    0.995052   0.0621358
          0          -0          -0           1
11	14	47
 0.619414 -0.485849  0.616665   1.58088
 0.366611  0.873599  0.320033  -1.01173
-0.694206 0.0278432  0.719237   1.31438
       -0        -0        -0         1
8	24	47
  0.923953   0.267029  -0.273873  -0.575179
 -0.243537   0.962794   0.117124   0.122874
  0.294959 -0.0415187   0.954608 -0.0372887
         0          0          0          1
9	27	47
 0.980317 0.0514254 -0.190615  0.464881
-0.144257  0.845733 -0.513736   1.24845
  0.13479  0.531122  0.836505  -0.12003
        0         0         0         1
9	28	47
  0.789104   0.425484  -0.443034   0.308146
 -0.551521   0.808315  -0.206038    1.19441
  0.270445   0.406927   0.872508 -0.0976429
         0          0          0          1
9	29	47
-0.977731 -0.199764 -0.064323   2.96706
 0.193904 -0.742652 -0.640991   2.45777
0.0802772 -0.639189  0.764849   1.32768
        0         0         0         1
11	18	47
 0.960138  0.121941 -0.251523  0.333698
-0.031133   0.94088  0.337306 -0.732632
 0.277785  -0.31603  0.907172  0.685194
        0         0         0         1
1	43	47
-0.570721 -0.512497   0.64158   1.64343
 0.803712 -0.508779  0.308531   1.00785
 0.168301  0.691731  0.702271 -0.347351
        0         0         0         1
8	27	47
  0.889637 -0.0180706   0.456311  -0.630452
   0.23463   0.875333  -0.422777   0.713056
 -0.391784   0.483183   0.782969   0.717787
         0          0          0          1
13	27	47
 -0.164299   0.978646    0.12352 0.00561154
 -0.688409 -0.0240762  -0.724923    3.35418
 -0.706469  -0.204136   0.677665    2.66943
         0          0          0          1
8	28	47
  0.994301  0.0997792 -0.0375443  0.0519183
 -0.103282   0.988853  -0.107249   0.561417
 0.0264245   0.110516   0.993523   0.104931
         0          0          0          1
13	28	47
  0.928918   -0.32442  -0.178501 -0.0457599
   0.16702   0.797336  -0.579966   0.813152
  0.330478   0.508928   0.794844  -0.119853
         0          0          0          1
9	31	47
 0.673029  0.117714 -0.730189  0.481037
 -0.44045  0.856897  -0.26783   1.48588
 0.594169  0.501868  0.628563  -1.01127
        0         0         0         1
1	46	47
-0.180067 -0.796322 -0.577449   3.21986
-0.350428  0.600461 -0.718781    2.0285
 0.919117 0.0729257 -0.387178  0.914191
        0         0         0         1
10	25	47
 0.951586 -0.177948 -0.250638  0.736508
 0.115958  0.962961 -0.243434   -0.2625
 0.284673  0.202585  0.936975 -0.508786
        0         0         0         1
9	32	47
  0.993937  0.0293281   -0.10597 -0.0584682
-0.0689023   0.917201  -0.392421   0.935548
 0.0856865   0.397344    0.91366   -0.67696
        -0          0         -0          1
8	30	47
   0.4384  0.156136 -0.885114   1.14858
-0.535806  0.836069 -0.117902   1.87838
 0.721608  0.525938  0.450191    -1.114
        0         0         0         1
13	30	47
-0.308248 -0.130761  0.942276   1.55425
-0.530774 -0.798363 -0.284423   4.07144
  0.78947 -0.587809  0.176689  0.756624
        0         0         0         1
9	33	47
   0.76591  -0.251831   0.591576   0.667552
  0.322023   0.946629 -0.0139454   0.264097
 -0.556491   0.201182   0.806128   0.742883
         0          0          0          1
13	31	47
 -0.948664 -0.0450516    0.31306    3.03944
   0.29433   0.236594   0.925955  -0.108778
 -0.115784   0.970564  -0.211188   0.914108
         0          0          0          1
10	27	47
-0.915882 -0.202452  -0.34666   3.90648
 0.391335 -0.642849 -0.658484   1.93909
-0.0895387 -0.738754  0.668001   2.22069
        0         0         0         1
8	31	47
 0.927486 0.0607932 -0.368882 0.0831754
-0.206193  0.906236 -0.369083   1.28836
 0.311856   0.41838  0.853056 -0.754077
        0         0         0         1
10	28	47
 0.858401  0.420332 -0.294055  0.379952
-0.504636  0.794893 -0.336878   1.29545
0.0921414  0.437567  0.894452   0.16304
        0         0         0         1
12	25	47
 -0.946896   0.321444 0.00785968    2.87363
 -0.302852  -0.899808    0.31405    3.17279
  0.108022   0.294993   0.949374  -0.221144
         0          0          0          1
10	29	47
 0.882734  0.264103 -0.388628 -0.151092
-0.346868  0.924198 -0.159815  0.613181
 0.316962  0.275876  0.907429 -0.354829
        0         0         0         1
8	32	47
  0.936471 -0.0555404   0.346319  -0.222574
  0.176247   0.928187  -0.327728   0.698289
 -0.303246   0.367946   0.879009  -0.211204
        -0         -0         -0          1
12	26	47
 -0.133821  -0.164002   0.977341    1.64027
  0.796896  -0.604066 0.00774878    1.02241
  0.589108   0.779876   0.211529  -0.497601
         0          0          0          1
11	27	47
 0.985028  0.075575 -0.154946  0.166792
-0.118979  0.948442 -0.293773  0.916726
 0.124756   0.30781  0.943233  0.140543
        0         0         0         1
11	28	47
   0.942464    0.175185   -0.284732    0.284009
  -0.184154    0.982885 -0.00482064    0.375141
   0.279015    0.056978    0.958595    0.181507
          0           0           0           1
8	35	47
  0.58996 -0.516652  0.620498  0.878711
 0.684164  0.727979 -0.044347 -0.352718
-0.428798  0.450685  0.782953 0.0706463
        0         0         0         1
12	28	47
 0.944765   0.16838 -0.281189 -0.298578
-0.242032  0.936931 -0.252154  0.808894
 0.220997  0.306283  0.925933 0.0643225
        0         0         0         1
10	31	47
 0.818595  0.028668 -0.573655 -0.504524
-0.279312  0.892576 -0.353967   1.26633
 0.501883  0.449984  0.738666 -0.886059
       -0         0        -0         1
12	29	47
  0.984603    0.13753  -0.107906 -0.0587542
 -0.170536   0.891346  -0.420024   0.868592
 0.0384161   0.431958   0.901075   0.186575
         0          0          0          1
11	29	47
 0.887147 -0.359231 -0.289695   1.12224
 0.208011  0.871627 -0.443844  0.371713
 0.411949  0.333495  0.847986 -0.217957
        0         0         0         1
10	32	47
   0.99115 -0.0572563   0.119759  -0.805888
  0.100126   0.914799  -0.391304   0.753543
-0.0871512   0.399832   0.912436  -0.442678
        -0         -0         -0          1
12	30	47
 0.728697 -0.246361   0.63899  0.332316
 0.512057  0.815578 -0.269501 -0.286012
-0.454751  0.523584   0.72046   1.06151
        0         0         0         1
8	37	47
  0.985552  -0.018925   0.168314   0.378135
 0.0633016   0.962883  -0.262393     1.0029
 -0.157101   0.269256   0.950169 -0.0771908
         0          0          0          1
10	33	47
 0.639697 -0.347403  0.685638  0.586897
 0.444302  0.895029 0.0389673   0.27258
-0.627203  0.279703  0.726899  0.722242
        0         0         0         1
11	31	47
 0.249319 -0.946432   -0.2052   3.27466
 0.553221  0.313106 -0.771953  0.877699
 0.794851 0.0789414  0.601649 -0.691586
       -0         0        -0         1
12	31	47
  -0.982865 -0.00994919     0.18406     3.63052
  0.0998985    0.810429    0.577256   -0.587947
  -0.154911    0.585752   -0.795549     2.44617
          0           0           0           1
9	41	47
-0.851516 -0.211514 -0.479772   4.34415
-0.178706 -0.743162  0.644806   1.56361
-0.492934  0.634801  0.595015   1.00974
        0         0         0         1
11	32	47
 0.892114 -0.201789  0.404244 -0.444218
 0.313565  0.920685 -0.232413 0.0809882
-0.325283  0.334096   0.88463  0.201139
       -0        -0        -0         1
14	15	47
 0.802363 -0.371761  0.466914  0.406433
   0.3736  0.922933 0.0928388 -0.128671
-0.465444 0.0999485  0.879416  0.722871
        0         0         0         1
10	35	47
 0.929786   -0.3599 0.0772703  0.913802
 0.364606  0.871579 -0.327738  0.205462
0.0506057  0.332899  0.941604 -0.382046
        0         0         0         1
9	42	47
  -0.52177 -0.0888047  -0.848452    3.95812
 -0.652457  -0.599203   0.463956    2.61769
 -0.549596   0.795657   0.254705    1.38054
         0          0          0          1
11	33	47
 0.476179 -0.420261  0.772421 -0.358462
 0.442877   0.87348  0.202222 0.0546932
 -0.75968  0.245794  0.602056    1.0564
        0         0         0         1
12	33	47
 0.380863 -0.461175  0.801412 -0.791021
 0.409215  0.861303  0.301164 -0.131232
-0.829148  0.213248  0.516758   1.49607
        0         0         0         1
10	36	47
  0.900695   -0.15228    0.40689  -0.470963
  0.209222   0.972839 -0.0990467     0.1373
