0	 1	 47	
0.9464234890	-0.1272715110	0.2967904000	0.1730381400
0.1075365470	0.9908163270	0.0819688789	-0.8329793310
-0.3044970770	-0.0456614574	0.9514181840	0.3524594500
0.0000000000	0.0000000000	0.0000000000	1.0000000000
0	 2	 47	
0.9538310110	-0.1180644020	0.2761651650	0.5410989120
0.0762398641	0.9845570120	0.1575911580	-0.8445117200
-0.2905062560	-0.1292605390	0.9481022250	0.1810818750
0.0000000000	0.0000000000	0.0000000000	1.0000000000
0	 3	 47	
0.9881781710	-0.0478115930	0.1456638360	1.1703647100
0.0242000358	0.9868612050	0.1597476760	-0.6031464580
-0.1513877790	-0.1543340960	0.9763517430	-0.2346736250
0.0000000000	0.0000000000	0.0000000000	1.0000000000
0	 4	 47	
0.9971885790	0.0146824749	-0.0734803578	1.9906818900
-0.0075594085	0.9953242940	0.0962933271	-0.5089713960
0.0745506096	-0.0954671380	0.9926370090	-0.5772336870
0.0000000000	0.0000000000	0.0000000000	1.0000000000
0	 5	 47	
0.5139415440	0.8046993860	0.2971918360	-0.6198649640
-0.8542248830	0.4483813070	0.2631616480	1.5065764300
0.0785107528	-0.3891183660	0.9178360200	0.1788177610
0.0000000000	0.0000000000	0.0000000000	1.0000000000
0	 6	 47	
-0.7434630080	0.6275455550	0.2311911160	1.1217955800
-0.6160766100	-0.5081468680	-0.6018607580	3.5690488300
-0.2602160020	-0.5898926480	0.7644045370	1.6811043300
0.0000000000	0.0000000000	0.0000000000	1.0000000000
0	 7	 47	
0.7589912800	0.2867954490	-0.5845345210	0.9384091990
-0.2185096810	0.9578947330	0.1862557370	-0.5655469750
0.6133398370	-0.0136400287	0.7897013320	-0.7079817590
0.0000000000	0.0000000000	0.0000000000	1.0000000000
0	 8	 47	
0.9927013830	-0.0459208987	0.1115133840	0.3836983770
0.0191292712	0.9729186640	0.2303548210	-0.8619335380
-0.1190715530	-0.2265403800	0.9666961370	0.6001219490
0.0000000000	0.0000000000	0.0000000000	1.0000000000
0	 9	 47	
0.8588283470	-0.2703242410	0.4351306420	0.7609914470
0.1369948270	0.9396905820	0.3133911740	-0.8822239620
-0.4936053970	-0.2095385770	0.8440659310	0.9280029720
0.0000000000	0.0000000000	0.0000000000	1.0000000000
0	 12	 47	
0.9758359010	0.2056975890	0.0737074998	0.3461910620
-0.2152531030	0.9629471500	0.1624773430	-0.2768310510
-0.0375552292	-0.1744169930	0.9839554450	-0.0647655551
0.0000000000	0.0000000000	0.0000000000	1.0000000000
0	 14	 47	
0.4431842830	0.6189919550	-0.6484108660	1.0818864400
-0.3665822360	0.7852233800	0.4990407890	-0.6652389210
0.8180496050	0.0165288707	0.5749101150	-0.4854998310
0.0000000000	0.0000000000	0.0000000000	1.0000000000
0	 15	 47	
0.8882586200	-0.2850175880	0.3602243720	0.4864025100
0.1544495960	0.9238755650	0.3501417740	-0.9018533010
-0.4325990590	-0.2553799400	0.8646612860	1.0160893900
0.0000000000	0.0000000000	0.0000000000	1.0000000000
0	 16	 47	
0.9795665490	-0.1264809690	0.1563711650	0.8591105180
0.1113001050	0.9885045570	0.1023280370	-0.1029481020
-0.1675161590	-0.0828329951	0.9823833420	0.6822223490
0.0000000000	0.0000000000	0.0000000000	1.0000000000
0	 18	 47	
0.9882168060	-0.0494804285	-0.1448420940	0.8728385380
0.0569672615	0.9972212900	0.0480044731	-0.3127013280
0.1420643380	-0.0556900845	0.9882896030	0.3968206880
0.0000000000	0.0000000000	0.0000000000	1.0000000000
0	 20	 47	
-0.6482577470	0.6594442630	0.3806509650	0.9896573730
-0.7548360060	-0.6221869980	-0.2076197090	2.5730930300
0.0999224557	-0.4219201390	0.9011098150	0.2205740610
0.0000000000	0.0000000000	0.0000000000	1.0000000000
0	 24	 47	
0.9373581750	0.2981751860	-0.1801421940	0.2297856550
-0.2411356060	0.9285496820	0.2822217360	-0.4946517990
0.2514224950	-0.2211041540	0.9422842890	0.3493859580
0.0000000000	0.0000000000	0.0000000000	1.0000000000
0	 25	 47	
0.9811468630	-0.0377428547	0.1895423690	0.2704383560
0.0052389070	0.9855788140	0.1691359080	-0.8260530400
-0.1931926160	-0.1649541710	0.9671952930	0.6361429120
0.0000000000	0.0000000000	0.0000000000	1.0000000000
0	 30	 47	
0.5233226890	0.0878627810	-0.8475927650	1.4613390000
-0.2936013320	0.9523566660	-0.0825532451	0.6445925390
0.7999572620	0.2920563510	0.5241864810	-1.0611323500
0.0000000000	0.0000000000	0.0000000000	1.0000000000
0	 31	 47	
0.9583945440	0.0471455196	-0.2815265480	0.3727617860
-0.1011067260	0.9783921970	-0.1803500450	0.2104486900
0.2669406820	0.2013107270	0.9424524730	-0.5098130360
0.0000000000	0.0000000000	0.0000000000	1.0000000000
0	 32	 47	
0.9089332430	-0.0706612178	0.4109103940	0.1895337400
0.1301578620	0.9843702910	-0.1186341470	-0.2256897870
-0.3961051510	0.1613137380	0.9039239940	0.1376880930
0.0000000000	0.0000000000	0.0000000000	1.0000000000
1	 2	 47	
0.9991834150	0.0309899672	-0.0259253714	0.4289463650
-0.0282998551	0.9947468710	0.0983757171	-0.0873426024
0.0288378423	-0.0975617008	0.9948115870	-0.0372071986
0.0000000000	0.0000000000	0.0000000000	1.0000000000
1	 3	 47	
0.9844110490	0.0964897705	-0.1470530880	1.1856670600
-0.0814693642	0.9911336070	0.1049614960	0.0897105851
0.1558769680	-0.0913449345	0.9835438340	-0.2269330020
0.0000000000	0.0000000000	0.0000000000	1.0000000000
1	 4	 47	
0.9616011720	0.1747674750	-0.2116117080	1.6659130000
-0.1593941520	0.9833044060	0.0877835376	0.0991720348
0.2234204320	-0.0506830839	0.9734035830	-0.2370197250
0.0000000000	0.0000000000	0.0000000000	1.0000000000
1	 7	 47	
0.5154067570	0.5365119020	-0.6682146770	0.5743466290
-0.4359482780	0.8354779650	0.3345529400	0.4070791150
0.7377702720	0.1188761920	0.6645024280	-0.6867003980
0.0000000000	0.0000000000	0.0000000000	1.0000000000
1	 8	 47	
0.9775230490	0.1100478870	-0.1798281160	0.1672361560
-0.0774252395	0.9807424950	0.1793027900	-0.1196510660
0.1960969680	-0.1613493750	0.9672188780	0.3035692160
0.0000000000	0.0000000000	0.0000000000	1.0000000000
1	 9	 47	
0.9838518350	-0.1030752560	0.1463251790	0.4296825050
0.0645647853	0.9668694430	0.2469713920	-0.2130650260
-0.1669339840	-0.2335358030	0.9579113080	0.7333295220
0.0000000000	0.0000000000	0.0000000000	1.0000000000
1	 11	 47	
0.9619797980	0.1405958030	-0.2341531300	1.1532709500
-0.1100124950	0.9841671280	0.1389687580	0.0867710921
0.2499842380	-0.1079253680	0.9622161900	-0.0516004028
0.0000000000	0.0000000000	0.0000000000	1.0000000000
1	 12	 47	
-0.7836648040	-0.3352162880	0.5229718110	2.3907556300
0.2535333920	0.5959766920	0.7619269000	-1.2721480500
-0.5670893170	0.7296861120	-0.3820574350	2.8623548700
0.0000000000	0.0000000000	0.0000000000	1.0000000000
1	 15	 47	
0.9764668340	0.1015407380	-0.1902682340	0.3401946860
-0.0623520098	0.9774701290	0.2016540960	0.0511852971
0.2064576210	-0.1850449290	0.9607984310	0.3550198690
0.0000000000	0.0000000000	0.0000000000	1.0000000000
1	 20	 47	
0.7686781590	0.5765257820	-0.2770413510	0.4420264640
-0.6285583160	0.7610959780	-0.1601479180	1.9664442200
0.1185256540	0.2972388520	0.9474179300	-0.2049906170
0.0000000000	0.0000000000	0.0000000000	1.0000000000
1	 24	 47	
0.8364220160	0.2730605340	-0.4752222180	0.6287393360
-0.2046916510	0.9599485650	0.1913114770	-0.1013779500
0.5084285000	-0.0627431107	0.8588153250	0.0998223688
0.0000000000	0.0000000000	0.0000000000	1.0000000000
1	 25	 47	
0.8408476980	0.5316126420	0.1017995450	-0.6732045950
-0.5283885930	0.8469757040	-0.0586314974	1.0288205100
-0.1173909870	-0.0044895588	0.9930756270	0.5254600330
0.0000000000	0.0000000000	0.0000000000	1.0000000000
1	 29	 47	
-0.5352432690	-0.8426821870	-0.0583213078	3.9278079600
0.6603603860	-0.3743856730	-0.6509681470	1.5975327100
0.5267245990	-0.3869394000	0.7568613460	0.6551884930
0.0000000000	0.0000000000	0.0000000000	1.0000000000
1	 30	 47	
0.2298298840	0.0893333868	-0.9691221650	1.7867363900
-0.3840417760	0.9232964340	-0.0059673376	1.3479258900
0.8942539570	0.3735548700	0.2465088650	-0.8483159450
0.0000000000	0.0000000000	0.0000000000	1.0000000000
1	 31	 47	
0.8174858530	0.0878879866	-0.5692034630	0.5528899190
-0.2239514460	0.9590218280	-0.1735594530	1.0084093000
0.5306247540	0.2693563360	0.8036694190	-0.6537298470
0.0000000000	0.0000000000	0.0000000000	1.0000000000
1	 32	 47	
0.9934755520	-0.0150227018	0.1130515190	0.1292914070
0.0391491764	0.9759731990	-0.2143447130	0.6158052530
-0.1071152160	0.2173721060	0.9701936390	-0.1334013080
0.0000000000	0.0000000000	0.0000000000	1.0000000000
2	 3	 47	
0.9894545430	0.0839844932	-0.1180097960	0.7013628630
-0.0818720806	0.9963855700	0.0226441801	0.1973195570
0.1194850180	-0.0127436794	0.9927542140	-0.1544798920
0.0000000000	0.0000000000	0.0000000000	1.0000000000
2	 4	 47	
0.9653200730	0.1416736160	-0.2192846170	1.2962221000
-0.1488628780	0.9887196740	-0.0165302680	0.2449391320
0.2144691120	0.0486003387	0.9755208900	-0.2383730750
0.0000000000	0.0000000000	0.0000000000	1.0000000000
2	 5	 47	
0.8959346320	0.2368160890	-0.3757915320	2.1431023300
-0.2333378210	0.9708118130	0.0554786908	0.2536258790
0.3779611050	0.0379810966	0.9250420740	-0.3663184050
0.0000000000	0.0000000000	0.0000000000	1.0000000000
2	 7	 47	
0.5074921240	0.5529623840	-0.6608209630	0.1560513760
-0.5291794890	0.8052629230	0.2674335300	0.6765585620
0.6800153030	0.2139724900	0.7012809430	-0.6403086220
0.0000000000	0.0000000000	0.0000000000	1.0000000000
2	 8	 47	
0.9825793500	0.0845627868	-0.1654900470	-0.2485806210
-0.0670515800	0.9918119150	0.1086886000	-0.1118361210
0.1733260110	-0.0956988053	0.9802039750	0.3866079990
0.0000000000	0.0000000000	0.0000000000	1.0000000000
2	 9	 47	
0.9700503300	-0.1312883650	0.2043666360	-0.0255514859
0.1042505620	0.9849435620	0.1379057660	-0.1533559960
-0.2193950240	-0.1124701970	0.9691317130	0.7595388150
0.0000000000	0.0000000000	0.0000000000	1.0000000000
2	 10	 47	
0.9986083910	0.0024567198	0.0526805975	0.5872312560
-0.0067968792	0.9965789470	0.0823662890	-0.0151913177
-0.0522980234	-0.0826097310	0.9952087970	0.4747162960
0.0000000000	0.0000000000	0.0000000000	1.0000000000
2	 11	 47	
0.9999876660	0.0044516574	-0.0022025548	1.3688912100
-0.0043082961	0.9981104680	0.0612938118	-0.0423972153
0.0024712520	-0.0612835666	0.9981173360	0.3897522390
0.0000000000	0.0000000000	0.0000000000	1.0000000000
2	 14	 47	
0.5439808970	0.5593587200	-0.6254619140	0.1672402220
-0.2956717040	0.8253682080	0.4809839560	-0.2431464480
0.7852789490	-0.0767146940	0.6143710840	-0.1724851850
0.0000000000	0.0000000000	0.0000000000	1.0000000000
2	 15	 47	
0.9674319320	-0.1641836890	0.1926633690	-0.3195128220
0.1267105040	0.9730002980	0.1929115570	-0.1480796190
-0.2191344460	-0.1622163270	0.9621153560	0.7904091260
0.0000000000	0.0000000000	0.0000000000	1.0000000000
2	 16	 47	
0.9776229610	-0.1547724180	0.1424740120	0.0015783326
0.1473504520	0.9871821840	0.0613121527	0.3885965610
-0.1501372370	-0.0389465582	0.9878977560	0.9514007630
0.0000000000	0.0000000000	0.0000000000	1.0000000000
2	 17	 47	
0.9032422490	0.1451550050	-0.4038359380	0.6375198100
-0.1872765980	0.9800465580	-0.0666049492	0.9148622890
0.3861099790	0.1357894250	0.9124035930	-0.0426938280
0.0000000000	0.0000000000	0.0000000000	1.0000000000
2	 24	 47	
0.7919194230	0.5194656700	-0.3209657990	-0.5657389400
-0.4781861730	0.8544598680	0.2030672740	0.4931964770
0.3797388730	-0.0073315115	0.9250646670	0.2320102960
0.0000000000	0.0000000000	0.0000000000	1.0000000000
2	 25	 47	
0.9794600030	-0.0899725758	-0.1804523170	-0.0045690032
0.0901417861	0.9959023370	-0.0072796212	-0.3531908480
0.1803678510	-0.0091361964	0.9835567950	0.1743180880
0.0000000000	0.0000000000	0.0000000000	1.0000000000
2	 29	 47	
0.1327426500	0.9676261630	-0.2146601890	-0.3113445490
-0.9792344300	0.0945517810	-0.1793317930	3.1828131900
-0.1532296310	0.2340076260	0.9600839080	0.8106033780
0.0000000000	0.0000000000	0.0000000000	1.0000000000
2	 30	 47	
0.2204712930	0.0683218346	-0.9729977060	1.4261359200
-0.4381109910	0.8981916000	-0.0362023451	1.4514085200
0.8714649550	0.4342625670	0.2279580100	-0.6790287130
0.0000000000	0.0000000000	0.0000000000	1.0000000000
2	 31	 47	
0.8317205810	0.0770873356	-0.5498167120	0.0899907702
-0.2591420460	0.9297205750	-0.2616582730	1.1574125500
0.4910053710	0.3601071990	0.7932443070	-0.5208915470
0.0000000000	0.0000000000	0.0000000000	1.0000000000
2	 32	 47	
0.9884105810	-0.0254716145	0.1496519940	-0.3377306710
0.0685395016	0.9545013570	-0.2902231830	0.6714134420
-0.1354505780	0.2971167380	0.9451850530	0.0008535893
0.0000000000	0.0000000000	0.0000000000	1.0000000000
3	 4	 47	
0.9916247790	0.0692400283	-0.1090234680	0.5877299200
-0.0743758552	0.9962695520	-0.0437631372	0.0944860900
0.1055866000	0.0515053249	0.9930753600	-0.1463113840
0.0000000000	0.0000000000	0.0000000000	1.0000000000
3	 5	 47	
0.9519276930	0.1547721470	-0.2643468360	1.3683983400
-0.1634737180	0.9864852220	-0.0111017880	0.2162133280
0.2590560000	0.0537818595	0.9643637800	-0.3961867380
0.0000000000	0.0000000000	0.0000000000	1.0000000000
3	 7	 47	
0.6099477100	0.0567162450	-0.7904094250	1.6516629900
-0.1687099010	0.9838625870	-0.0595934522	-0.1816507440
0.7742743450	0.1696987860	0.6096733240	-0.5725186550
0.0000000000	0.0000000000	0.0000000000	1.0000000000
3	 8	 47	
0.9650038020	0.1449930530	-0.2185055540	0.0432829480
-0.1261242370	0.9871586440	0.0980331027	-0.0782886692
0.2299137650	-0.0670434705	0.9708989820	0.2423014310
0.0000000000	0.0000000000	0.0000000000	1.0000000000
3	 9	 47	
0.9314880030	-0.2205464220	0.2892911620	-0.5391435380
0.1824726490	0.9712484530	0.1529057700	-0.4268594500
-0.3146964140	-0.0896421653	0.9449499720	0.9681273790
0.0000000000	0.0000000000	0.0000000000	1.0000000000
3	 10	 47	
0.9847179400	-0.0901863585	0.1489865750	0.0127974903
0.0788587256	0.9936484230	0.0802752268	-0.2348416100
-0.1552800060	-0.0672995646	0.9855754100	0.6231098640
0.0000000000	0.0000000000	0.0000000000	1.0000000000
3	 11	 47	
0.9996456320	0.0163384605	0.0210158267	0.6991168280
-0.0165925883	0.9997906180	0.0119752118	-0.0316305096
-0.0208157699	-0.0123196751	0.9997074220	0.3091407910
0.0000000000	0.0000000000	0.0000000000	1.0000000000
3	 12	 47	
0.9931310250	0.0844063455	-0.0810329298	1.2871970100
-0.0856817656	0.9962455480	-0.0123872329	0.1413467650
0.0796831344	0.0192451898	0.9966344470	0.0044806826
0.0000000000	0.0000000000	0.0000000000	1.0000000000
3	 13	 47	
0.9997894290	0.0141994012	0.0148146579	1.5001391400
-0.0158821436	0.9925908870	0.1204619810	-0.5166364650
-0.0129944064	-0.1206719040	0.9926073930	0.3452580580
0.0000000000	0.0000000000	0.0000000000	1.0000000000
3	 20	 47	
-0.7567346100	0.6090402410	0.2375346600	0.7940839520
-0.6375117070	-0.6071136160	-0.4743330900	3.1389673300
-0.1446774130	-0.5103753930	0.8476941690	1.1132912200
0.0000000000	0.0000000000	0.0000000000	1.0000000000
3	 25	 47	
0.9602521030	0.2463949500	0.1311694600	-1.3366294800
-0.2352458790	0.9672965210	-0.0948515544	0.2567113960
-0.1502507060	0.0602243296	0.9868119150	0.7650250510
0.0000000000	0.0000000000	0.0000000000	1.0000000000
3	 27	 47	
0.9415189570	-0.3142693000	0.1215601110	0.1297447360
0.3367545530	0.8901783300	-0.3068858290	-0.1897677290
-0.0117653816	0.3298747460	0.9439513900	0.7690990960
0.0000000000	0.0000000000	0.0000000000	1.0000000000
3	 31	 47	
0.9106439410	0.0130771300	-0.4129849880	-0.7087216850
-0.1599940390	0.9326875870	-0.3232580590	0.8361519870
0.3809586850	0.3604481290	0.8514385630	-0.2456119270
0.0000000000	0.0000000000	0.0000000000	1.0000000000
3	 32	 47	
0.9498045510	-0.0613631605	0.3067668140	-1.0996575500
0.1492087770	0.9507153230	-0.2718034500	0.3579135770
-0.2749691920	0.3039324550	0.9121496620	0.3827012820
0.0000000000	0.0000000000	0.0000000000	1.0000000000
3	 33	 47	
0.4413107140	-0.3455435340	0.8281573040	0.2320965280
0.4077887820	0.8993144500	0.1579298210	0.1557153610
-0.7993454590	0.2680171360	0.5377858790	1.4880679200
0.0000000000	0.0000000000	0.0000000000	1.0000000000
3	 37	 47	
-0.6267406590	0.3167693590	-0.7119363170	3.2419101200
-0.6946728760	-0.6410537430	0.3263122660	2.9122839100
-0.3530237130	0.6990760130	0.6218255270	0.8988719230
0.0000000000	0.0000000000	0.0000000000	1.0000000000
4	 5	 47	
0.9819908680	0.0993765954	-0.1606805120	0.7206093350
-0.0976443838	0.9950464050	0.0186608237	0.1865114110
0.1617390150	-0.0026352089	0.9868300500	-0.3389978120
0.0000000000	0.0000000000	0.0000000000	1.0000000000
4	 6	 47	
0.9459858200	-0.1115917370	0.3043979510	1.4324734100
0.1542100450	0.9807607950	-0.1196976360	-0.2698654900
-0.2851843090	0.1601734880	0.9449943720	0.3072368840
0.0000000000	0.0000000000	0.0000000000	1.0000000000
4	 8	 47	
0.9911895690	-0.1087825820	0.0755618167	-1.3104761700
0.0957024874	0.9825956060	0.1592071280	-0.6070909930
-0.0915656715	-0.1505729910	0.9843492790	1.0636392300
0.0000000000	0.0000000000	0.0000000000	1.0000000000
4	 9	 47	
0.8683785230	-0.3090106240	0.3878545790	-0.9550977700
0.2427510980	0.9468862610	0.2108988230	-0.5523532040
-0.4324241490	-0.0889878836	0.8972683610	1.2555823900
0.0000000000	0.0000000000	0.0000000000	1.0000000000
4	 10	 47	
0.9536088420	-0.1721398910	0.2469778000	-0.4571546620
0.1386454110	0.9793330950	0.1472553510	-0.3483449640
-0.2672220540	-0.1061816660	0.9577671050	0.8612247590
0.0000000000	0.0000000000	0.0000000000	1.0000000000
4	 11	 47	
0.9920691490	-0.0566049058	0.1122260590	0.1343435520
0.0468733071	0.9950581240	0.0875341217	-0.1164738810
-0.1166263120	-0.0815794951	0.9898197260	0.4685988000
0.0000000000	0.0000000000	0.0000000000	1.0000000000
4	 12	 47	
0.9993534000	0.0221150243	-0.0283497444	0.9107490110
-0.0199433584	0.9970050170	0.0747212067	0.0014116093
0.0299172987	-0.0741075028	0.9968014010	0.0552855803
0.0000000000	0.0000000000	0.0000000000	1.0000000000
4	 13	 47	
0.9962609090	-0.0299513778	0.0810377487	0.9816031320
0.0177700360	0.9889680270	0.1470594010	-0.4402478510
-0.0845483741	-0.1450694890	0.9858024220	0.3180743960
0.0000000000	0.0000000000	0.0000000000	1.0000000000
4	 28	 47	
-0.9156270030	-0.2191761380	0.3370296890	2.4495870600
0.0056510870	-0.8452559830	-0.5343317210	2.8991336400
0.4019891240	-0.4873439690	0.7751777860	1.2215017900
0.0000000000	0.0000000000	0.0000000000	1.0000000000
4	 29	 47	
0.9805930900	-0.1163086660	-0.1578273950	0.6955086290
0.0410291447	0.9089365210	-0.4149108470	0.6143147970
0.1917128110	0.4003831860	0.8960689160	0.0927727649
0.0000000000	0.0000000000	0.0000000000	1.0000000000
4	 31	 47	
0.9508620390	0.0528748661	-0.3050666000	-1.4144272000
-0.1456426630	0.9458758750	-0.2900121450	0.8000124020
0.2732207840	0.3201922520	0.9070983000	0.0234799706
0.0000000000	0.0000000000	0.0000000000	1.0000000000
4	 32	 47	
0.9079433490	-0.0827776566	0.4108366270	-1.6501063400
0.1852415900	0.9586071130	-0.2162358790	0.2420104470
-0.3759314140	0.2724339590	0.8856948180	0.6759949740
0.0000000000	0.0000000000	0.0000000000	1.0000000000
4	 33	 47	
0.3198360600	-0.4653337160	0.8253298900	-0.0531464616
0.4534325910	0.8400304410	0.2979055960	-0.0774426539
-0.8319277490	0.2789505180	0.4796694990	1.5215522800
0.0000000000	0.0000000000	0.0000000000	1.0000000000
5	 6	 47	
0.8880864910	-0.1156236370	0.4448972450	0.7067137280
0.1891400040	0.9740366800	-0.1244130400	-0.3079152570
-0.4189611470	0.1946374070	0.8868978730	0.4947637820
0.0000000000	0.0000000000	0.0000000000	1.0000000000
5	 8	 47	
0.9528513790	-0.1491684930	0.2642404410	-1.3795743700
0.1304601520	0.9876210840	0.0870904307	-0.6644958620
-0.2739605790	-0.0485113890	0.9605166560	1.5486917800
0.0000000000	0.0000000000	0.0000000000	1.0000000000
5	 9	 47	
0.7532394700	-0.4071218380	0.5166063400	-1.2593096600
0.3195172970	0.9130041470	0.2536377830	-0.8810889370
-0.5749252110	-0.0259853278	0.8177932280	1.8657885600
0.0000000000	0.0000000000	0.0000000000	1.0000000000
5	 10	 47	
0.8774768900	-0.2295493670	0.4211192180	-1.0721513900
0.1802180670	0.9714906580	0.1540368470	-0.5163816550
-0.4444724470	-0.0592704817	0.8938295440	1.4784515200
0.0000000000	0.0000000000	0.0000000000	1.0000000000
5	 11	 47	
0.9535429880	-0.1555669450	0.2579819670	-0.4383950310
0.1386164570	0.9868824330	0.0827559192	-0.3383686550
-0.2674719570	-0.0431507802	0.9625989620	0.8563230330
0.0000000000	0.0000000000	0.0000000000	1.0000000000
5	 12	 47	
0.9855965430	-0.1043832690	0.1330548290	0.0783746114
0.1026394760	0.9945192060	0.0199170009	-0.1306456740
-0.1344045850	-0.0059734493	0.9909085350	0.3450554370
0.0000000000	0.0000000000	0.0000000000	1.0000000000
5	 13	 47	
0.9567536720	-0.1765629670	0.2311880830	0.4444965920
0.1404246200	0.9763292090	0.1645059320	-0.6579216710
-0.2547613340	-0.1249271560	0.9589003430	0.6378011740
0.0000000000	0.0000000000	0.0000000000	1.0000000000
5	 20	 47	
0.5929935970	-0.7983329490	0.1049909350	2.0535515400
0.7242781380	0.4718678500	-0.5027543240	0.4465202870
0.3518234950	0.3741727350	0.8580297160	-0.6941418510
0.0000000000	0.0000000000	0.0000000000	1.0000000000
5	 32	 47	
0.8195537420	-0.1412863200	0.5553105800	-2.1414264300
0.2816709790	0.9432863200	-0.1757053710	-0.1963808310
-0.4989921080	0.3004148690	0.8128700900	1.3304815100
0.0000000000	0.0000000000	0.0000000000	1.0000000000
5	 33	 47	
0.2505131650	-0.4329258710	0.8659205190	-0.5588529300
0.4384528320	0.8481878210	0.2972146280	-0.1261602900
-0.8631351390	0.3052091270	0.4022997890	1.8489920700
0.0000000000	0.0000000000	0.0000000000	1.0000000000
5	 35	 47	
0.9241054770	0.3780680310	0.0556204242	-0.2623973390
0.0741610067	-0.0346467190	-0.9966442440	2.7581672700
-0.3748722610	0.9251292720	-0.0600551286	1.1766664800
0.0000000000	0.0000000000	0.0000000000	1.0000000000
5	 41	 47	
-0.7258575400	0.5215487090	-0.4484615660	2.7981498500
-0.6857768070	-0.5992381450	0.4130663580	2.1511647900
-0.0533010512	0.6073718710	0.7926275340	-0.2291700910
0.0000000000	0.0000000000	0.0000000000	1.0000000000
6	 7	 47	
0.8099384930	-0.2863802850	0.5118456500	0.2118877600
0.1926616440	0.9541705670	0.2289978590	-0.2768413640
-0.5539685270	-0.0868611562	0.8279939680	0.7836616880
0.0000000000	0.0000000000	0.0000000000	1.0000000000
6	 8	 47	
0.9895696820	0.1368747690	-0.0449126040	-0.0193845104
-0.1207295290	0.9580884390	0.2597901550	-0.4265189360
0.0785889641	-0.2516581840	0.9646200980	0.2952873780
0.0000000000	0.0000000000	0.0000000000	1.0000000000
6	 13	 47	
0.9815960840	-0.0521709362	-0.1837044400	0.5746234540
0.1061610750	0.9486972880	0.2978309630	-0.4965089510
0.1587417830	-0.3118519670	0.9367760650	0.1064235630
0.0000000000	0.0000000000	0.0000000000	1.0000000000
6	 14	 47	
0.7672882330	-0.4447988060	0.4619770450	0.2329919010
0.1937324910	0.8474841290	0.4942047890	-0.5808874370
-0.6113399130	-0.2896975560	0.7364365800	1.5812809800
0.0000000000	0.0000000000	0.0000000000	1.0000000000
6	 15	 47	
0.9510412580	0.0228773390	-0.3082160810	0.7017344750
0.1128199410	0.9027410830	0.4151267260	-0.9356516970
0.2877363140	-0.4295755640	0.8559629950	0.4065672040
0.0000000000	0.0000000000	0.0000000000	1.0000000000
6	 27	 47	
0.9258633110	-0.3773197120	-0.0201733469	0.4405840660
0.3752222290	0.9243878720	-0.0686683383	0.1817115800
0.0445579149	0.0560080069	0.9974355600	0.5940957830
0.0000000000	0.0000000000	0.0000000000	1.0000000000
6	 32	 47	
0.9643915410	-0.1901683650	0.1838068220	-0.3804168150
0.2191753950	0.9636152080	-0.1529963270	0.3568332460
-0.1480239880	0.1878342970	0.9709825830	-0.2825878180
0.0000000000	0.0000000000	0.0000000000	1.0000000000
6	 38	 47	
-0.6927550980	-0.1552025360	0.7042744830	1.7168773600
-0.6546381540	0.5450329950	-0.5238205050	2.7825722400
-0.3025545600	-0.8239242720	-0.4791758880	5.1136291600
0.0000000000	0.0000000000	0.0000000000	1.0000000000
7	 8	 47	
0.7340107590	-0.3517219010	0.5809646370	0.3400201110
0.2867853800	0.9359564250	0.2043030000	-0.4204008080
-0.6156154250	0.0166515638	0.7878707850	1.1875392500
0.0000000000	0.0000000000	0.0000000000	1.0000000000
7	 9	 47	
0.3194555610	-0.5439453940	0.7759326990	0.9405310590
0.4118858960	0.8171472800	0.4032621130	-0.3998785330
-0.8534038630	0.1907714100	0.4850856790	1.2724708900
0.0000000000	0.0000000000	0.0000000000	1.0000000000
7	 10	 47	
0.5331185540	-0.4357816720	0.7251751110	0.9807420520
0.3332759490	0.8960059150	0.2934289390	-0.0918312481
-0.7776321420	0.0852510115	0.6229129280	0.6553064480
0.0000000000	0.0000000000	0.0000000000	1.0000000000
7	 13	 47	
0.7071708570	0.2701086960	-0.6534146250	1.2852861000
-0.0593250138	0.9435605340	0.3258436160	-0.4912890350
0.7045494460	-0.1916632780	0.6832827130	0.3215844120
0.0000000000	0.0000000000	0.0000000000	1.0000000000
7	 20	 47	
-0.5244092510	0.6840621770	-0.5070048080	1.7328304100
-0.5930553410	-0.7207069970	-0.3589802050	3.8050035900
-0.6109666930	0.1124293690	0.7836321440	1.1408932500
0.0000000000	0.0000000000	0.0000000000	1.0000000000
7	 30	 47	
0.9701269890	0.0255693159	-0.2412464190	-0.1617599840
-0.1191473510	0.9164515400	-0.3819953970	1.3383178800
0.2113232920	0.3993279160	0.8921208900	-0.2850090380
0.0000000000	0.0000000000	0.0000000000	1.0000000000
7	 31	 47	
0.8963285110	-0.0369806182	0.4418457130	-0.5055011180
0.1579628090	0.9577640610	-0.2402826570	0.5530347260
-0.4142981430	0.2851673860	0.8643127970	0.7795362120
0.0000000000	0.0000000000	0.0000000000	1.0000000000
7	 42	 47	
0.3928633040	-0.8965169820	0.2047333030	2.8199272300
-0.4928306130	-0.0172965399	0.8699533420	0.5294041000
-0.7763867670	-0.4426715830	-0.4486261890	4.5872228400
0.0000000000	0.0000000000	0.0000000000	1.0000000000
8	 9	 47	
0.9101250240	-0.2139729570	0.3548070090	0.2964781030
0.1986383390	0.9768376620	0.0795675367	-0.0825626173
-0.3636141510	-0.0019381313	0.9315476330	0.3541340150
0.0000000000	0.0000000000	0.0000000000	1.0000000000
8	 10	 47	
0.9801808600	-0.0872397990	0.1778614580	0.9067831940
0.0866509289	0.9961769930	0.0110912087	0.1174255730
-0.1781490870	0.0045404701	0.9839930320	-0.0571363658
0.0000000000	0.0000000000	0.0000000000	1.0000000000
8	 11	 47	
0.9962930440	-0.0071290727	0.0857283339	1.2031076600
0.0095947929	0.9995510300	-0.0283844717	0.2798042580
-0.0854874895	0.0291017973	0.9959141400	-0.3044872640
0.0000000000	0.0000000000	0.0000000000	1.0000000000
8	 12	 47	
0.9951322210	0.0984994633	0.0031175485	1.3658843100
-0.0984217847	0.9949578750	-0.0192867868	0.3915644160
-0.0050015676	0.0188860683	0.9998091320	-0.5633775710
0.0000000000	0.0000000000	0.0000000000	1.0000000000
8	 14	 47	
0.6734841130	0.4448838360	-0.5903367870	0.6082277780
-0.4100760010	0.8893177870	0.2023648870	0.3341397750
0.6150258720	0.1057934130	0.7813775850	-0.8572704650
0.0000000000	0.0000000000	0.0000000000	1.0000000000
8	 16	 47	
0.9984602560	0.0444460045	-0.0331914205	0.4885915970
-0.0474810531	0.9941432910	-0.0970807266	0.7127535680
0.0286821776	0.0985072107	0.9947229070	0.3272139250
0.0000000000	0.0000000000	0.0000000000	1.0000000000
8	 17	 47	
0.7471150570	0.5525540130	-0.3694633320	0.0656181665
-0.5700361720	0.8185093630	0.0714225848	0.9607835410
0.3418740320	0.1572465750	0.9264964440	-0.4218046560
0.0000000000	0.0000000000	0.0000000000	1.0000000000
8	 20	 47	
-0.9493084990	0.2685695000	0.1633517580	0.9596526830
-0.3129232710	-0.7580110940	-0.5722745920	3.8639500900
-0.0298730569	-0.5943817000	0.8036280200	0.8759899950
0.0000000000	0.0000000000	0.0000000000	1.0000000000
8	 24	 47	
0.9236729280	0.1945641290	-0.3301107730	0.2881709600
-0.1938940300	0.9803871120	0.0353017803	0.2152503220
0.3305048080	0.0313992093	0.9432818570	-0.1743274040
0.0000000000	0.0000000000	0.0000000000	1.0000000000
8	 31	 47	
0.9192289330	0.0665503415	-0.3880582700	0.0743729390
-0.2206003900	0.9034323230	-0.3676214170	1.3236615500
0.3261190540	0.4235340480	0.8451421610	-0.8031172900
0.0000000000	0.0000000000	0.0000000000	1.0000000000
8	 32	 47	
0.9328096800	0.0259880345	0.3594311110	-0.3825061520
0.1362033230	0.8979886780	-0.4184076830	1.0076373600
-0.3336386620	0.4392504480	0.8341128740	-0.1779902250
0.0000000000	0.0000000000	0.0000000000	1.0000000000
8	 34	 47	
0.4378260230	0.4585879320	-0.7733081420	1.7843092000
0.7263002090	0.3265460420	0.6048600570	-1.0123448800
0.5299022360	-0.8264773380	-0.1901021560	3.4490985700
0.0000000000	0.0000000000	0.0000000000	1.0000000000
8	 43	 47	
0.7288752230	-0.2592974120	0.6336448220	-0.2865936800
0.6032008270	-0.1945942200	-0.7734868140	2.5325175700
0.3238667490	0.9459904550	0.0145735076	-0.0106108578
0.0000000000	0.0000000000	0.0000000000	1.0000000000
8	 45	 47	
-0.9664488780	-0.1585851000	0.2020577440	2.5017650300
0.2132391750	-0.9339104470	0.2869500490	2.0774213400
0.1431978350	0.3204091800	0.9363932600	-0.4479500160
0.0000000000	0.0000000000	0.0000000000	1.0000000000
8	 46	 47	
-0.1353612390	-0.5817796800	0.8020035780	0.9616699190
0.8525027650	-0.4808713330	-0.2049433990	1.4095914500
0.5048924350	0.6559688750	0.5610601260	-0.7142819330
0.0000000000	0.0000000000	0.0000000000	1.0000000000
9	 10	 47	
0.9774538410	0.1267465570	-0.1688765790	0.6792340890
-0.1345740780	0.9902604560	-0.0356937938	0.0877264984
0.1627077330	0.0576154459	0.9849906870	-0.1373930230
0.0000000000	0.0000000000	0.0000000000	1.0000000000
9	 11	 47	
0.9179863990	0.2382384090	-0.3170858440	1.3607432000
-0.2609181720	0.9648813340	-0.0304256376	0.1386630100
0.2987016560	0.1106637800	0.9479086710	-0.2112017820
0.0000000000	0.0000000000	0.0000000000	1.0000000000
9	 12	 47	
0.8794796770	0.2357474510	-0.4134472600	2.1920009900
-0.2630477400	0.9647364440	-0.0094594486	-0.0057982763
0.3966375980	0.1170757600	0.9104789300	-0.2442740990
0.0000000000	0.0000000000	0.0000000000	1.0000000000
9	 13	 47	
0.9241732910	0.2010037230	-0.3248095310	1.7416712900
-0.1953333810	0.9794442420	0.0503373332	-0.4803000330
0.3282508160	0.0169257249	0.9444389450	-0.0976160816
0.0000000000	0.0000000000	0.0000000000	1.0000000000
9	 15	 47	
0.8565731960	0.2659445400	-0.4422169840	0.4484778750
-0.2408771100	0.9639403270	0.1131249890	0.1147724290
0.4563557580	0.0096201156	0.8897453990	-0.1455271790
0.0000000000	0.0000000000	0.0000000000	1.0000000000
9	 25	 47	
0.9250052490	0.2949186990	-0.2395584500	0.0448045814
-0.3417336940	0.9213562330	-0.1852586670	0.5890407180
0.1660824260	0.2532304330	0.9530430080	-0.1732533080
0.0000000000	0.0000000000	0.0000000000	1.0000000000
9	 31	 47	
0.7131016640	0.1447539030	-0.6859535870	0.3101690400
-0.4385186500	0.8555051810	-0.2753402980	1.5037001600
0.5469802650	0.4971490660	0.6735394540	-0.9378997540
0.0000000000	0.0000000000	0.0000000000	1.0000000000
9	 32	 47	
0.9921458260	0.0113712977	-0.1245686680	0.0059992158
-0.0614926679	0.9115540920	-0.4065560100	0.9676584470
0.1089280100	0.4110229090	0.9050938390	-0.7151343990
0.0000000000	0.0000000000	0.0000000000	1.0000000000
9	 41	 47	
-0.2039950630	-0.0533739249	-0.9775158510	3.7547032300
-0.7667874370	-0.6120610030	0.1934382440	3.2211684400
-0.6086238910	0.7890073210	0.0839309680	1.8747487100
0.0000000000	0.0000000000	0.0000000000	1.0000000000
10	 11	 47	
0.9820675340	0.1098625950	-0.1532108610	0.7236955710
-0.1158075270	0.9928061660	-0.0304061349	0.1536073850
0.1487681910	0.0476038489	0.9877256190	-0.2013929640
0.0000000000	0.0000000000	0.0000000000	1.0000000000
10	 12	 47	
0.9424228150	0.1706109170	-0.2876302360	1.4267675500
-0.1798740700	0.9836720510	-0.0058833740	0.1480831630
0.2819300560	0.0572818471	0.9577234640	-0.3795629940
0.0000000000	0.0000000000	0.0000000000	1.0000000000
10	 13	 47	
0.9827251680	0.1348018780	-0.1268057520	1.4433346800
-0.1252984260	0.9888733400	0.0801861645	-0.4183355020
0.1362040730	-0.0629124009	0.9886811820	-0.0279913803
0.0000000000	0.0000000000	0.0000000000	1.0000000000
10	 23	 47	
-0.2139348430	-0.6992761290	0.6820885410	0.8735635540
0.8826498660	-0.4375387410	-0.1717238010	1.5271258700
0.4185225170	0.5653076550	0.7108207640	-0.6700073020
0.0000000000	0.0000000000	0.0000000000	1.0000000000
10	 27	 47	
0.9965369990	0.0823474901	0.0115282240	-0.3787455020
-0.0699007476	0.9047367770	-0.4201966800	0.6774313070
-0.0450321502	0.4179357070	0.9073598240	0.4955005960
0.0000000000	0.0000000000	0.0000000000	1.0000000000
10	 28	 47	
0.9164198000	0.2058670490	-0.3432105880	0.7703799500
-0.3379578040	0.8574211130	-0.3880896260	0.9007192910
0.2143811390	0.4716437140	0.8553320610	-0.0252422613
0.0000000000	0.0000000000	0.0000000000	1.0000000000
10	 32	 47	
0.9914829260	-0.0496789192	0.1203894230	-0.9400499820
0.0922477040	0.9204131380	-0.3799079050	0.7315211600
-0.0919345926	0.3877778490	0.9171566770	-0.4430828620
0.0000000000	0.0000000000	0.0000000000	1.0000000000
10	 33	 47	
0.5787341200	-0.4129472490	0.7032363670	0.2856075800
0.4260985800	0.8883691680	0.1709977230	-0.0199437146
-0.6953465460	0.2006858010	0.6900857850	0.9190234450
0.0000000000	0.0000000000	0.0000000000	1.0000000000
11	 12	 47	
0.9860835420	0.0926271480	-0.1380560050	0.6133320080
-0.0941686509	0.9955453430	-0.0046621009	0.1338629340
0.1370091750	0.0175977686	0.9904134510	-0.3008411460
0.0000000000	0.0000000000	0.0000000000	1.0000000000
11	 13	 47	
0.9993934150	0.0207749850	0.0279499790	0.7483229500
-0.0227446013	0.9971378130	0.0721031559	-0.3856203640
-0.0263720389	-0.0726951303	0.9970054830	0.0029277658
0.0000000000	0.0000000000	0.0000000000	1.0000000000
11	 14	 47	
0.6387563420	-0.4741721480	0.6059299540	1.5999167400
0.3794920040	0.8792302640	0.2879929890	-1.0143029200
-0.6693102080	0.0459882246	0.7415584460	1.2211483900
0.0000000000	0.0000000000	0.0000000000	1.0000000000
11	 15	 47	
0.9464779130	-0.2517022650	-0.2020532860	1.1562697600
0.2687385180	0.9612545020	0.0613953676	-0.6693067200
0.1787712780	-0.1124088600	0.9774482490	0.2435152040
0.0000000000	0.0000000000	0.0000000000	1.0000000000
11	 25	 47	
-0.9449031130	0.3108838170	0.1025151640	2.6480077600
-0.2064704170	-0.8090197370	0.5503244790	2.0426988300
0.2540237660	0.4988369650	0.8286335790	-0.7377154330
0.0000000000	0.0000000000	0.0000000000	1.0000000000
11	 26	 47	
-0.9480755590	0.1448049890	-0.2831682360	3.6110273100
-0.3002931580	-0.7008570290	0.6470111620	2.0232636400
-0.1047700050	0.6984489530	0.7079493670	0.1487230880
0.0000000000	0.0000000000	0.0000000000	1.0000000000
11	 29	 47	
0.9516952340	0.1276909440	-0.2792332420	0.3954171840
-0.2276443630	0.9037106980	-0.3626086290	0.6684701120
0.2060442300	0.4086587780	0.8891252880	-0.1881718160
0.0000000000	0.0000000000	0.0000000000	1.0000000000
11	 33	 47	
0.5012391610	-0.3530292380	0.7900187730	-0.4780245780
0.4236337910	0.8962083340	0.1317005400	0.2447249190
-0.7545155490	0.2686651800	0.5987698280	1.0143742900
0.0000000000	0.0000000000	0.0000000000	1.0000000000
11	 39	 47	
-0.8171180420	-0.1412998650	0.5588850090	1.5419210200
0.4669406580	-0.7307726520	0.4979334830	0.8810602290
0.3380599460	0.6678365660	0.6631061700	-0.5258227550
0.0000000000	0.0000000000	0.0000000000	1.0000000000
11	 41	 47	
0.0719969050	0.4178620120	-0.9056532360	2.9363464400
-0.8449885400	-0.4568669150	-0.2779694010	3.9487681300
-0.5299158540	0.7852795430	0.3201956080	1.2041889800
0.0000000000	0.0000000000	0.0000000000	1.0000000000
12	 13	 47	
0.9758592120	-0.0963807051	0.1959835660	0.1607000840
0.0774812957	0.9917695860	0.1019300560	-0.5383036210
-0.2041946310	-0.0842843231	0.9752951890	0.3664627580
0.0000000000	0.0000000000	0.0000000000	1.0000000000
12	 14	 47	
0.5136746440	-0.5108722710	0.6893097140	1.1718393700
0.3778634400	0.8559980290	0.3528265810	-1.0335914200
-0.7702970730	0.0792268716	0.6327444360	1.4752279900
0.0000000000	0.0000000000	0.0000000000	1.0000000000
12	 29	 47	
0.9435362120	0.3269396960	-0.0533840067	-0.3365362560
-0.3149357280	0.8353122720	-0.4506316640	0.8566752920
-0.1027370630	0.4419998240	0.8911123670	0.2009157850
0.0000000000	0.0000000000	0.0000000000	1.0000000000
12	 38	 47	
-0.4575078940	0.5052822740	-0.7316941640	2.9409462100
-0.8190737150	-0.5597740740	0.1255835810	3.2436972100
-0.3461282660	0.6567669370	0.6699644870	0.5041300630
0.0000000000	0.0000000000	0.0000000000	1.0000000000
13	 14	 47	
0.6651816860	-0.4740792040	0.5768728060	0.7806771860
0.4282720300	0.8751039950	0.2253354510	-0.6808128640
-0.6116505480	0.0971694725	0.7851380140	1.1603067300
0.0000000000	0.0000000000	0.0000000000	1.0000000000
13	 15	 47	
0.1711925080	-0.5553780660	0.8137864140	1.2661644600
0.4697319530	0.7720682670	0.4280916760	-0.4653846610
-0.8660513940	0.3089753930	0.3930511270	1.6996795800
0.0000000000	0.0000000000	0.0000000000	1.0000000000
13	 17	 47	
0.5008950190	-0.3160346450	0.8057457930	0.5564445130
0.4722556590	0.8799523140	0.0515608153	0.5306923550
-0.7253128790	0.3546914550	0.5900128810	1.0385582400
0.0000000000	0.0000000000	0.0000000000	1.0000000000
13	 20	 47	
0.9638348190	-0.1795215390	-0.1969630910	0.7077362290
0.0644231604	0.8741043900	-0.4814469560	1.5196774600
0.2585964020	0.4513463540	0.8540575920	-0.3001995370
0.0000000000	0.0000000000	0.0000000000	1.0000000000
13	 22	 47	
0.1234374830	-0.1443735420	0.9817940050	-0.9844407990
0.8462985220	-0.5013325800	-0.1801234460	2.1644843100
0.5182103810	0.8531248000	0.0602998833	-0.6471535180
0.0000000000	0.0000000000	0.0000000000	1.0000000000
13	 29	 47	
0.9459248810	0.0835402802	-0.3134439990	0.7285526580
-0.2423065860	0.8243987750	-0.5115214350	1.2996501900
0.2156702040	0.5598103980	0.8000616730	-0.1740357320
0.0000000000	0.0000000000	0.0000000000	1.0000000000
13	 36	 47	
-0.9991247750	-0.0135013502	0.0395903672	2.4331781600
0.0321511461	-0.8533318070	0.5203759520	1.8300063400
0.0267579416	0.5211933820	0.8530190330	-0.1496260250
0.0000000000	0.0000000000	0.0000000000	1.0000000000
14	 15	 47	
0.8010420200	-0.3726089690	0.4685021220	0.4331740390
0.3789933140	0.9214980120	0.0848851095	-0.1177473880
-0.4633527270	0.1095626320	0.8793749370	0.6982417800
0.0000000000	0.0000000000	0.0000000000	1.0000000000
14	 16	 47	
0.7529432220	-0.2961594210	0.5876785700	0.4889593940
0.3982191460	0.9160026230	-0.0485871048	0.4954447250
-0.5239255820	0.2706081890	0.8076343180	0.9653422180
0.0000000000	0.0000000000	0.0000000000	1.0000000000
14	 17	 47	
0.9811934910	-0.0640431597	0.1820928550	0.4606648820
0.1106043950	0.9596687060	-0.2584620710	1.1011407800
-0.1581960870	0.2737415710	0.9487041430	0.0630485135
0.0000000000	0.0000000000	0.0000000000	1.0000000000
14	 18	 47	
0.8756110410	-0.1898308500	0.4441503720	1.0679156400
0.2910036110	0.9412425880	-0.1714038740	0.9060690100
-0.3855155020	0.2793324870	0.8794038660	0.1240986240
0.0000000000	0.0000000000	0.0000000000	1.0000000000
14	 19	 47	
-0.4466185970	0.5393963990	0.7138510720	0.4301654240
0.2792695700	-0.6739433000	0.6839655950	1.2987893300
0.8500237270	0.5048286360	0.1503586100	-1.1583112700
0.0000000000	0.0000000000	0.0000000000	1.0000000000
14	 23	 47	
0.9896515080	0.1060041940	-0.0967109280	0.5262726670
-0.1153804980	0.9885596180	-0.0971453637	1.0419334200
0.0853067021	0.1072986110	0.9905603340	-0.3041170490
0.0000000000	0.0000000000	0.0000000000	1.0000000000
14	 24	 47	
0.8760980490	-0.2441468270	0.4157457590	0.5332760460
0.2975631910	0.9522901790	-0.0678200674	0.2480943670
-0.3793525490	0.1831276630	0.9069486770	0.3235754830
0.0000000000	0.0000000000	0.0000000000	1.0000000000
14	 30	 47	
0.9449492440	0.0556167376	-0.3224557410	-0.3882149910
-0.2158752500	0.8465276150	-0.4866095710	1.6151576900
0.2459040520	0.5294315600	0.8119319070	-0.2825165070
0.0000000000	0.0000000000	0.0000000000	1.0000000000
14	 31	 47	
0.9696968300	0.0431142752	0.2404770610	-0.6494018220
0.0597587250	0.9125489170	-0.4045780120	0.8964389300
-0.2368901690	0.4066886190	0.8823193380	0.3707753950
0.0000000000	0.0000000000	0.0000000000	1.0000000000
14	 38	 47	
-0.0434513558	0.9309285380	-0.3626072760	1.5133125500
-0.7612557360	-0.2658997580	-0.5914279530	4.8586628700
-0.6469943460	0.2503385220	0.7202283940	1.0587240700
0.0000000000	0.0000000000	0.0000000000	1.0000000000
14	 39	 47	
-0.7008159240	-0.7031766950	-0.1199982300	4.0126814000
-0.5727391770	0.6549425580	-0.4929706700	2.3048588600
0.4252374340	-0.2767540080	-0.8617310160	3.5011280800
0.0000000000	0.0000000000	0.0000000000	1.0000000000
14	 42	 47	
-0.6663785970	0.7450409750	0.0292148969	1.3984602600
-0.6778614010	-0.6216808540	0.3924497890	2.8126711600
0.3105535150	0.2417164890	0.9193093350	-0.6313840010
0.0000000000	0.0000000000	0.0000000000	1.0000000000
14	 44	 47	
-0.6110098620	0.7764578530	0.1542081430	1.5355500300
-0.7596126320	-0.6299056300	0.1618874540	3.8636447000
0.2228353620	-0.0182236224	0.9746857450	-0.2651868470
0.0000000000	0.0000000000	0.0000000000	1.0000000000
15	 16	 47	
0.9968885090	-0.0320075140	0.0720334643	0.1723401330
0.0448124887	0.9819308950	-0.1838574380	0.5618198260
-0.0648470646	0.1865133660	0.9803099620	0.2990145780
0.0000000000	0.0000000000	0.0000000000	1.0000000000
15	 17	 47	
0.8981506290	0.1667104200	-0.4068575710	0.8294272740
-0.2691150030	0.9401944330	-0.2088337710	1.0355697800
0.3477104570	0.2970556590	0.8893004970	-0.4591950860
0.0000000000	0.0000000000	0.0000000000	1.0000000000
15	 18	 47	
